800 2119 -4 4
0 792 2
0 8 -2
0 7 2
0 1 -2
1 793 2
1 9 -2
1 2 -2
2 794 2
2 10 -2
2 3 -2
3 795 2
3 11 -2
3 4 -2
4 796 -2
4 12 2
4 5 -2
5 797 -2
5 13 2
5 6 -2
6 798 2
6 14 2
6 7 2
7 799 2
7 15 2
8 16 -2
8 15 2
8 9 2
9 17 2
9 10 2
10 18 2
10 11 2
11 19 2
11 12 2
12 20 -2
12 13 -2
13 21 2
13 14 -2
14 22 -2
14 15 2
15 23 -2
16 24 2
16 23 -2
16 17 -2
17 25 2
17 18 -2
18 26 2
18 19 -2
19 27 -2
19 20 -2
20 28 -2
20 21 2
21 29 2
21 22 -2
22 30 -2
22 23 -2
23 31 -2
24 32 2
24 31 -2
24 25 2
25 33 2
25 26 -2
26 34 -2
26 27 2
27 35 2
27 28 2
28 36 2
28 29 -2
29 37 -2
29 30 -2
30 38 2
30 31 -2
31 39 2
32 40 -2
32 39 -2
32 33 -2
33 41 2
33 34 2
34 42 2
34 35 2
35 43 2
35 36 2
36 44 2
36 37 2
37 45 -2
37 38 -2
38 46 -2
38 39 -2
39 47 2
40 48 2
40 47 -2
40 41 -2
41 49 -2
41 42 -2
42 50 -2
42 43 -2
43 51 2
43 44 2
44 52 -2
44 45 2
45 53 -2
45 46 -2
46 54 -2
46 47 -2
47 55 2
48 56 -2
48 55 -2
48 49 -2
49 57 2
49 50 2
50 58 -2
50 51 -2
51 59 -2
51 52 2
52 60 2
52 53 2
53 61 -2
53 54 -2
54 62 2
54 55 2
55 63 -2
56 64 -2
56 63 2
56 57 -2
57 65 -2
57 58 -2
58 66 2
58 59 2
59 67 -2
59 60 -2
60 68 2
60 61 2
61 69 -2
61 62 2
62 70 -2
62 63 -2
63 71 2
64 72 2
64 71 -2
64 65 -2
65 73 -2
65 66 -2
66 74 -2
66 67 -2
67 75 2
67 68 2
68 76 2
68 69 -2
69 77 -2
69 70 2
70 78 2
70 71 -2
71 79 -2
72 80 -2
72 79 2
72 73 -2
73 81 2
73 74 -2
74 82 2
74 75 2
75 83 -2
75 76 -2
76 84 2
76 77 -2
77 85 -2
77 78 -2
78 86 2
78 79 2
79 87 2
80 88 2
80 87 2
80 81 2
81 89 -2
81 82 2
82 90 2
82 83 -2
83 91 -2
83 84 2
84 92 -2
84 85 -2
85 93 -2
85 86 2
86 94 2
86 87 -2
87 95 2
88 96 -2
88 95 2
88 89 2
89 97 -2
89 90 -2
90 98 2
90 91 2
91 99 -2
91 92 -2
92 100 -2
92 93 2
93 101 -2
93 94 -2
94 102 -2
94 95 -2
95 103 -2
96 104 -2
96 103 -2
96 97 -2
97 105 -2
97 98 -2
98 106 -2
98 99 -2
99 107 2
99 100 2
100 108 -2
100 101 2
101 109 2
101 102 -2
102 110 2
102 103 -2
103 111 2
104 112 -2
104 111 -2
104 105 2
105 113 2
105 106 2
106 114 2
106 107 -2
107 115 -2
107 108 -2
108 116 2
108 109 -2
109 117 -2
109 110 -2
110 118 2
110 111 2
111 119 -2
112 120 2
112 119 -2
112 113 2
113 121 -2
113 114 2
114 122 -2
114 115 2
115 123 2
115 116 2
116 124 -2
116 117 -2
117 125 2
117 118 -2
118 126 -2
118 119 2
119 127 2
120 128 2
120 127 -2
120 121 -2
121 129 2
121 122 2
122 130 2
122 123 2
123 131 2
123 124 2
124 132 -2
124 125 2
125 133 2
125 126 -2
126 134 -2
126 127 -2
127 135 2
128 136 -2
128 135 2
128 129 -2
129 137 2
129 130 2
130 138 2
130 131 2
131 139 2
131 132 2
132 140 2
132 133 -2
133 141 -2
133 134 2
134 142 2
134 135 2
135 143 -2
136 144 -2
136 143 2
136 137 -2
137 145 -2
137 138 -2
138 146 -2
138 139 2
139 147 2
139 140 -2
140 148 -2
140 141 2
141 149 -2
141 142 2
142 150 2
142 143 2
143 151 2
144 152 -2
144 151 -2
144 145 2
145 153 2
145 146 -2
146 154 2
146 147 2
147 155 -2
147 148 2
148 156 2
148 149 -2
149 157 -2
149 150 2
150 158 2
150 151 2
151 159 -2
152 160 -2
152 159 2
152 153 2
153 161 2
153 154 2
154 162 -2
154 155 -2
155 163 -2
155 156 -2
156 164 -2
156 157 -2
157 165 2
157 158 -2
158 166 -2
158 159 -2
159 167 2
160 168 2
160 167 2
160 161 2
161 169 -2
161 162 2
162 170 2
162 163 2
163 171 -2
163 164 -2
164 172 -2
164 165 2
165 173 -2
165 166 -2
166 174 -2
166 167 2
167 175 2
168 176 2
168 175 -2
168 169 2
169 177 -2
169 170 -2
170 178 -2
170 171 2
171 179 -2
171 172 2
172 180 2
172 173 2
173 181 2
173 174 -2
174 182 -2
174 175 2
175 183 -2
176 184 2
176 183 -2
176 177 2
177 185 -2
177 178 -2
178 186 2
178 179 -2
179 187 2
179 180 2
180 188 2
180 181 2
181 189 2
181 182 2
182 190 2
182 183 -2
183 191 -2
184 192 2
184 191 -2
184 185 -2
185 193 2
185 186 2
186 194 2
186 187 2
187 195 2
187 188 2
188 196 -2
188 189 -2
189 197 -2
189 190 2
190 198 2
190 191 -2
191 199 -2
192 200 2
192 199 -2
192 193 2
193 201 2
193 194 -2
194 202 2
194 195 -2
195 203 -2
195 196 -2
196 204 -2
196 197 2
197 205 2
197 198 -2
198 206 -2
198 199 2
199 207 -2
200 208 -2
200 207 2
200 201 -2
201 209 2
201 202 -2
202 210 -2
202 203 -2
203 211 -2
203 204 2
204 212 2
204 205 2
205 213 2
205 206 -2
206 214 -2
206 207 2
207 215 2
208 216 -2
208 215 2
208 209 2
209 217 2
209 210 -2
210 218 2
210 211 2
211 219 2
211 212 2
212 220 -2
212 213 2
213 221 2
213 214 -2
214 222 2
214 215 -2
215 223 -2
216 224 -2
216 223 -2
216 217 -2
217 225 2
217 218 2
218 226 -2
218 219 2
219 227 -2
219 220 2
220 228 -2
220 221 2
221 229 2
221 222 2
222 230 2
222 223 -2
223 231 -2
224 232 -2
224 231 2
224 225 -2
225 233 2
225 226 2
226 234 -2
226 227 2
227 235 2
227 228 -2
228 236 -2
228 229 -2
229 237 -2
229 230 -2
230 238 -2
230 231 2
231 239 2
232 240 2
232 239 2
232 233 -2
233 241 2
233 234 -2
234 242 2
234 235 -2
235 243 -2
235 236 -2
236 244 -2
236 237 2
237 245 2
237 238 2
238 246 2
238 239 2
239 247 2
240 248 2
240 247 -2
240 241 2
241 249 -2
241 242 -2
242 250 -2
242 243 -2
243 251 -2
243 244 -2
244 252 -2
244 245 -2
245 253 2
245 246 2
246 254 -2
246 247 2
247 255 -2
248 256 2
248 255 -2
248 249 2
249 257 2
249 250 2
250 258 -2
250 251 2
251 259 -2
251 252 -2
252 260 -2
252 253 2
253 261 2
253 254 2
254 262 -2
254 255 -2
255 263 -2
256 264 -2
256 263 -2
256 257 2
257 265 -2
257 258 2
258 266 2
258 259 2
259 267 2
259 260 2
260 268 2
260 261 -2
261 269 -2
261 262 -2
262 270 -2
262 263 2
263 271 -2
264 272 2
264 271 -2
264 265 -2
265 273 -2
265 266 2
266 274 2
266 267 2
267 275 -2
267 268 -2
268 276 -2
268 269 2
269 277 -2
269 270 2
270 278 2
270 271 -2
271 279 -2
272 280 2
272 279 2
272 273 -2
273 281 2
273 274 2
274 282 -2
274 275 2
275 283 -2
275 276 2
276 284 -2
276 277 -2
277 285 2
277 278 2
278 286 -2
278 279 2
279 287 2
280 288 2
280 287 -2
280 281 -2
281 289 -2
281 282 -2
282 290 2
282 283 -2
283 291 -2
283 284 2
284 292 2
284 285 2
285 293 -2
285 286 2
286 294 2
286 287 2
287 295 2
288 296 2
288 295 2
288 289 2
289 297 -2
289 290 2
290 298 2
290 291 2
291 299 2
291 292 2
292 300 2
292 293 2
293 301 2
293 294 -2
294 302 2
294 295 -2
295 303 -2
296 304 2
296 303 -2
296 297 2
297 305 2
297 298 -2
298 306 2
298 299 2
299 307 2
299 300 -2
300 308 -2
300 301 -2
301 309 2
301 302 2
302 310 -2
302 303 -2
303 311 2
304 312 2
304 311 -2
304 305 -2
305 313 -2
305 306 -2
306 314 -2
306 307 2
307 315 -2
307 308 2
308 316 -2
308 309 -2
309 317 -2
309 310 2
310 318 2
310 311 2
311 319 -2
312 320 2
312 319 -2
312 313 2
313 321 -2
313 314 2
314 322 2
314 315 -2
315 323 -2
315 316 2
316 324 -2
316 317 2
317 325 2
317 318 -2
318 326 2
318 319 -2
319 327 2
320 328 2
320 327 -2
320 321 -2
321 329 -2
321 322 -2
322 330 2
322 323 2
323 331 2
323 324 -2
324 332 2
324 325 2
325 333 2
325 326 -2
326 334 2
326 327 2
327 335 2
328 336 2
328 335 -2
328 329 2
329 337 2
329 330 -2
330 338 2
330 331 2
331 339 -2
331 332 -2
332 340 -2
332 333 -2
333 341 -2
333 334 2
334 342 -2
334 335 -2
335 343 -2
336 344 -2
336 343 -2
336 337 -2
337 345 2
337 338 2
338 346 -2
338 339 -2
339 347 2
339 340 2
340 348 -2
340 341 -2
341 349 -2
341 342 -2
342 350 2
342 343 -2
343 351 2
344 352 -2
344 351 -2
344 345 -2
345 353 -2
345 346 2
346 354 2
346 347 -2
347 355 2
347 348 -2
348 356 -2
348 349 -2
349 357 -2
349 350 -2
350 358 2
350 351 -2
351 359 -2
352 360 2
352 359 2
352 353 2
353 361 2
353 354 -2
354 362 2
354 355 -2
355 363 2
355 356 2
356 364 -2
356 357 2
357 365 2
357 358 2
358 366 -2
358 359 -2
359 367 -2
360 368 2
360 367 2
360 361 -2
361 369 2
361 362 -2
362 370 -2
362 363 2
363 371 -2
363 364 -2
364 372 -2
364 365 -2
365 373 2
365 366 2
366 374 -2
366 367 2
367 375 -2
368 376 2
368 375 2
368 369 -2
369 377 2
369 370 -2
370 378 2
370 371 -2
371 379 -2
371 372 2
372 380 2
372 373 -2
373 381 -2
373 374 -2
374 382 -2
374 375 2
375 383 -2
376 384 -2
376 383 -2
376 377 2
377 385 -2
377 378 2
378 386 -2
378 379 -2
379 387 2
379 380 2
380 388 2
380 381 -2
381 389 -2
381 382 -2
382 390 2
382 383 -2
383 391 2
384 392 -2
384 391 -2
384 385 -2
385 393 -2
385 386 2
386 394 2
386 387 2
387 395 -2
387 388 2
388 396 2
388 389 -2
389 397 -2
389 390 -2
390 398 -2
390 391 2
391 399 2
392 400 -2
392 399 -2
392 393 2
393 401 -2
393 394 2
394 402 2
394 395 2
395 403 -2
395 396 -2
396 404 2
396 397 2
397 405 2
397 398 2
398 406 2
398 399 2
399 407 2
400 408 -2
400 407 2
400 401 2
401 409 -2
401 402 -2
402 410 2
402 403 2
403 411 2
403 404 -2
404 412 -2
404 405 -2
405 413 2
405 406 2
406 414 -2
406 407 2
407 415 2
408 416 2
408 415 2
408 409 2
409 417 -2
409 410 2
410 418 2
410 411 -2
411 419 2
411 412 2
412 420 2
412 413 2
413 421 2
413 414 -2
414 422 2
414 415 2
415 423 2
416 424 -2
416 423 2
416 417 2
417 425 2
417 418 -2
418 426 -2
418 419 2
419 427 2
419 420 -2
420 428 2
420 421 2
421 429 -2
421 422 -2
422 430 2
422 423 2
423 431 2
424 432 2
424 431 2
424 425 2
425 433 -2
425 426 2
426 434 -2
426 427 2
427 435 -2
427 428 2
428 436 2
428 429 2
429 437 2
429 430 -2
430 438 2
430 431 -2
431 439 2
432 440 -2
432 439 -2
432 433 2
433 441 2
433 434 2
434 442 -2
434 435 2
435 443 -2
435 436 2
436 444 -2
436 437 2
437 445 -2
437 438 2
438 446 2
438 439 2
439 447 2
440 448 2
440 447 -2
440 441 -2
441 449 -2
441 442 2
442 450 2
442 443 -2
443 451 -2
443 444 2
444 452 2
444 445 -2
445 453 2
445 446 -2
446 454 -2
446 447 -2
447 455 2
448 456 -2
448 455 2
448 449 2
449 457 2
449 450 -2
450 458 2
450 451 -2
451 459 -2
451 452 -2
452 460 2
452 453 2
453 461 -2
453 454 -2
454 462 -2
454 455 2
455 463 -2
456 464 -2
456 463 -2
456 457 2
457 465 2
457 458 -2
458 466 2
458 459 2
459 467 2
459 460 2
460 468 -2
460 461 2
461 469 2
461 462 2
462 470 -2
462 463 2
463 471 2
464 472 2
464 471 -2
464 465 -2
465 473 -2
465 466 -2
466 474 2
466 467 -2
467 475 2
467 468 -2
468 476 2
468 469 2
469 477 -2
469 470 -2
470 478 -2
470 471 2
471 479 2
472 480 2
472 479 2
472 473 2
473 481 2
473 474 2
474 482 2
474 475 2
475 483 -2
475 476 2
476 484 2
476 477 -2
477 485 2
477 478 2
478 486 -2
478 479 2
479 487 -2
480 488 -2
480 487 2
480 481 2
481 489 2
481 482 2
482 490 -2
482 483 2
483 491 -2
483 484 -2
484 492 2
484 485 -2
485 493 2
485 486 2
486 494 2
486 487 -2
487 495 -2
488 496 -2
488 495 -2
488 489 2
489 497 2
489 490 -2
490 498 2
490 491 -2
491 499 2
491 492 -2
492 500 -2
492 493 2
493 501 -2
493 494 -2
494 502 -2
494 495 -2
495 503 -2
496 504 -2
496 503 -2
496 497 2
497 505 -2
497 498 -2
498 506 2
498 499 2
499 507 -2
499 500 2
500 508 2
500 501 -2
501 509 -2
501 502 2
502 510 -2
502 503 2
503 511 -2
504 512 -2
504 511 -2
504 505 2
505 513 -2
505 506 2
506 514 -2
506 507 2
507 515 -2
507 508 2
508 516 2
508 509 2
509 517 -2
509 510 -2
510 518 -2
510 511 -2
511 519 2
512 520 -2
512 519 -2
512 513 2
513 521 2
513 514 -2
514 522 2
514 515 2
515 523 2
515 516 2
516 524 -2
516 517 -2
517 525 2
517 518 2
518 526 -2
518 519 2
519 527 -2
520 528 -2
520 527 -2
520 521 -2
521 529 -2
521 522 -2
522 530 -2
522 523 -2
523 531 2
523 524 -2
524 532 -2
524 525 -2
525 533 -2
525 526 2
526 534 2
526 527 2
527 535 2
528 536 -2
528 535 2
528 529 2
529 537 -2
529 530 -2
530 538 -2
530 531 -2
531 539 -2
531 532 -2
532 540 2
532 533 -2
533 541 -2
533 534 -2
534 542 -2
534 535 -2
535 543 2
536 544 -2
536 543 2
536 537 -2
537 545 -2
537 538 -2
538 546 -2
538 539 2
539 547 -2
539 540 2
540 548 2
540 541 2
541 549 2
541 542 -2
542 550 2
542 543 -2
543 551 -2
544 552 -2
544 551 -2
544 545 -2
545 553 -2
545 546 -2
546 554 -2
546 547 -2
547 555 2
547 548 -2
548 556 -2
548 549 2
549 557 -2
549 550 2
550 558 -2
550 551 -2
551 559 -2
552 560 2
552 559 -2
552 553 -2
553 561 2
553 554 2
554 562 2
554 555 2
555 563 2
555 556 -2
556 564 -2
556 557 -2
557 565 2
557 558 -2
558 566 2
558 559 -2
559 567 2
560 568 -2
560 567 -2
560 561 2
561 569 -2
561 562 2
562 570 -2
562 563 2
563 571 -2
563 564 2
564 572 -2
564 565 -2
565 573 -2
565 566 -2
566 574 -2
566 567 -2
567 575 2
568 576 2
568 575 2
568 569 -2
569 577 2
569 570 -2
570 578 2
570 571 -2
571 579 2
571 572 2
572 580 -2
572 573 2
573 581 2
573 574 2
574 582 2
574 575 2
575 583 2
576 584 -2
576 583 -2
576 577 -2
577 585 -2
577 578 -2
578 586 -2
578 579 -2
579 587 -2
579 580 2
580 588 -2
580 581 -2
581 589 2
581 582 2
582 590 2
582 583 2
583 591 2
584 592 2
584 591 2
584 585 2
585 593 2
585 586 2
586 594 2
586 587 -2
587 595 2
587 588 -2
588 596 2
588 589 -2
589 597 2
589 590 -2
590 598 -2
590 591 -2
591 599 2
592 600 2
592 599 -2
592 593 2
593 601 -2
593 594 -2
594 602 -2
594 595 -2
595 603 2
595 596 2
596 604 2
596 597 -2
597 605 2
597 598 -2
598 606 2
598 599 2
599 607 2
600 608 -2
600 607 2
600 601 -2
601 609 2
601 602 -2
602 610 2
602 603 -2
603 611 2
603 604 -2
604 612 2
604 605 -2
605 613 2
605 606 2
606 614 2
606 607 2
607 615 -2
608 616 -2
608 615 2
608 609 2
609 617 2
609 610 2
610 618 2
610 611 2
611 619 -2
611 612 -2
612 620 -2
612 613 2
613 621 -2
613 614 2
614 622 -2
614 615 2
615 623 2
616 624 -2
616 623 2
616 617 -2
617 625 2
617 618 2
618 626 2
618 619 2
619 627 2
619 620 -2
620 628 2
620 621 -2
621 629 -2
621 622 -2
622 630 -2
622 623 -2
623 631 2
624 632 2
624 631 2
624 625 -2
625 633 2
625 626 -2
626 634 -2
626 627 -2
627 635 2
627 628 2
628 636 -2
628 629 2
629 637 -2
629 630 -2
630 638 2
630 631 2
631 639 2
632 640 -2
632 639 2
632 633 -2
633 641 2
633 634 -2
634 642 2
634 635 2
635 643 2
635 636 -2
636 644 -2
636 637 -2
637 645 -2
637 638 -2
638 646 2
638 639 2
639 647 -2
640 648 -2
640 647 -2
640 641 -2
641 649 -2
641 642 2
642 650 2
642 643 -2
643 651 2
643 644 2
644 652 2
644 645 2
645 653 -2
645 646 2
646 654 -2
646 647 2
647 655 2
648 656 2
648 655 2
648 649 2
649 657 2
649 650 2
650 658 -2
650 651 2
651 659 -2
651 652 -2
652 660 2
652 653 -2
653 661 2
653 654 2
654 662 -2
654 655 2
655 663 2
656 664 2
656 663 2
656 657 2
657 665 2
657 658 2
658 666 -2
658 659 2
659 667 2
659 660 2
660 668 2
660 661 2
661 669 -2
661 662 -2
662 670 2
662 663 -2
663 671 -2
664 672 2
664 671 -2
664 665 2
665 673 -2
665 666 -2
666 674 2
666 667 -2
667 675 -2
667 668 2
668 676 -2
668 669 2
669 677 2
669 670 -2
670 678 2
670 671 -2
671 679 2
672 680 -2
672 679 2
672 673 -2
673 681 -2
673 674 2
674 682 -2
674 675 2
675 683 -2
675 676 2
676 684 -2
676 677 2
677 685 -2
677 678 2
678 686 -2
678 679 -2
679 687 -2
680 688 2
680 687 -2
680 681 2
681 689 -2
681 682 2
682 690 2
682 683 -2
683 691 2
683 684 -2
684 692 2
684 685 -2
685 693 2
685 686 -2
686 694 -2
686 687 2
687 695 -2
688 696 2
688 695 -2
688 689 2
689 697 2
689 690 -2
690 698 -2
690 691 2
691 699 2
691 692 2
692 700 -2
692 693 -2
693 701 -2
693 694 2
694 702 -2
694 695 2
695 703 -2
696 704 2
696 703 -2
696 697 2
697 705 -2
697 698 -2
698 706 2
698 699 -2
699 707 2
699 700 -2
700 708 2
700 701 2
701 709 2
701 702 2
702 710 -2
702 703 2
703 711 -2
704 712 2
704 711 2
704 705 -2
705 713 -2
705 706 -2
706 714 -2
706 707 2
707 715 2
707 708 2
708 716 2
708 709 -2
709 717 -2
709 710 2
710 718 2
710 711 2
711 719 -2
712 720 -2
712 719 2
712 713 -2
713 721 2
713 714 2
714 722 -2
714 715 2
715 723 -2
715 716 2
716 724 2
716 717 -2
717 725 2
717 718 2
718 726 -2
718 719 -2
719 727 -2
720 728 -2
720 727 2
720 721 -2
721 729 2
721 722 2
722 730 2
722 723 -2
723 731 -2
723 724 2
724 732 2
724 725 2
725 733 2
725 726 2
726 734 2
726 727 2
727 735 2
728 736 2
728 735 -2
728 729 2
729 737 2
729 730 2
730 738 2
730 731 2
731 739 2
731 732 -2
732 740 2
732 733 -2
733 741 -2
733 734 2
734 742 -2
734 735 -2
735 743 2
736 744 2
736 743 -2
736 737 2
737 745 2
737 738 -2
738 746 2
738 739 2
739 747 2
739 740 -2
740 748 2
740 741 -2
741 749 2
741 742 -2
742 750 -2
742 743 2
743 751 2
744 752 2
744 751 -2
744 745 2
745 753 -2
745 746 -2
746 754 2
746 747 -2
747 755 2
747 748 -2
748 756 2
748 749 -2
749 757 -2
749 750 2
750 758 -2
750 751 2
751 759 2
752 760 2
752 759 2
752 753 2
753 761 -2
753 754 -2
754 762 2
754 755 2
755 763 -2
755 756 -2
756 764 -2
756 757 -2
757 765 2
757 758 -2
758 766 2
758 759 -2
759 767 2
760 768 2
760 767 2
760 761 2
761 769 2
761 762 -2
762 770 -2
762 763 2
763 771 -2
763 764 -2
764 772 -2
764 765 -2
765 773 -2
765 766 2
766 774 -2
766 767 -2
767 775 -2
768 776 -2
768 775 2
768 769 2
769 777 2
769 770 -2
770 778 2
770 771 2
771 779 -2
771 772 -2
772 780 -2
772 773 2
773 781 -2
773 774 2
774 782 2
774 775 2
775 783 2
776 784 2
776 783 2
776 777 2
777 785 -2
777 778 -2
778 786 2
778 779 2
779 787 -2
779 780 2
780 788 2
780 781 -2
781 789 2
781 782 -2
782 790 -2
782 783 -2
783 791 2
784 792 -2
784 791 2
784 785 2
785 793 -2
785 786 -2
786 794 2
786 787 -2
787 795 2
787 788 -2
788 796 2
788 789 2
789 797 2
789 790 -2
790 798 -2
790 791 -2
791 799 2
792 799 -2
792 793 -2
793 794 -2
794 795 -2
795 796 -2
796 797 -2
797 798 -2
798 799 -2
1 1 2
2 2 2
3 3 2
4 4 2
5 5 2
6 6 -2
7 7 -4
9 9 -2
10 10 -2
11 11 -2
15 15 -2
16 16 2
19 19 2
20 20 2
21 21 -2
22 22 4
23 23 4
24 24 -2
25 25 -2
27 27 -2
29 29 2
30 30 2
31 31 2
32 32 2
33 33 -2
34 34 -2
35 35 -4
36 36 -4
37 37 2
38 38 2
40 40 2
41 41 2
42 42 2
43 43 -2
44 44 -2
45 45 2
46 46 4
48 48 2
50 50 2
52 52 -2
53 53 2
56 56 2
57 57 2
59 59 2
60 60 -2
64 64 2
65 65 4
66 66 2
68 68 -2
69 69 2
71 71 2
73 73 2
77 77 4
78 78 -2
79 79 -2
80 80 -2
81 81 -2
82 82 -2
83 83 2
85 85 2
86 86 -2
87 87 -2
88 88 -2
89 89 2
90 90 -2
91 91 2
92 92 2
93 93 2
94 94 2
96 96 4
97 97 4
98 98 2
102 102 2
103 103 2
104 104 2
105 105 -2
107 107 2
108 108 2
109 109 2
110 110 -2
113 113 -2
114 114 -2
115 115 -2
117 117 2
122 122 -2
123 123 -4
125 125 -2
126 126 4
129 129 -2
130 130 -4
131 131 -4
134 134 -2
135 135 -2
136 136 2
137 137 2
139 139 -2
142 142 -4
143 143 -2
144 144 2
147 147 -2
149 149 2
150 150 -4
153 153 -4
155 155 4
156 156 2
157 157 2
158 158 2
160 160 -2
161 161 -2
162 162 -2
163 163 2
164 164 2
166 166 2
167 167 -4
168 168 -2
169 169 2
172 172 -2
174 174 2
176 176 -2
177 177 2
178 178 2
180 180 -4
181 181 -4
183 183 4
186 186 -4
187 187 -4
190 190 -2
191 191 4
192 192 -2
193 193 -2
195 195 2
196 196 2
199 199 2
202 202 2
203 203 2
204 204 -2
205 205 -2
206 206 2
207 207 -2
209 209 -2
211 211 -2
212 212 -2
213 213 -2
214 214 2
216 216 4
217 217 -2
218 218 -2
219 219 -2
221 221 -4
222 222 -2
223 223 4
224 224 2
225 225 -2
228 228 4
229 229 2
231 231 -2
234 234 2
235 235 2
236 236 2
237 237 -2
238 238 -2
239 239 -4
240 240 -2
242 242 2
243 243 4
244 244 4
245 245 -2
246 246 -2
248 248 -2
249 249 -2
251 251 2
252 252 2
253 253 -4
254 254 2
255 255 4
257 257 -2
258 258 -2
259 259 -2
261 261 2
262 262 2
263 263 2
264 264 2
265 265 2
266 266 -4
271 271 4
272 272 -2
274 274 -2
276 276 2
278 278 -2
279 279 -2
281 281 2
282 282 2
283 283 2
284 284 -2
285 285 -2
286 286 -2
287 287 -2
288 288 -4
290 290 -4
291 291 -2
292 292 -4
296 296 -2
298 298 -2
299 299 -2
300 300 2
301 301 -2
303 303 2
305 305 2
307 307 -2
308 308 2
310 310 -2
312 312 -2
315 315 2
319 319 2
321 321 4
322 322 -2
325 325 -2
326 326 -2
327 327 -2
328 328 -2
330 330 -2
332 332 2
335 335 2
336 336 2
337 337 -2
340 340 2
341 341 4
342 342 2
343 343 2
344 344 4
348 348 4
349 349 4
351 351 2
352 352 -2
355 355 -2
357 357 -2
359 359 2
360 360 -2
364 364 4
365 365 -2
368 368 -2
370 370 2
371 371 2
373 373 2
374 374 2
377 377 -2
380 380 -2
381 381 4
382 382 2
383 383 2
384 384 4
385 385 2
386 386 -2
387 387 -2
388 388 -2
389 389 4
391 391 -2
392 392 2
394 394 -4
395 395 2
396 396 -2
397 397 -2
398 398 -2
399 399 -2
401 401 2
402 402 -2
404 404 2
405 405 -2
406 406 -2
407 407 -4
408 408 -2
410 410 -2
411 411 -2
412 412 -2
413 413 -2
415 415 -4
416 416 -2
419 419 -2
420 420 -2
422 422 -2
423 423 -4
424 424 -2
425 425 -2
427 427 -2
428 428 -4
431 431 -2
433 433 -2
436 436 -2
437 437 -2
438 438 -4
439 439 -2
440 440 2
443 443 2
445 445 2
446 446 2
448 448 -2
451 451 4
452 452 -2
454 454 2
455 455 -2
456 456 2
457 457 -2
458 458 -2
459 459 -2
460 460 -2
461 461 -2
464 464 2
465 465 2
470 470 2
471 471 -2
472 472 -4
473 473 -2
474 474 -4
475 475 -2
476 476 -2
479 479 -2
480 480 -2
481 481 -4
482 482 -2
483 483 2
485 485 -2
487 487 2
488 488 2
489 489 -2
490 490 2
491 491 2
494 494 2
495 495 4
496 496 2
498 498 -2
499 499 -2
501 501 2
503 503 2
504 504 2
506 506 -2
508 508 -4
509 509 2
510 510 4
511 511 2
512 512 2
515 515 -2
520 520 4
521 521 2
522 522 2
524 524 4
526 526 -2
529 529 2
530 530 4
531 531 2
532 532 2
533 533 4
534 534 2
535 535 -2
536 536 2
537 537 4
538 538 2
540 540 -4
542 542 2
544 544 4
545 545 4
546 546 4
547 547 2
549 549 -2
551 551 4
552 552 2
554 554 -2
555 555 -2
556 556 4
557 557 2
558 558 2
559 559 2
561 561 -2
562 562 -2
563 563 -2
564 564 2
565 565 2
566 566 2
569 569 2
570 570 2
573 573 -2
574 574 -2
575 575 -4
576 576 2
577 577 2
578 578 2
580 580 2
581 581 -2
582 582 -4
583 583 -2
584 584 -2
585 585 -2
587 587 2
588 588 2
590 590 2
591 591 -2
592 592 -2
594 594 2
595 595 -2
596 596 -2
599 599 -2
601 601 2
602 602 2
605 605 -2
606 606 -4
607 607 -2
609 609 -4
610 610 -4
613 613 -2
614 614 -2
615 615 -2
616 616 2
617 617 -2
618 618 -4
620 620 2
621 621 4
622 622 4
623 623 -2
626 626 2
627 627 -2
628 628 -2
629 629 2
631 631 -4
635 635 -2
636 636 4
637 637 4
638 638 -2
639 639 -2
640 640 4
642 642 -2
643 643 -2
644 644 -2
646 646 -2
648 648 -2
649 649 -2
650 650 -2
655 655 -4
656 656 -4
657 657 -4
659 659 -2
660 660 -4
662 662 2
664 664 -2
666 666 2
668 668 -2
671 671 2
673 673 2
674 674 -2
677 677 -2
683 683 2
684 684 2
685 685 2
686 686 2
687 687 2
688 688 -2
691 691 -4
695 695 2
696 696 -2
698 698 2
701 701 -2
703 703 2
704 704 -2
705 705 4
707 707 -4
708 708 -2
710 710 -2
715 715 -2
716 716 -2
719 719 2
720 720 2
721 721 -2
723 723 2
724 724 -4
725 725 -4
726 726 -2
727 727 -2
729 729 -4
730 730 -4
736 736 -2
737 737 -2
738 738 -2
739 739 -2
741 741 2
742 742 2
743 743 -2
744 744 -2
751 751 -2
752 752 -4
753 753 2
754 754 -2
756 756 2
757 757 2
758 758 2
759 759 -2
760 760 -4
763 763 2
764 764 4
768 768 -2
769 769 -2
771 771 2
772 772 2
774 774 -2
775 775 -2
776 776 -2
778 778 -2
781 781 2
782 782 2
783 783 -2
784 784 -2
785 785 2
787 787 2
788 788 -2
789 789 -2
790 790 4
791 791 -2
792 792 2
793 793 2
796 796 2
797 797 2
798 798 2