800 2098 -4 4
0 784 2
0 16 2
0 15 -2
0 1 -2
1 785 -2
1 17 -2
1 2 2
2 786 2
2 18 2
2 3 2
3 787 -2
3 19 -2
3 4 2
4 788 2
4 20 2
4 5 2
5 789 -2
5 21 2
5 6 2
6 790 -2
6 22 -2
6 7 2
7 791 -2
7 23 2
7 8 -2
8 792 2
8 24 2
8 9 -2
9 793 -2
9 25 2
9 10 -2
10 794 -2
10 26 2
10 11 2
11 795 -2
11 27 -2
11 12 -2
12 796 2
12 28 -2
12 13 -2
13 797 -2
13 29 -2
13 14 -2
14 798 2
14 30 -2
14 15 2
15 799 2
15 31 2
16 32 2
16 31 -2
16 17 -2
17 33 2
17 18 -2
18 34 2
18 19 2
19 35 2
19 20 2
20 36 2
20 21 2
21 37 2
21 22 -2
22 38 -2
22 23 -2
23 39 2
23 24 -2
24 40 -2
24 25 -2
25 41 2
25 26 2
26 42 -2
26 27 -2
27 43 2
27 28 2
28 44 2
28 29 -2
29 45 2
29 30 2
30 46 -2
30 31 -2
31 47 -2
32 48 -2
32 47 2
32 33 2
33 49 2
33 34 -2
34 50 2
34 35 2
35 51 -2
35 36 2
36 52 -2
36 37 -2
37 53 -2
37 38 -2
38 54 2
38 39 2
39 55 2
39 40 -2
40 56 -2
40 41 -2
41 57 2
41 42 -2
42 58 -2
42 43 2
43 59 -2
43 44 2
44 60 -2
44 45 2
45 61 2
45 46 2
46 62 2
46 47 -2
47 63 2
48 64 -2
48 63 -2
48 49 -2
49 65 2
49 50 -2
50 66 -2
50 51 -2
51 67 -2
51 52 2
52 68 2
52 53 2
53 69 2
53 54 2
54 70 -2
54 55 -2
55 71 2
55 56 2
56 72 2
56 57 2
57 73 2
57 58 -2
58 74 -2
58 59 2
59 75 -2
59 60 2
60 76 2
60 61 2
61 77 2
61 62 -2
62 78 -2
62 63 2
63 79 -2
64 80 2
64 79 2
64 65 -2
65 81 -2
65 66 2
66 82 -2
66 67 2
67 83 -2
67 68 -2
68 84 2
68 69 -2
69 85 -2
69 70 -2
70 86 -2
70 71 2
71 87 -2
71 72 -2
72 88 -2
72 73 -2
73 89 2
73 74 2
74 90 2
74 75 -2
75 91 -2
75 76 -2
76 92 -2
76 77 2
77 93 2
77 78 -2
78 94 -2
78 79 -2
79 95 -2
80 96 -2
80 95 -2
80 81 2
81 97 -2
81 82 -2
82 98 2
82 83 -2
83 99 -2
83 84 2
84 100 -2
84 85 -2
85 101 -2
85 86 -2
86 102 2
86 87 2
87 103 -2
87 88 -2
88 104 -2
88 89 -2
89 105 2
89 90 -2
90 106 -2
90 91 -2
91 107 2
91 92 2
92 108 2
92 93 -2
93 109 2
93 94 -2
94 110 2
94 95 2
95 111 2
96 112 -2
96 111 2
96 97 2
97 113 -2
97 98 -2
98 114 -2
98 99 2
99 115 2
99 100 2
100 116 2
100 101 2
101 117 -2
101 102 -2
102 118 -2
102 103 -2
103 119 2
103 104 2
104 120 -2
104 105 2
105 121 2
105 106 -2
106 122 -2
106 107 2
107 123 2
107 108 -2
108 124 -2
108 109 2
109 125 -2
109 110 -2
110 126 2
110 111 2
111 127 2
112 128 -2
112 127 2
112 113 -2
113 129 2
113 114 2
114 130 -2
114 115 -2
115 131 2
115 116 2
116 132 2
116 117 -2
117 133 2
117 118 -2
118 134 -2
118 119 2
119 135 2
119 120 -2
120 136 2
120 121 2
121 137 -2
121 122 2
122 138 2
122 123 2
123 139 -2
123 124 -2
124 140 2
124 125 -2
125 141 2
125 126 -2
126 142 2
126 127 -2
127 143 2
128 144 2
128 143 2
128 129 -2
129 145 -2
129 130 -2
130 146 2
130 131 2
131 147 -2
131 132 -2
132 148 2
132 133 -2
133 149 -2
133 134 -2
134 150 2
134 135 2
135 151 -2
135 136 -2
136 152 2
136 137 -2
137 153 2
137 138 2
138 154 2
138 139 2
139 155 -2
139 140 2
140 156 -2
140 141 -2
141 157 -2
141 142 -2
142 158 2
142 143 -2
143 159 2
144 160 -2
144 159 -2
144 145 2
145 161 -2
145 146 -2
146 162 -2
146 147 -2
147 163 -2
147 148 -2
148 164 -2
148 149 -2
149 165 2
149 150 -2
150 166 -2
150 151 -2
151 167 -2
151 152 -2
152 168 -2
152 153 2
153 169 2
153 154 -2
154 170 2
154 155 2
155 171 -2
155 156 2
156 172 -2
156 157 -2
157 173 2
157 158 -2
158 174 -2
158 159 -2
159 175 2
160 176 2
160 175 2
160 161 -2
161 177 2
161 162 -2
162 178 2
162 163 -2
163 179 2
163 164 2
164 180 -2
164 165 -2
165 181 -2
165 166 -2
166 182 2
166 167 -2
167 183 -2
167 168 -2
168 184 -2
168 169 -2
169 185 2
169 170 2
170 186 2
170 171 -2
171 187 2
171 172 -2
172 188 2
172 173 -2
173 189 2
173 174 2
174 190 -2
174 175 -2
175 191 2
176 192 -2
176 191 -2
176 177 2
177 193 2
177 178 2
178 194 -2
178 179 -2
179 195 2
179 180 -2
180 196 -2
180 181 -2
181 197 2
181 182 -2
182 198 2
182 183 2
183 199 2
183 184 -2
184 200 -2
184 185 2
185 201 -2
185 186 -2
186 202 2
186 187 2
187 203 2
187 188 -2
188 204 2
188 189 -2
189 205 2
189 190 2
190 206 2
190 191 2
191 207 -2
192 208 -2
192 207 -2
192 193 2
193 209 -2
193 194 2
194 210 2
194 195 -2
195 211 -2
195 196 -2
196 212 -2
196 197 -2
197 213 -2
197 198 -2
198 214 2
198 199 -2
199 215 -2
199 200 2
200 216 2
200 201 2
201 217 2
201 202 -2
202 218 2
202 203 -2
203 219 2
203 204 -2
204 220 -2
204 205 2
205 221 -2
205 206 -2
206 222 2
206 207 -2
207 223 -2
208 224 -2
208 223 -2
208 209 2
209 225 2
209 210 2
210 226 2
210 211 2
211 227 -2
211 212 2
212 228 -2
212 213 -2
213 229 -2
213 214 2
214 230 -2
214 215 2
215 231 2
215 216 2
216 232 2
216 217 -2
217 233 -2
217 218 2
218 234 -2
218 219 2
219 235 2
219 220 -2
220 236 2
220 221 2
221 237 -2
221 222 2
222 238 -2
222 223 -2
223 239 -2
224 240 2
224 239 2
224 225 -2
225 241 -2
225 226 -2
226 242 2
226 227 -2
227 243 2
227 228 -2
228 244 2
228 229 2
229 245 2
229 230 -2
230 246 2
230 231 2
231 247 2
231 232 -2
232 248 -2
232 233 2
233 249 2
233 234 -2
234 250 -2
234 235 -2
235 251 -2
235 236 2
236 252 2
236 237 -2
237 253 -2
237 238 2
238 254 2
238 239 -2
239 255 -2
240 256 2
240 255 -2
240 241 2
241 257 -2
241 242 -2
242 258 2
242 243 2
243 259 2
243 244 -2
244 260 2
244 245 -2
245 261 2
245 246 -2
246 262 2
246 247 2
247 263 2
247 248 2
248 264 -2
248 249 -2
249 265 2
249 250 2
250 266 2
250 251 -2
251 267 2
251 252 2
252 268 -2
252 253 2
253 269 2
253 254 -2
254 270 -2
254 255 -2
255 271 -2
256 272 2
256 271 2
256 257 -2
257 273 -2
257 258 -2
258 274 -2
258 259 -2
259 275 2
259 260 -2
260 276 2
260 261 -2
261 277 -2
261 262 2
262 278 2
262 263 -2
263 279 -2
263 264 -2
264 280 -2
264 265 2
265 281 2
265 266 2
266 282 2
266 267 -2
267 283 -2
267 268 -2
268 284 -2
268 269 2
269 285 -2
269 270 2
270 286 2
270 271 -2
271 287 2
272 288 2
272 287 -2
272 273 2
273 289 2
273 274 -2
274 290 -2
274 275 -2
275 291 -2
275 276 2
276 292 2
276 277 2
277 293 2
277 278 2
278 294 2
278 279 -2
279 295 2
279 280 -2
280 296 2
280 281 2
281 297 -2
281 282 -2
282 298 -2
282 283 2
283 299 2
283 284 -2
284 300 -2
284 285 -2
285 301 2
285 286 2
286 302 2
286 287 2
287 303 2
288 304 2
288 303 2
288 289 -2
289 305 -2
289 290 -2
290 306 2
290 291 2
291 307 -2
291 292 -2
292 308 -2
292 293 -2
293 309 -2
293 294 2
294 310 2
294 295 -2
295 311 2
295 296 -2
296 312 2
296 297 2
297 313 -2
297 298 2
298 314 2
298 299 -2
299 315 2
299 300 2
300 316 2
300 301 2
301 317 -2
301 302 2
302 318 -2
302 303 -2
303 319 -2
304 320 2
304 319 -2
304 305 2
305 321 2
305 306 -2
306 322 2
306 307 -2
307 323 2
307 308 -2
308 324 -2
308 309 2
309 325 2
309 310 -2
310 326 2
310 311 2
311 327 -2
311 312 2
312 328 -2
312 313 -2
313 329 -2
313 314 2
314 330 -2
314 315 -2
315 331 2
315 316 -2
316 332 2
316 317 -2
317 333 -2
317 318 2
318 334 2
318 319 2
319 335 2
320 336 2
320 335 2
320 321 2
321 337 -2
321 322 2
322 338 2
322 323 -2
323 339 2
323 324 2
324 340 -2
324 325 -2
325 341 -2
325 326 -2
326 342 -2
326 327 2
327 343 2
327 328 -2
328 344 2
328 329 2
329 345 2
329 330 -2
330 346 2
330 331 -2
331 347 -2
331 332 -2
332 348 2
332 333 -2
333 349 2
333 334 -2
334 350 2
334 335 2
335 351 2
336 352 -2
336 351 2
336 337 -2
337 353 2
337 338 2
338 354 -2
338 339 -2
339 355 -2
339 340 2
340 356 -2
340 341 2
341 357 -2
341 342 -2
342 358 2
342 343 -2
343 359 2
343 344 -2
344 360 -2
344 345 2
345 361 2
345 346 2
346 362 2
346 347 -2
347 363 2
347 348 -2
348 364 -2
348 349 -2
349 365 2
349 350 2
350 366 2
350 351 2
351 367 -2
352 368 2
352 367 -2
352 353 -2
353 369 -2
353 354 -2
354 370 -2
354 355 -2
355 371 2
355 356 2
356 372 -2
356 357 2
357 373 -2
357 358 2
358 374 2
358 359 2
359 375 2
359 360 -2
360 376 -2
360 361 -2
361 377 -2
361 362 -2
362 378 2
362 363 -2
363 379 2
363 364 2
364 380 -2
364 365 -2
365 381 -2
365 366 -2
366 382 2
366 367 2
367 383 2
368 384 -2
368 383 2
368 369 -2
369 385 -2
369 370 -2
370 386 2
370 371 2
371 387 2
371 372 2
372 388 -2
372 373 2
373 389 -2
373 374 2
374 390 -2
374 375 2
375 391 2
375 376 -2
376 392 2
376 377 -2
377 393 2
377 378 2
378 394 2
378 379 -2
379 395 -2
379 380 -2
380 396 2
380 381 2
381 397 2
381 382 -2
382 398 2
382 383 2
383 399 2
384 400 2
384 399 2
384 385 -2
385 401 2
385 386 -2
386 402 2
386 387 2
387 403 2
387 388 2
388 404 2
388 389 2
389 405 -2
389 390 -2
390 406 -2
390 391 -2
391 407 2
391 392 -2
392 408 2
392 393 2
393 409 2
393 394 -2
394 410 2
394 395 -2
395 411 -2
395 396 2
396 412 -2
396 397 -2
397 413 -2
397 398 2
398 414 -2
398 399 -2
399 415 2
400 416 2
400 415 2
400 401 2
401 417 -2
401 402 2
402 418 -2
402 403 2
403 419 -2
403 404 2
404 420 2
404 405 2
405 421 2
405 406 -2
406 422 -2
406 407 -2
407 423 2
407 408 -2
408 424 2
408 409 2
409 425 2
409 410 -2
410 426 2
410 411 2
411 427 2
411 412 -2
412 428 2
412 413 2
413 429 -2
413 414 -2
414 430 -2
414 415 2
415 431 2
416 432 -2
416 431 2
416 417 -2
417 433 -2
417 418 2
418 434 -2
418 419 -2
419 435 2
419 420 2
420 436 -2
420 421 -2
421 437 2
421 422 2
422 438 -2
422 423 -2
423 439 -2
423 424 2
424 440 2
424 425 -2
425 441 -2
425 426 2
426 442 2
426 427 -2
427 443 -2
427 428 2
428 444 -2
428 429 -2
429 445 -2
429 430 2
430 446 -2
430 431 2
431 447 2
432 448 2
432 447 2
432 433 2
433 449 -2
433 434 2
434 450 -2
434 435 2
435 451 -2
435 436 -2
436 452 -2
436 437 -2
437 453 2
437 438 2
438 454 -2
438 439 2
439 455 -2
439 440 2
440 456 -2
440 441 -2
441 457 -2
441 442 -2
442 458 -2
442 443 2
443 459 -2
443 444 -2
444 460 -2
444 445 -2
445 461 -2
445 446 2
446 462 -2
446 447 -2
447 463 -2
448 464 2
448 463 2
448 449 2
449 465 2
449 450 -2
450 466 2
450 451 -2
451 467 -2
451 452 -2
452 468 2
452 453 -2
453 469 -2
453 454 -2
454 470 2
454 455 -2
455 471 -2
455 456 2
456 472 -2
456 457 -2
457 473 2
457 458 2
458 474 -2
458 459 -2
459 475 -2
459 460 2
460 476 2
460 461 2
461 477 2
461 462 2
462 478 -2
462 463 2
463 479 -2
464 480 -2
464 479 2
464 465 2
465 481 2
465 466 -2
466 482 2
466 467 -2
467 483 2
467 468 2
468 484 2
468 469 2
469 485 -2
469 470 -2
470 486 2
470 471 2
471 487 2
471 472 -2
472 488 -2
472 473 2
473 489 -2
473 474 2
474 490 2
474 475 2
475 491 -2
475 476 -2
476 492 2
476 477 -2
477 493 -2
477 478 -2
478 494 -2
478 479 -2
479 495 -2
480 496 2
480 495 2
480 481 2
481 497 -2
481 482 -2
482 498 -2
482 483 2
483 499 2
483 484 -2
484 500 -2
484 485 2
485 501 2
485 486 2
486 502 2
486 487 2
487 503 -2
487 488 -2
488 504 2
488 489 -2
489 505 -2
489 490 2
490 506 -2
490 491 2
491 507 2
491 492 2
492 508 -2
492 493 -2
493 509 -2
493 494 -2
494 510 -2
494 495 2
495 511 2
496 512 2
496 511 2
496 497 -2
497 513 2
497 498 2
498 514 2
498 499 2
499 515 2
499 500 2
500 516 -2
500 501 2
501 517 2
501 502 2
502 518 2
502 503 2
503 519 2
503 504 -2
504 520 2
504 505 2
505 521 -2
505 506 2
506 522 -2
506 507 -2
507 523 -2
507 508 -2
508 524 -2
508 509 -2
509 525 2
509 510 -2
510 526 -2
510 511 -2
511 527 2
512 528 2
512 527 2
512 513 2
513 529 -2
513 514 2
514 530 2
514 515 2
515 531 2
515 516 -2
516 532 2
516 517 -2
517 533 2
517 518 -2
518 534 -2
518 519 -2
519 535 -2
519 520 2
520 536 2
520 521 2
521 537 2
521 522 2
522 538 -2
522 523 -2
523 539 2
523 524 2
524 540 -2
524 525 -2
525 541 2
525 526 -2
526 542 -2
526 527 2
527 543 2
528 544 2
528 543 2
528 529 -2
529 545 -2
529 530 -2
530 546 2
530 531 2
531 547 2
531 532 2
532 548 2
532 533 2
533 549 2
533 534 2
534 550 2
534 535 2
535 551 -2
535 536 -2
536 552 -2
536 537 2
537 553 -2
537 538 2
538 554 2
538 539 -2
539 555 -2
539 540 2
540 556 -2
540 541 2
541 557 -2
541 542 -2
542 558 2
542 543 2
543 559 -2
544 560 -2
544 559 -2
544 545 -2
545 561 2
545 546 -2
546 562 -2
546 547 2
547 563 2
547 548 -2
548 564 2
548 549 -2
549 565 -2
549 550 2
550 566 2
550 551 -2
551 567 -2
551 552 2
552 568 -2
552 553 -2
553 569 2
553 554 2
554 570 -2
554 555 -2
555 571 -2
555 556 2
556 572 -2
556 557 2
557 573 2
557 558 -2
558 574 -2
558 559 2
559 575 -2
560 576 2
560 575 -2
560 561 2
561 577 2
561 562 2
562 578 2
562 563 2
563 579 2
563 564 2
564 580 -2
564 565 2
565 581 2
565 566 2
566 582 2
566 567 2
567 583 2
567 568 -2
568 584 -2
568 569 2
569 585 2
569 570 -2
570 586 -2
570 571 -2
571 587 2
571 572 -2
572 588 2
572 573 -2
573 589 2
573 574 2
574 590 -2
574 575 2
575 591 2
576 592 2
576 591 -2
576 577 2
577 593 -2
577 578 2
578 594 -2
578 579 2
579 595 2
579 580 -2
580 596 2
580 581 2
581 597 2
581 582 2
582 598 2
582 583 -2
583 599 2
583 584 -2
584 600 2
584 585 2
585 601 2
585 586 2
586 602 2
586 587 -2
587 603 2
587 588 -2
588 604 -2
588 589 2
589 605 2
589 590 -2
590 606 -2
590 591 2
591 607 -2
592 608 -2
592 607 2
592 593 -2
593 609 -2
593 594 2
594 610 2
594 595 -2
595 611 -2
595 596 -2
596 612 -2
596 597 2
597 613 -2
597 598 2
598 614 2
598 599 -2
599 615 2
599 600 2
600 616 -2
600 601 -2
601 617 -2
601 602 2
602 618 -2
602 603 -2
603 619 -2
603 604 -2
604 620 2
604 605 -2
605 621 2
605 606 2
606 622 2
606 607 -2
607 623 -2
608 624 2
608 623 2
608 609 -2
609 625 -2
609 610 2
610 626 2
610 611 2
611 627 2
611 612 -2
612 628 -2
612 613 2
613 629 2
613 614 2
614 630 2
614 615 2
615 631 2
615 616 -2
616 632 -2
616 617 -2
617 633 -2
617 618 2
618 634 -2
618 619 2
619 635 -2
619 620 -2
620 636 -2
620 621 2
621 637 2
621 622 -2
622 638 2
622 623 -2
623 639 2
624 640 2
624 639 2
624 625 -2
625 641 2
625 626 2
626 642 2
626 627 -2
627 643 2
627 628 2
628 644 2
628 629 -2
629 645 2
629 630 2
630 646 -2
630 631 -2
631 647 -2
631 632 2
632 648 -2
632 633 -2
633 649 -2
633 634 2
634 650 2
634 635 -2
635 651 -2
635 636 2
636 652 -2
636 637 -2
637 653 -2
637 638 -2
638 654 2
638 639 2
639 655 -2
640 656 2
640 655 2
640 641 -2
641 657 -2
641 642 2
642 658 -2
642 643 -2
643 659 -2
643 644 -2
644 660 -2
644 645 2
645 661 2
645 646 -2
646 662 2
646 647 -2
647 663 2
647 648 -2
648 664 -2
648 649 -2
649 665 2
649 650 2
650 666 -2
650 651 -2
651 667 -2
651 652 2
652 668 -2
652 653 2
653 669 2
653 654 -2
654 670 2
654 655 -2
655 671 2
656 672 -2
656 671 2
656 657 -2
657 673 2
657 658 -2
658 674 2
658 659 2
659 675 -2
659 660 -2
660 676 -2
660 661 -2
661 677 2
661 662 -2
662 678 -2
662 663 -2
663 679 2
663 664 -2
664 680 -2
664 665 -2
665 681 -2
665 666 2
666 682 2
666 667 2
667 683 -2
667 668 2
668 684 2
668 669 2
669 685 -2
669 670 -2
670 686 2
670 671 2
671 687 2
672 688 -2
672 687 -2
672 673 -2
673 689 -2
673 674 2
674 690 -2
674 675 -2
675 691 -2
675 676 -2
676 692 -2
676 677 -2
677 693 -2
677 678 -2
678 694 -2
678 679 2
679 695 2
679 680 -2
680 696 -2
680 681 2
681 697 2
681 682 -2
682 698 2
682 683 -2
683 699 2
683 684 2
684 700 -2
684 685 2
685 701 2
685 686 -2
686 702 2
686 687 2
687 703 2
688 704 -2
688 703 2
688 689 2
689 705 -2
689 690 2
690 706 -2
690 691 2
691 707 -2
691 692 -2
692 708 2
692 693 -2
693 709 2
693 694 2
694 710 2
694 695 2
695 711 2
695 696 -2
696 712 -2
696 697 -2
697 713 2
697 698 2
698 714 -2
698 699 2
699 715 2
699 700 -2
700 716 2
700 701 -2
701 717 -2
701 702 2
702 718 -2
702 703 -2
703 719 -2
704 720 -2
704 719 2
704 705 -2
705 721 -2
705 706 -2
706 722 2
706 707 2
707 723 2
707 708 2
708 724 2
708 709 2
709 725 2
709 710 2
710 726 -2
710 711 -2
711 727 2
711 712 2
712 728 -2
712 713 -2
713 729 -2
713 714 2
714 730 2
714 715 2
715 731 -2
715 716 2
716 732 -2
716 717 -2
717 733 2
717 718 2
718 734 -2
718 719 -2
719 735 2
720 736 2
720 735 -2
720 721 -2
721 737 2
721 722 -2
722 738 -2
722 723 2
723 739 -2
723 724 2
724 740 2
724 725 2
725 741 -2
725 726 -2
726 742 -2
726 727 -2
727 743 -2
727 728 -2
728 744 2
728 729 -2
729 745 -2
729 730 2
730 746 2
730 731 -2
731 747 2
731 732 -2
732 748 -2
732 733 2
733 749 -2
733 734 2
734 750 2
734 735 -2
735 751 -2
736 752 2
736 751 2
736 737 2
737 753 -2
737 738 2
738 754 -2
738 739 -2
739 755 2
739 740 -2
740 756 -2
740 741 2
741 757 2
741 742 2
742 758 -2
742 743 2
743 759 2
743 744 2
744 760 -2
744 745 -2
745 761 2
745 746 -2
746 762 -2
746 747 2
747 763 2
747 748 -2
748 764 -2
748 749 -2
749 765 2
749 750 2
750 766 -2
750 751 2
751 767 -2
752 768 -2
752 767 -2
752 753 2
753 769 -2
753 754 -2
754 770 2
754 755 2
755 771 -2
755 756 2
756 772 -2
756 757 2
757 773 -2
757 758 -2
758 774 -2
758 759 -2
759 775 -2
759 760 -2
760 776 -2
760 761 2
761 777 2
761 762 -2
762 778 -2
762 763 -2
763 779 2
763 764 2
764 780 2
764 765 -2
765 781 2
765 766 -2
766 782 2
766 767 -2
767 783 2
768 784 2
768 783 -2
768 769 -2
769 785 2
769 770 2
770 786 2
770 771 2
771 787 -2
771 772 2
772 788 -2
772 773 -2
773 789 -2
773 774 2
774 790 -2
774 775 -2
775 791 -2
775 776 -2
776 792 -2
776 777 -2
777 793 -2
777 778 -2
778 794 2
778 779 2
779 795 2
779 780 2
780 796 2
780 781 2
781 797 -2
781 782 2
782 798 -2
782 783 -2
783 799 2
784 799 2
784 785 -2
785 786 2
786 787 -2
787 788 2
788 789 2
789 790 2
790 791 -2
791 792 -2
792 793 -2
793 794 -2
794 795 2
795 796 -2
796 797 2
797 798 -2
798 799 2
1 1 2
2 2 -4
4 4 -4
5 5 -2
9 9 2
11 11 2
12 12 2
13 13 4
15 15 -2
17 17 2
18 18 -2
19 19 -2
20 20 -4
21 21 -2
22 22 4
24 24 2
25 25 -2
30 30 2
31 31 2
32 32 -2
33 33 -2
34 34 -2
35 35 -2
37 37 2
39 39 -2
40 40 4
42 42 2
43 43 -2
44 44 -2
45 45 -4
48 48 4
50 50 2
51 51 2
52 52 -2
53 53 -2
55 55 -2
56 56 -2
57 57 -2
58 58 2
60 60 -2
61 61 -2
67 67 2
69 69 2
70 70 2
72 72 2
73 73 -2
75 75 4
77 77 -2
78 78 4
79 79 2
81 81 2
82 82 2
83 83 2
85 85 4
87 87 2
88 88 4
90 90 2
97 97 2
99 99 -2
100 100 -2
101 101 2
102 102 2
105 105 -2
106 106 2
107 107 -2
110 110 -2
111 111 -4
112 112 2
114 114 2
115 115 -2
116 116 -2
117 117 2
118 118 2
119 119 -2
121 121 -2
122 122 -2
124 124 2
125 125 2
127 127 -2
129 129 2
133 133 2
138 138 -4
141 141 2
143 143 -2
145 145 2
146 146 2
147 147 4
148 148 2
149 149 2
150 150 2
151 151 4
153 153 -2
154 154 -2
156 156 2
157 157 2
158 158 2
161 161 2
162 162 2
164 164 2
165 165 2
166 166 2
167 167 4
168 168 4
169 169 -2
170 170 -2
171 171 2
172 172 2
173 173 -2
174 174 2
175 175 -2
177 177 -4
180 180 4
181 181 2
182 182 -2
184 184 2
186 186 -2
187 187 -2
189 189 -2
190 190 -2
192 192 2
193 193 -2
195 195 2
196 196 4
197 197 2
200 200 -2
207 207 4
208 208 2
209 209 -2
210 210 -4
212 212 2
213 213 2
214 214 -2
215 215 -2
216 216 -2
218 218 -2
219 219 -2
223 223 4
225 225 2
227 227 2
231 231 -2
234 234 4
236 236 -2
237 237 2
239 239 2
240 240 -2
241 241 2
242 242 -2
243 243 -2
246 246 -2
247 247 -4
248 248 2
249 249 -2
252 252 -2
254 254 2
255 255 4
256 256 -2
257 257 4
258 258 2
262 262 -2
263 263 2
264 264 2
265 265 -4
266 266 -2
267 267 2
268 268 2
269 269 -2
272 272 -2
274 274 4
276 276 -4
277 277 -2
278 278 -2
279 279 2
284 284 4
286 286 -4
287 287 -2
288 288 -2
289 289 2
291 291 2
292 292 2
294 294 -2
296 296 -2
299 299 -2
300 300 -2
301 301 -2
304 304 -2
307 307 2
308 308 2
310 310 -2
311 311 -2
313 313 2
317 317 2
318 318 -2
320 320 -4
321 321 -2
322 322 -2
323 323 -2
324 324 2
325 325 2
330 330 2
331 331 2
333 333 2
334 334 -2
335 335 -4
341 341 2
342 342 2
345 345 -4
346 346 -2
347 347 2
348 348 2
349 349 -2
350 350 -4
351 351 -2
352 352 2
353 353 2
354 354 4
358 358 -4
359 359 -2
360 360 4
361 361 2
363 363 -2
364 364 2
365 365 2
366 366 -2
369 369 4
371 371 -4
374 374 -2
375 375 -2
376 376 2
378 378 -2
379 379 2
382 382 -2
383 383 -4
385 385 2
386 386 -2
387 387 -4
388 388 -2
389 389 2
390 390 4
392 392 -2
393 393 -2
395 395 2
399 399 -2
400 400 -4
401 401 -2
402 402 -2
403 403 -2
404 404 -4
406 406 4
408 408 -2
409 409 -2
410 410 -2
413 413 2
414 414 2
415 415 -4
417 417 2
418 418 2
421 421 -2
422 422 2
424 424 -2
426 426 -2
429 429 2
431 431 -4
432 432 -2
436 436 4
437 437 -2
441 441 4
443 443 2
444 444 4
445 445 2
446 446 2
448 448 -4
450 450 2
451 451 4
452 452 2
453 453 2
454 454 2
455 455 2
456 456 2
458 458 2
459 459 2
460 460 -2
461 461 -2
464 464 -2
465 465 -2
468 468 -4
469 469 2
470 470 -2
472 472 2
473 473 -2
474 474 -2
475 475 2
477 477 2
478 478 4
479 479 2
480 480 -2
483 483 -2
485 485 -2
486 486 -4
488 488 2
489 489 2
490 490 -2
491 491 -2
493 493 4
494 494 2
495 495 -2
496 496 -2
498 498 -2
499 499 -4
501 501 -4
502 502 -4
504 504 -2
506 506 2
507 507 2
508 508 4
509 509 2
510 510 4
511 511 -2
512 512 -4
513 513 -2
514 514 -4
515 515 -2
516 516 2
518 518 2
520 520 -4
521 521 -2
522 522 2
524 524 2
526 526 2
527 527 -4
528 528 -2
529 529 4
530 530 -2
531 531 -4
532 532 -4
533 533 -4
534 534 -2
535 535 2
537 537 -2
543 543 -2
544 544 2
545 545 2
547 547 -2
550 550 -2
551 551 2
552 552 2
555 555 2
559 559 2
561 561 -4
562 562 -2
563 563 -4
564 564 -2
565 565 -2
566 566 -4
568 568 2
569 569 -2
570 570 4
571 571 2
572 572 2
573 573 -2
576 576 -2
577 577 -2
578 578 -2
579 579 -2
581 581 -4
582 582 -2
585 585 -4
589 589 -2
590 590 2
593 593 2
595 595 2
597 597 -2
598 598 -2
599 599 -2
603 603 2
604 604 2
605 605 -2
607 607 2
609 609 2
610 610 -4
612 612 2
613 613 -2
614 614 -4
615 615 -2
616 616 4
617 617 2
619 619 2
621 621 -2
624 624 -2
626 626 -2
627 627 -2
629 629 -2
632 632 2
633 633 2
635 635 2
636 636 2
637 637 2
638 638 -2
639 639 -2
640 640 -2
643 643 2
645 645 -2
646 646 2
647 647 2
648 648 4
651 651 2
657 657 2
659 659 2
660 660 4
662 662 2
664 664 4
666 666 -2
668 668 -2
670 670 -2
671 671 -4
672 672 4
675 675 4
676 676 4
677 677 2
678 678 2
679 679 -2
680 680 2
684 684 -2
686 686 -2
687 687 -2
691 691 2
692 692 2
694 694 -2
695 695 -2
696 696 4
697 697 -2
698 698 -2
699 699 -2
700 700 2
704 704 2
705 705 4
707 707 -2
708 708 -4
709 709 -4
711 711 -2
712 712 2
714 714 -2
715 715 -2
718 718 2
720 720 2
721 721 2
723 723 -2
724 724 -4
726 726 4
727 727 2
728 728 2
729 729 2
730 730 -2
731 731 2
732 732 2
733 733 -2
735 735 2
736 736 -4
737 737 -2
738 738 2
739 739 2
741 741 -2
743 743 -2
745 745 2
747 747 -2
748 748 4
750 750 -2
753 753 2
755 755 -2
758 758 4
759 759 2
760 760 2
761 761 -2
762 762 4
763 763 -2
766 766 2
767 767 2
768 768 2
770 770 -4
772 772 2
773 773 2
774 774 2
775 775 4
776 776 4
777 777 2
779 779 -4
780 780 -4
781 781 -2
784 784 -2
786 786 -2
787 787 2
788 788 -2
790 790 2
791 791 4
792 792 2
793 793 4
796 796 -2
797 797 2
799 799 -4