800 2086 -4 4
0 768 -2
0 32 2
0 31 -2
0 1 -2
1 769 -2
1 33 -2
1 2 -2
2 770 2
2 34 -2
2 3 2
3 771 2
3 35 -2
3 4 2
4 772 -2
4 36 -2
4 5 2
5 773 2
5 37 2
5 6 2
6 774 2
6 38 -2
6 7 2
7 775 2
7 39 -2
7 8 2
8 776 2
8 40 -2
8 9 -2
9 777 -2
9 41 -2
9 10 -2
10 778 2
10 42 -2
10 11 -2
11 779 -2
11 43 2
11 12 -2
12 780 2
12 44 -2
12 13 2
13 781 -2
13 45 -2
13 14 2
14 782 2
14 46 -2
14 15 2
15 783 2
15 47 -2
15 16 2
16 784 -2
16 48 2
16 17 2
17 785 2
17 49 2
17 18 -2
18 786 2
18 50 2
18 19 -2
19 787 2
19 51 -2
19 20 -2
20 788 2
20 52 -2
20 21 2
21 789 2
21 53 2
21 22 2
22 790 2
22 54 2
22 23 2
23 791 -2
23 55 -2
23 24 -2
24 792 -2
24 56 2
24 25 -2
25 793 -2
25 57 2
25 26 2
26 794 2
26 58 -2
26 27 -2
27 795 2
27 59 -2
27 28 -2
28 796 2
28 60 2
28 29 2
29 797 -2
29 61 -2
29 30 2
30 798 -2
30 62 2
30 31 2
31 799 2
31 63 2
32 64 2
32 63 2
32 33 -2
33 65 -2
33 34 2
34 66 -2
34 35 2
35 67 -2
35 36 2
36 68 -2
36 37 2
37 69 -2
37 38 -2
38 70 -2
38 39 -2
39 71 -2
39 40 2
40 72 2
40 41 -2
41 73 2
41 42 -2
42 74 -2
42 43 2
43 75 2
43 44 -2
44 76 -2
44 45 2
45 77 2
45 46 -2
46 78 -2
46 47 -2
47 79 -2
47 48 -2
48 80 -2
48 49 2
49 81 -2
49 50 2
50 82 -2
50 51 2
51 83 2
51 52 2
52 84 -2
52 53 -2
53 85 2
53 54 2
54 86 -2
54 55 -2
55 87 -2
55 56 2
56 88 2
56 57 -2
57 89 -2
57 58 2
58 90 -2
58 59 -2
59 91 -2
59 60 -2
60 92 2
60 61 2
61 93 -2
61 62 -2
62 94 2
62 63 -2
63 95 2
64 96 2
64 95 2
64 65 -2
65 97 2
65 66 2
66 98 2
66 67 -2
67 99 2
67 68 2
68 100 -2
68 69 -2
69 101 2
69 70 -2
70 102 2
70 71 -2
71 103 -2
71 72 2
72 104 -2
72 73 2
73 105 2
73 74 2
74 106 2
74 75 -2
75 107 -2
75 76 -2
76 108 2
76 77 -2
77 109 2
77 78 2
78 110 2
78 79 -2
79 111 -2
79 80 -2
80 112 -2
80 81 2
81 113 2
81 82 -2
82 114 -2
82 83 2
83 115 -2
83 84 2
84 116 2
84 85 -2
85 117 2
85 86 2
86 118 2
86 87 -2
87 119 -2
87 88 -2
88 120 -2
88 89 -2
89 121 -2
89 90 2
90 122 -2
90 91 2
91 123 2
91 92 -2
92 124 -2
92 93 -2
93 125 -2
93 94 -2
94 126 2
94 95 -2
95 127 -2
96 128 -2
96 127 -2
96 97 2
97 129 2
97 98 2
98 130 -2
98 99 2
99 131 -2
99 100 2
100 132 -2
100 101 -2
101 133 2
101 102 -2
102 134 -2
102 103 2
103 135 -2
103 104 -2
104 136 2
104 105 -2
105 137 2
105 106 2
106 138 2
106 107 2
107 139 2
107 108 -2
108 140 -2
108 109 -2
109 141 2
109 110 -2
110 142 -2
110 111 2
111 143 2
111 112 2
112 144 2
112 113 2
113 145 -2
113 114 2
114 146 -2
114 115 2
115 147 -2
115 116 2
116 148 2
116 117 2
117 149 -2
117 118 -2
118 150 2
118 119 2
119 151 2
119 120 -2
120 152 2
120 121 2
121 153 2
121 122 -2
122 154 -2
122 123 -2
123 155 2
123 124 2
124 156 2
124 125 -2
125 157 -2
125 126 -2
126 158 -2
126 127 2
127 159 -2
128 160 -2
128 159 -2
128 129 -2
129 161 2
129 130 2
130 162 -2
130 131 2
131 163 2
131 132 -2
132 164 -2
132 133 2
133 165 2
133 134 2
134 166 -2
134 135 -2
135 167 2
135 136 2
136 168 -2
136 137 2
137 169 2
137 138 -2
138 170 2
138 139 2
139 171 2
139 140 -2
140 172 -2
140 141 2
141 173 2
141 142 2
142 174 2
142 143 2
143 175 2
143 144 2
144 176 -2
144 145 -2
145 177 -2
145 146 -2
146 178 2
146 147 2
147 179 2
147 148 2
148 180 2
148 149 2
149 181 2
149 150 -2
150 182 -2
150 151 2
151 183 2
151 152 -2
152 184 -2
152 153 2
153 185 -2
153 154 2
154 186 2
154 155 -2
155 187 2
155 156 -2
156 188 2
156 157 -2
157 189 -2
157 158 -2
158 190 -2
158 159 -2
159 191 2
160 192 -2
160 191 -2
160 161 -2
161 193 2
161 162 -2
162 194 -2
162 163 -2
163 195 -2
163 164 2
164 196 -2
164 165 2
165 197 -2
165 166 2
166 198 -2
166 167 -2
167 199 2
167 168 -2
168 200 2
168 169 2
169 201 2
169 170 -2
170 202 2
170 171 2
171 203 2
171 172 -2
172 204 2
172 173 2
173 205 -2
173 174 -2
174 206 -2
174 175 2
175 207 2
175 176 -2
176 208 -2
176 177 -2
177 209 -2
177 178 -2
178 210 2
178 179 -2
179 211 -2
179 180 2
180 212 2
180 181 -2
181 213 -2
181 182 -2
182 214 2
182 183 -2
183 215 -2
183 184 2
184 216 2
184 185 -2
185 217 2
185 186 2
186 218 -2
186 187 -2
187 219 2
187 188 2
188 220 2
188 189 2
189 221 -2
189 190 -2
190 222 -2
190 191 2
191 223 -2
192 224 2
192 223 -2
192 193 -2
193 225 2
193 194 2
194 226 2
194 195 2
195 227 -2
195 196 -2
196 228 2
196 197 -2
197 229 2
197 198 2
198 230 -2
198 199 2
199 231 2
199 200 2
200 232 2
200 201 -2
201 233 -2
201 202 -2
202 234 -2
202 203 2
203 235 2
203 204 -2
204 236 -2
204 205 2
205 237 -2
205 206 2
206 238 2
206 207 -2
207 239 -2
207 208 2
208 240 -2
208 209 2
209 241 -2
209 210 -2
210 242 2
210 211 2
211 243 -2
211 212 -2
212 244 -2
212 213 -2
213 245 2
213 214 -2
214 246 2
214 215 2
215 247 2
215 216 -2
216 248 -2
216 217 2
217 249 -2
217 218 -2
218 250 2
218 219 -2
219 251 2
219 220 -2
220 252 -2
220 221 2
221 253 -2
221 222 2
222 254 2
222 223 2
223 255 2
224 256 2
224 255 -2
224 225 2
225 257 -2
225 226 -2
226 258 2
226 227 -2
227 259 -2
227 228 2
228 260 2
228 229 2
229 261 -2
229 230 -2
230 262 -2
230 231 -2
231 263 2
231 232 2
232 264 -2
232 233 -2
233 265 -2
233 234 2
234 266 2
234 235 2
235 267 2
235 236 2
236 268 -2
236 237 2
237 269 -2
237 238 -2
238 270 -2
238 239 -2
239 271 2
239 240 2
240 272 2
240 241 2
241 273 2
241 242 2
242 274 2
242 243 2
243 275 2
243 244 2
244 276 2
244 245 -2
245 277 2
245 246 -2
246 278 2
246 247 2
247 279 -2
247 248 2
248 280 2
248 249 2
249 281 -2
249 250 2
250 282 2
250 251 -2
251 283 2
251 252 2
252 284 2
252 253 -2
253 285 2
253 254 -2
254 286 -2
254 255 -2
255 287 2
256 288 2
256 287 -2
256 257 -2
257 289 2
257 258 2
258 290 -2
258 259 -2
259 291 -2
259 260 -2
260 292 2
260 261 2
261 293 2
261 262 -2
262 294 2
262 263 -2
263 295 -2
263 264 2
264 296 -2
264 265 2
265 297 -2
265 266 -2
266 298 2
266 267 2
267 299 -2
267 268 2
268 300 2
268 269 -2
269 301 2
269 270 2
270 302 -2
270 271 2
271 303 2
271 272 -2
272 304 2
272 273 2
273 305 -2
273 274 2
274 306 -2
274 275 2
275 307 2
275 276 2
276 308 2
276 277 2
277 309 -2
277 278 -2
278 310 2
278 279 -2
279 311 2
279 280 -2
280 312 -2
280 281 2
281 313 -2
281 282 -2
282 314 2
282 283 -2
283 315 -2
283 284 2
284 316 2
284 285 -2
285 317 -2
285 286 -2
286 318 2
286 287 -2
287 319 -2
288 320 2
288 319 2
288 289 -2
289 321 2
289 290 2
290 322 2
290 291 2
291 323 2
291 292 -2
292 324 2
292 293 -2
293 325 2
293 294 -2
294 326 2
294 295 -2
295 327 2
295 296 -2
296 328 2
296 297 2
297 329 -2
297 298 -2
298 330 2
298 299 -2
299 331 -2
299 300 -2
300 332 -2
300 301 2
301 333 2
301 302 -2
302 334 2
302 303 2
303 335 -2
303 304 -2
304 336 -2
304 305 -2
305 337 2
305 306 2
306 338 -2
306 307 -2
307 339 -2
307 308 2
308 340 2
308 309 -2
309 341 2
309 310 -2
310 342 -2
310 311 2
311 343 -2
311 312 2
312 344 2
312 313 2
313 345 2
313 314 -2
314 346 -2
314 315 -2
315 347 2
315 316 2
316 348 -2
316 317 -2
317 349 -2
317 318 -2
318 350 -2
318 319 -2
319 351 2
320 352 2
320 351 2
320 321 2
321 353 -2
321 322 -2
322 354 2
322 323 2
323 355 -2
323 324 -2
324 356 -2
324 325 2
325 357 2
325 326 2
326 358 -2
326 327 -2
327 359 -2
327 328 -2
328 360 -2
328 329 2
329 361 2
329 330 2
330 362 2
330 331 2
331 363 2
331 332 -2
332 364 2
332 333 -2
333 365 -2
333 334 2
334 366 2
334 335 -2
335 367 -2
335 336 2
336 368 2
336 337 2
337 369 2
337 338 -2
338 370 -2
338 339 -2
339 371 -2
339 340 -2
340 372 2
340 341 2
341 373 -2
341 342 2
342 374 -2
342 343 2
343 375 2
343 344 -2
344 376 -2
344 345 2
345 377 2
345 346 2
346 378 -2
346 347 2
347 379 2
347 348 -2
348 380 2
348 349 -2
349 381 2
349 350 -2
350 382 -2
350 351 2
351 383 -2
352 384 -2
352 383 -2
352 353 -2
353 385 -2
353 354 2
354 386 -2
354 355 -2
355 387 -2
355 356 -2
356 388 -2
356 357 2
357 389 2
357 358 2
358 390 -2
358 359 -2
359 391 -2
359 360 2
360 392 -2
360 361 -2
361 393 2
361 362 2
362 394 2
362 363 2
363 395 -2
363 364 -2
364 396 2
364 365 2
365 397 2
365 366 2
366 398 -2
366 367 -2
367 399 -2
367 368 -2
368 400 2
368 369 2
369 401 2
369 370 2
370 402 2
370 371 2
371 403 -2
371 372 2
372 404 -2
372 373 2
373 405 -2
373 374 2
374 406 -2
374 375 2
375 407 2
375 376 -2
376 408 2
376 377 2
377 409 2
377 378 -2
378 410 2
378 379 -2
379 411 2
379 380 2
380 412 -2
380 381 2
381 413 -2
381 382 2
382 414 -2
382 383 -2
383 415 -2
384 416 2
384 415 2
384 385 -2
385 417 2
385 386 2
386 418 2
386 387 -2
387 419 2
387 388 2
388 420 2
388 389 -2
389 421 2
389 390 -2
390 422 -2
390 391 -2
391 423 2
391 392 2
392 424 -2
392 393 2
393 425 2
393 394 2
394 426 -2
394 395 -2
395 427 -2
395 396 -2
396 428 -2
396 397 -2
397 429 -2
397 398 2
398 430 -2
398 399 2
399 431 2
399 400 -2
400 432 -2
400 401 -2
401 433 2
401 402 -2
402 434 2
402 403 2
403 435 2
403 404 2
404 436 2
404 405 2
405 437 -2
405 406 -2
406 438 2
406 407 -2
407 439 2
407 408 2
408 440 2
408 409 2
409 441 2
409 410 -2
410 442 2
410 411 2
411 443 -2
411 412 -2
412 444 2
412 413 -2
413 445 -2
413 414 -2
414 446 -2
414 415 -2
415 447 2
416 448 -2
416 447 -2
416 417 -2
417 449 -2
417 418 2
418 450 2
418 419 2
419 451 -2
419 420 2
420 452 -2
420 421 2
421 453 -2
421 422 -2
422 454 2
422 423 2
423 455 2
423 424 -2
424 456 -2
424 425 2
425 457 -2
425 426 -2
426 458 -2
426 427 2
427 459 -2
427 428 2
428 460 -2
428 429 -2
429 461 -2
429 430 -2
430 462 -2
430 431 -2
431 463 2
431 432 2
432 464 -2
432 433 -2
433 465 -2
433 434 2
434 466 -2
434 435 -2
435 467 2
435 436 -2
436 468 -2
436 437 2
437 469 2
437 438 -2
438 470 2
438 439 -2
439 471 -2
439 440 2
440 472 -2
440 441 2
441 473 -2
441 442 2
442 474 2
442 443 2
443 475 -2
443 444 -2
444 476 2
444 445 -2
445 477 -2
445 446 -2
446 478 -2
446 447 2
447 479 -2
448 480 2
448 479 2
448 449 -2
449 481 2
449 450 2
450 482 -2
450 451 2
451 483 2
451 452 2
452 484 -2
452 453 2
453 485 2
453 454 2
454 486 -2
454 455 -2
455 487 -2
455 456 2
456 488 2
456 457 -2
457 489 2
457 458 -2
458 490 2
458 459 -2
459 491 2
459 460 2
460 492 -2
460 461 -2
461 493 2
461 462 -2
462 494 -2
462 463 -2
463 495 2
463 464 2
464 496 2
464 465 2
465 497 2
465 466 2
466 498 2
466 467 -2
467 499 2
467 468 2
468 500 2
468 469 -2
469 501 2
469 470 -2
470 502 2
470 471 2
471 503 -2
471 472 2
472 504 -2
472 473 -2
473 505 -2
473 474 -2
474 506 -2
474 475 2
475 507 2
475 476 2
476 508 -2
476 477 -2
477 509 2
477 478 -2
478 510 2
478 479 -2
479 511 2
480 512 2
480 511 2
480 481 2
481 513 -2
481 482 -2
482 514 2
482 483 -2
483 515 -2
483 484 2
484 516 2
484 485 2
485 517 -2
485 486 -2
486 518 2
486 487 -2
487 519 2
487 488 -2
488 520 2
488 489 2
489 521 2
489 490 -2
490 522 -2
490 491 2
491 523 -2
491 492 2
492 524 -2
492 493 -2
493 525 2
493 494 -2
494 526 2
494 495 -2
495 527 2
495 496 -2
496 528 2
496 497 -2
497 529 -2
497 498 2
498 530 2
498 499 2
499 531 -2
499 500 -2
500 532 2
500 501 -2
501 533 2
501 502 -2
502 534 -2
502 503 -2
503 535 2
503 504 -2
504 536 2
504 505 2
505 537 -2
505 506 2
506 538 -2
506 507 -2
507 539 2
507 508 2
508 540 2
508 509 2
509 541 2
509 510 -2
510 542 2
510 511 -2
511 543 -2
512 544 2
512 543 2
512 513 -2
513 545 -2
513 514 -2
514 546 2
514 515 -2
515 547 2
515 516 2
516 548 2
516 517 -2
517 549 2
517 518 -2
518 550 -2
518 519 2
519 551 -2
519 520 -2
520 552 -2
520 521 2
521 553 2
521 522 2
522 554 2
522 523 -2
523 555 2
523 524 -2
524 556 -2
524 525 -2
525 557 -2
525 526 2
526 558 2
526 527 2
527 559 2
527 528 -2
528 560 -2
528 529 2
529 561 2
529 530 -2
530 562 2
530 531 2
531 563 2
531 532 -2
532 564 -2
532 533 -2
533 565 -2
533 534 2
534 566 2
534 535 2
535 567 -2
535 536 2
536 568 2
536 537 2
537 569 2
537 538 -2
538 570 2
538 539 -2
539 571 -2
539 540 -2
540 572 2
540 541 -2
541 573 -2
541 542 -2
542 574 2
542 543 2
543 575 -2
544 576 2
544 575 2
544 545 -2
545 577 2
545 546 2
546 578 2
546 547 -2
547 579 2
547 548 -2
548 580 -2
548 549 -2
549 581 2
549 550 2
550 582 2
550 551 -2
551 583 2
551 552 2
552 584 2
552 553 -2
553 585 -2
553 554 2
554 586 2
554 555 -2
555 587 2
555 556 -2
556 588 2
556 557 2
557 589 2
557 558 2
558 590 -2
558 559 -2
559 591 2
559 560 -2
560 592 2
560 561 -2
561 593 -2
561 562 2
562 594 2
562 563 2
563 595 -2
563 564 -2
564 596 2
564 565 2
565 597 -2
565 566 2
566 598 -2
566 567 -2
567 599 -2
567 568 2
568 600 2
568 569 -2
569 601 -2
569 570 -2
570 602 2
570 571 2
571 603 -2
571 572 -2
572 604 2
572 573 -2
573 605 2
573 574 -2
574 606 -2
574 575 2
575 607 2
576 608 2
576 607 -2
576 577 -2
577 609 -2
577 578 -2
578 610 -2
578 579 -2
579 611 -2
579 580 -2
580 612 2
580 581 -2
581 613 -2
581 582 2
582 614 -2
582 583 2
583 615 2
583 584 2
584 616 2
584 585 2
585 617 -2
585 586 2
586 618 -2
586 587 -2
587 619 2
587 588 2
588 620 2
588 589 2
589 621 2
589 590 -2
590 622 -2
590 591 -2
591 623 2
591 592 2
592 624 2
592 593 2
593 625 -2
593 594 2
594 626 -2
594 595 -2
595 627 -2
595 596 2
596 628 -2
596 597 2
597 629 2
597 598 2
598 630 -2
598 599 -2
599 631 -2
599 600 -2
600 632 2
600 601 2
601 633 -2
601 602 2
602 634 2
602 603 -2
603 635 2
603 604 -2
604 636 -2
604 605 2
605 637 2
605 606 2
606 638 -2
606 607 -2
607 639 2
608 640 -2
608 639 -2
608 609 2
609 641 2
609 610 -2
610 642 2
610 611 -2
611 643 -2
611 612 2
612 644 2
612 613 -2
613 645 -2
613 614 2
614 646 -2
614 615 2
615 647 -2
615 616 -2
616 648 2
616 617 -2
617 649 -2
617 618 2
618 650 2
618 619 -2
619 651 -2
619 620 -2
620 652 2
620 621 2
621 653 -2
621 622 -2
622 654 2
622 623 -2
623 655 -2
623 624 2
624 656 -2
624 625 2
625 657 2
625 626 2
626 658 -2
626 627 2
627 659 2
627 628 2
628 660 -2
628 629 2
629 661 -2
629 630 2
630 662 2
630 631 2
631 663 2
631 632 2
632 664 -2
632 633 2
633 665 2
633 634 -2
634 666 2
634 635 -2
635 667 2
635 636 2
636 668 2
636 637 -2
637 669 -2
637 638 2
638 670 -2
638 639 2
639 671 2
640 672 -2
640 671 2
640 641 2
641 673 2
641 642 -2
642 674 2
642 643 -2
643 675 2
643 644 2
644 676 2
644 645 -2
645 677 -2
645 646 -2
646 678 -2
646 647 2
647 679 -2
647 648 2
648 680 -2
648 649 -2
649 681 2
649 650 -2
650 682 -2
650 651 2
651 683 2
651 652 -2
652 684 2
652 653 2
653 685 2
653 654 -2
654 686 -2
654 655 2
655 687 2
655 656 -2
656 688 2
656 657 -2
657 689 2
657 658 2
658 690 -2
658 659 2
659 691 -2
659 660 -2
660 692 2
660 661 -2
661 693 2
661 662 2
662 694 -2
662 663 2
663 695 -2
663 664 -2
664 696 -2
664 665 -2
665 697 -2
665 666 -2
666 698 2
666 667 -2
667 699 -2
667 668 -2
668 700 -2
668 669 -2
669 701 -2
669 670 -2
670 702 2
670 671 -2
671 703 -2
672 704 2
672 703 2
672 673 2
673 705 2
673 674 -2
674 706 2
674 675 2
675 707 -2
675 676 2
676 708 -2
676 677 -2
677 709 2
677 678 2
678 710 -2
678 679 -2
679 711 -2
679 680 2
680 712 -2
680 681 2
681 713 -2
681 682 -2
682 714 -2
682 683 2
683 715 2
683 684 -2
684 716 2
684 685 2
685 717 2
685 686 -2
686 718 -2
686 687 2
687 719 2
687 688 2
688 720 -2
688 689 2
689 721 2
689 690 2
690 722 2
690 691 2
691 723 -2
691 692 -2
692 724 2
692 693 -2
693 725 -2
693 694 -2
694 726 2
694 695 -2
695 727 2
695 696 2
696 728 2
696 697 -2
697 729 -2
697 698 -2
698 730 2
698 699 2
699 731 -2
699 700 -2
700 732 -2
700 701 -2
701 733 -2
701 702 2
702 734 -2
702 703 -2
703 735 2
704 736 2
704 735 -2
704 705 -2
705 737 2
705 706 -2
706 738 2
706 707 2
707 739 2
707 708 2
708 740 -2
708 709 2
709 741 -2
709 710 2
710 742 2
710 711 2
711 743 2
711 712 2
712 744 2
712 713 2
713 745 -2
713 714 -2
714 746 2
714 715 -2
715 747 -2
715 716 2
716 748 -2
716 717 2
717 749 -2
717 718 -2
718 750 2
718 719 2
719 751 -2
719 720 2
720 752 2
720 721 2
721 753 -2
721 722 2
722 754 -2
722 723 -2
723 755 2
723 724 -2
724 756 -2
724 725 -2
725 757 -2
725 726 2
726 758 2
726 727 2
727 759 2
727 728 -2
728 760 2
728 729 2
729 761 -2
729 730 -2
730 762 -2
730 731 2
731 763 -2
731 732 -2
732 764 2
732 733 -2
733 765 -2
733 734 -2
734 766 2
734 735 -2
735 767 -2
736 768 2
736 767 2
736 737 -2
737 769 2
737 738 -2
738 770 -2
738 739 2
739 771 2
739 740 -2
740 772 2
740 741 2
741 773 2
741 742 -2
742 774 -2
742 743 -2
743 775 2
743 744 -2
744 776 2
744 745 2
745 777 -2
745 746 2
746 778 -2
746 747 2
747 779 2
747 748 2
748 780 -2
748 749 -2
749 781 -2
749 750 2
750 782 2
750 751 -2
751 783 -2
751 752 2
752 784 -2
752 753 2
753 785 2
753 754 -2
754 786 -2
754 755 2
755 787 -2
755 756 -2
756 788 -2
756 757 -2
757 789 2
757 758 2
758 790 -2
758 759 2
759 791 2
759 760 2
760 792 2
760 761 -2
761 793 2
761 762 -2
762 794 2
762 763 2
763 795 2
763 764 2
764 796 -2
764 765 2
765 797 -2
765 766 2
766 798 2
766 767 -2
767 799 -2
768 799 2
768 769 2
769 770 -2
770 771 2
771 772 2
772 773 2
773 774 2
774 775 2
775 776 -2
776 777 2
777 778 -2
778 779 2
779 780 2
780 781 2
781 782 2
782 783 -2
783 784 -2
784 785 -2
785 786 -2
786 787 -2
787 788 2
788 789 -2
789 790 2
790 791 -2
791 792 -2
792 793 -2
793 794 2
794 795 2
795 796 -2
796 797 2
797 798 2
798 799 2
0 0 2
1 1 4
3 3 -2
5 5 -4
6 6 -2
7 7 -2
9 9 4
10 10 2
11 11 2
14 14 -2
15 15 -2
16 16 -2
17 17 -2
19 19 2
21 21 -4
22 22 -4
23 23 2
24 24 2
27 27 2
28 28 -2
30 30 -2
31 31 -2
32 32 -2
33 33 2
38 38 4
39 39 2
41 41 2
42 42 2
43 43 -2
44 44 2
46 46 4
47 47 4
49 49 -2
50 50 -2
51 51 -2
52 52 2
53 53 -2
55 55 2
56 56 -2
58 58 2
59 59 4
60 60 -2
61 61 2
63 63 -2
64 64 -2
68 68 2
69 69 2
70 70 2
71 71 2
72 72 -2
73 73 -4
75 75 2
76 76 2
77 77 -2
79 79 4
80 80 2
82 82 2
83 83 -2
85 85 -2
87 87 4
88 88 2
89 89 2
92 92 2
93 93 4
97 97 -4
98 98 -2
99 99 -2
100 100 2
103 103 2
104 104 2
105 105 -2
106 106 -4
108 108 2
111 111 -2
112 112 -2
113 113 -2
116 116 -4
118 118 -2
122 122 4
123 123 -2
125 125 4
127 127 2
128 128 4
129 129 -2
132 132 2
133 133 -4
134 134 2
136 136 -2
137 137 -2
138 138 -2
139 139 -2
140 140 2
141 141 -4
142 142 -2
143 143 -4
145 145 4
147 147 -2
148 148 -4
151 151 -2
153 153 -2
157 157 4
158 158 4
159 159 2
160 160 4
162 162 4
165 165 -2
166 166 2
169 169 -2
170 170 -2
171 171 -2
175 175 -2
176 176 4
177 177 4
180 180 -2
181 181 2
182 182 2
187 187 -2
188 188 -4
189 189 2
190 190 2
192 192 2
193 193 -2
194 194 -2
195 195 2
196 196 2
199 199 -4
200 200 -2
201 201 2
203 203 -2
209 209 2
210 210 -2
211 211 2
212 212 2
213 213 2
214 214 -2
218 218 2
222 222 -2
224 224 -2
227 227 2
228 228 -4
230 230 4
231 231 -2
233 233 2
234 234 -2
235 235 -4
237 237 2
238 238 2
240 240 -2
241 241 -2
242 242 -4
243 243 -2
246 246 -2
247 247 -2
248 248 -2
250 250 -2
251 251 -2
253 253 2
254 254 2
259 259 4
260 260 -2
262 262 2
265 265 2
266 266 -2
267 267 -2
271 271 -2
272 272 -2
273 273 -2
274 274 -2
275 275 -4
276 276 -4
279 279 2
281 281 2
284 284 -2
285 285 2
286 286 2
287 287 2
288 288 -2
289 289 -2
290 290 -2
295 295 2
297 297 2
299 299 4
301 301 -2
304 304 2
306 306 2
308 308 -2
309 309 2
311 311 -2
312 312 -2
314 314 2
317 317 4
318 318 2
320 320 -4
322 322 -2
325 325 -4
327 327 2
329 329 -2
330 330 -4
332 332 2
334 334 -2
335 335 2
336 336 -2
337 337 -2
338 338 4
339 339 4
340 340 -2
341 341 -2
345 345 -4
347 347 -2
348 348 2
349 349 2
350 350 2
351 351 -2
352 352 2
353 353 2
355 355 4
356 356 2
357 357 -4
358 358 2
359 359 2
360 360 2
361 361 -2
362 362 -4
364 364 -2
365 365 -2
367 367 4
368 368 -2
369 369 -4
370 370 -2
372 372 -2
375 375 -2
377 377 -2
378 378 2
379 379 -2
380 380 -2
381 381 -2
382 382 2
383 383 4
390 390 4
393 393 -4
395 395 4
396 396 2
400 400 2
402 402 -2
403 403 -2
404 404 -2
405 405 2
406 406 2
407 407 -2
408 408 -4
409 409 -2
410 410 -2
412 412 2
413 413 4
414 414 4
416 416 2
418 418 -4
419 419 -2
420 420 -2
423 423 -2
424 424 2
426 426 2
428 428 2
429 429 4
430 430 4
431 431 -2
432 432 2
440 440 -2
441 441 -2
442 442 -4
443 443 2
445 445 4
446 446 2
450 450 -2
451 451 -2
453 453 -2
457 457 2
458 458 2
460 460 2
461 461 2
462 462 4
463 463 -2
464 464 -2
465 465 -2
467 467 -2
470 470 -2
472 472 2
473 473 4
475 475 -2
477 477 2
478 478 2
480 480 -4
482 482 2
484 484 -2
486 486 2
487 487 2
488 488 -2
489 489 -2
491 491 -2
492 492 2
494 494 2
498 498 -4
502 502 2
503 503 2
506 506 2
507 507 -2
508 508 -2
509 509 -2
512 512 -2
513 513 4
516 516 -2
517 517 2
521 521 -4
523 523 2
524 524 4
526 526 -4
527 527 -2
530 530 -2
532 532 2
534 534 -2
535 535 -2
536 536 -4
538 538 2
539 539 2
541 541 2
542 542 -2
544 544 -2
546 546 -2
548 548 2
549 549 -2
554 554 -2
557 557 -2
560 560 2
562 562 -4
567 567 2
568 568 -2
569 569 2
570 570 -2
571 571 2
573 573 2
575 575 -2
577 577 2
578 578 2
579 579 2
580 580 2
582 582 -2
583 583 -4
584 584 -4
587 587 -2
588 588 -4
589 589 -2
590 590 4
591 591 -2
592 592 -4
595 595 2
596 596 -2
597 597 -2
598 598 2
599 599 4
600 600 -2
602 602 -2
603 603 2
605 605 -4
606 606 2
610 610 2
611 611 2
612 612 -2
613 613 2
617 617 2
619 619 2
620 620 -2
622 622 2
624 624 -2
625 625 -2
627 627 -2
629 629 -2
630 630 -2
631 631 -2
632 632 -2
635 635 -2
639 639 -2
641 641 -2
644 644 -2
645 645 4
646 646 2
649 649 2
652 652 -2
656 656 2
657 657 -2
660 660 2
662 662 -2
664 664 4
665 665 2
667 667 2
668 668 2
669 669 4
670 670 2
672 672 -2
673 673 -2
674 674 -2
675 675 -2
678 678 2
679 679 2
682 682 2
683 683 -2
684 684 -2
685 685 -2
686 686 2
687 687 -4
688 688 -2
689 689 -4
690 690 -2
691 691 2
693 693 2
694 694 2
697 697 4
698 698 -2
699 699 2
700 700 4
701 701 2
706 706 -2
707 707 -2
709 709 -2
710 710 -2
711 711 -2
712 712 -2
713 713 2
714 714 2
716 716 -2
719 719 -2
720 720 -2
721 721 -2
723 723 2
724 724 2
725 725 2
726 726 -4
727 727 -2
728 728 -2
729 729 2
731 731 2
732 732 2
733 733 4
734 734 2
735 735 2
736 736 -2
739 739 -2
742 742 2
744 744 -2
746 746 -2
747 747 -2
748 748 2
749 749 2
750 750 -2
751 751 2
752 752 -2
754 754 2
756 756 4
758 758 -2
759 759 -4
760 760 -2
761 761 2
763 763 -2
764 764 -2
766 766 -2
767 767 2
768 768 -2
771 771 -4
772 772 -2
773 773 -4
774 774 -2
775 775 -2
776 776 -2
777 777 2
779 779 -2
780 780 -2
782 782 -2
783 783 2
784 784 4
786 786 2
789 789 -2
791 791 2
792 792 2
794 794 -4
795 795 -2
798 798 -2
799 799 -2