800 5494 -132 1
0 6 2
0 9 2
0 11 2
0 12 2
0 13 2
0 14 2
0 19 2
0 20 2
0 22 2
0 23 2
0 26 2
0 30 2
0 33 2
0 37 2
0 39 2
0 76 2
0 88 2
0 96 2
0 108 2
0 111 2
0 121 2
0 144 2
0 153 2
0 154 2
0 155 2
0 158 2
0 170 2
0 177 2
0 196 2
0 199 2
0 201 2
0 233 2
0 234 2
0 255 2
0 278 2
0 287 2
0 303 2
0 307 2
0 323 2
0 330 2
0 348 2
0 352 2
0 362 2
0 376 2
0 381 2
0 391 2
0 399 2
0 400 2
0 409 2
0 423 2
0 443 2
0 470 2
0 475 2
0 532 2
0 537 2
0 578 2
0 579 2
0 604 2
0 646 2
0 669 2
0 684 2
0 730 2
0 765 2
0 1 2
0 2 2
0 3 2
0 4 2
0 5 2
0 7 2
0 8 2
0 10 2
0 34 2
0 92 2
0 100 2
0 126 2
0 167 2
0 189 2
0 206 2
0 216 2
0 226 2
0 235 2
0 249 2
0 258 2
0 367 2
0 384 2
0 401 2
0 467 2
0 558 2
0 710 2
0 727 2
0 738 2
0 753 2
1 7 2
1 22 2
1 50 2
1 160 2
1 376 2
1 443 2
1 482 2
1 637 2
1 709 2
1 2 2
1 3 2
1 8 2
1 10 2
1 31 2
1 60 2
1 91 2
1 186 2
1 246 2
1 309 2
1 562 2
1 710 2
1 762 2
1 765 2
2 10 2
2 28 2
2 54 2
2 63 2
2 67 2
2 75 2
2 90 2
2 138 2
2 146 2
2 169 2
2 185 2
2 220 2
2 300 2
2 392 2
2 424 2
2 434 2
2 517 2
2 520 2
2 634 2
2 679 2
2 3 2
2 4 2
2 6 2
2 7 2
2 9 2
2 12 2
2 13 2
2 14 2
2 16 2
2 17 2
2 18 2
2 19 2
2 25 2
2 26 2
2 29 2
2 31 2
2 39 2
2 44 2
2 53 2
2 61 2
2 68 2
2 99 2
2 100 2
2 125 2
2 173 2
2 182 2
2 183 2
2 184 2
2 188 2
2 201 2
2 216 2
2 233 2
2 246 2
2 247 2
2 270 2
2 303 2
2 307 2
2 312 2
2 313 2
2 327 2
2 332 2
2 354 2
2 360 2
2 372 2
2 374 2
2 397 2
2 399 2
2 406 2
2 418 2
2 426 2
2 444 2
2 446 2
2 450 2
2 463 2
2 469 2
2 481 2
2 485 2
2 493 2
2 525 2
2 544 2
2 558 2
2 566 2
2 600 2
2 608 2
2 630 2
2 642 2
2 644 2
2 669 2
2 716 2
2 721 2
2 732 2
2 736 2
2 741 2
2 767 2
3 7 2
3 10 2
3 16 2
3 17 2
3 20 2
3 22 2
3 25 2
3 26 2
3 29 2
3 43 2
3 44 2
3 46 2
3 50 2
3 56 2
3 61 2
3 68 2
3 71 2
3 78 2
3 80 2
3 114 2
3 117 2
3 121 2
3 134 2
3 153 2
3 167 2
3 181 2
3 187 2
3 198 2
3 230 2
3 232 2
3 245 2
3 279 2
3 307 2
3 318 2
3 348 2
3 388 2
3 392 2
3 410 2
3 426 2
3 431 2
3 482 2
3 491 2
3 492 2
3 504 2
3 509 2
3 517 2
3 528 2
3 573 2
3 577 2
3 609 2
3 660 2
3 662 2
3 719 2
3 733 2
3 774 2
3 779 2
3 790 2
3 4 2
3 5 2
3 6 2
3 8 2
3 21 2
3 23 2
3 28 2
3 31 2
3 34 2
3 35 2
3 47 2
3 48 2
3 51 2
3 55 2
3 69 2
3 84 2
3 92 2
3 108 2
3 118 2
3 133 2
3 142 2
3 154 2
3 162 2
3 169 2
3 173 2
3 176 2
3 185 2
3 186 2
3 192 2
3 199 2
3 213 2
3 217 2
3 234 2
3 258 2
3 277 2
3 309 2
3 339 2
3 349 2
3 353 2
3 364 2
3 378 2
3 384 2
3 400 2
3 405 2
3 417 2
3 438 2
3 441 2
3 455 2
3 459 2
3 465 2
3 489 2
3 490 2
3 508 2
3 535 2
3 536 2
3 542 2
3 555 2
3 587 2
3 611 2
3 679 2
3 684 2
3 685 2
3 696 2
3 708 2
3 716 2
3 721 2
3 744 2
3 750 2
3 752 2
3 762 2
3 772 2
3 787 2
4 13 2
4 18 2
4 36 2
4 41 2
4 45 2
4 54 2
4 56 2
4 57 2
4 58 2
4 59 2
4 67 2
4 85 2
4 87 2
4 90 2
4 104 2
4 110 2
4 120 2
4 129 2
4 131 2
4 135 2
4 138 2
4 154 2
4 165 2
4 228 2
4 266 2
4 274 2
4 278 2
4 293 2
4 312 2
4 359 2
4 360 2
4 366 2
4 428 2
4 517 2
4 536 2
4 559 2
4 573 2
4 796 2
4 583 2
4 586 2
4 590 2
4 633 2
4 636 2
4 666 2
4 679 2
4 715 2
4 749 2
4 5 2
4 6 2
4 7 2
4 9 2
4 11 2
4 12 2
4 15 2
4 20 2
4 22 2
4 23 2
4 24 2
4 25 2
4 28 2
4 37 2
4 46 2
4 49 2
4 65 2
4 75 2
4 94 2
4 106 2
4 108 2
4 118 2
4 145 2
4 150 2
4 166 2
4 203 2
4 208 2
4 238 2
4 257 2
4 261 2
4 263 2
4 285 2
4 288 2
4 300 2
4 343 2
4 393 2
4 396 2
4 412 2
4 433 2
4 484 2
4 491 2
4 494 2
4 495 2
4 606 2
4 609 2
4 611 2
4 621 2
4 700 2
4 753 2
4 791 2
5 8 2
5 9 2
5 12 2
5 13 2
5 17 2
5 19 2
5 24 2
5 27 2
5 29 2
5 32 2
5 44 2
5 47 2
5 48 2
5 56 2
5 59 2
5 62 2
5 64 2
5 77 2
5 86 2
5 88 2
5 102 2
5 124 2
5 128 2
5 151 2
5 163 2
5 167 2
5 171 2
5 205 2
5 236 2
5 264 2
5 306 2
5 448 2
5 461 2
5 463 2
5 488 2
5 508 2
5 509 2
5 516 2
5 549 2
5 563 2
5 615 2
5 732 2
5 746 2
5 756 2
5 760 2
5 770 2
5 28 2
5 34 2
5 46 2
5 55 2
5 76 2
5 185 2
5 249 2
5 252 2
5 298 2
5 320 2
5 442 2
5 459 2
5 554 2
5 651 2
5 687 2
6 15 2
6 36 2
6 45 2
6 84 2
6 87 2
6 127 2
6 176 2
6 185 2
6 206 2
6 425 2
6 452 2
6 536 2
6 574 2
6 598 2
6 604 2
6 644 2
6 707 2
6 721 2
6 730 2
6 9 2
6 11 2
6 13 2
6 14 2
6 16 2
6 18 2
6 21 2
6 23 2
6 799 2
6 29 2
6 32 2
6 33 2
6 35 2
6 37 2
6 38 2
6 42 2
6 43 2
6 47 2
6 48 2
6 50 2
6 51 2
6 52 2
6 56 2
6 65 2
6 69 2
6 70 2
6 71 2
6 72 2
6 74 2
6 77 2
6 78 2
6 79 2
6 82 2
6 83 2
6 98 2
6 101 2
6 105 2
6 113 2
6 114 2
6 116 2
6 117 2
6 123 2
6 128 2
6 153 2
6 156 2
6 158 2
6 180 2
6 183 2
6 191 2
6 193 2
6 201 2
6 210 2
6 223 2
6 232 2
6 250 2
6 266 2
6 275 2
6 308 2
6 314 2
6 317 2
6 321 2
6 325 2
6 331 2
6 336 2
6 356 2
6 393 2
6 419 2
6 422 2
6 430 2
6 437 2
6 439 2
6 462 2
6 481 2
6 483 2
6 527 2
6 541 2
6 556 2
6 564 2
6 571 2
6 572 2
6 573 2
6 580 2
6 605 2
6 619 2
6 678 2
6 692 2
6 751 2
6 755 2
7 10 2
7 25 2
7 43 2
7 50 2
7 61 2
7 69 2
7 74 2
7 98 2
7 114 2
7 137 2
7 160 2
7 174 2
7 186 2
7 204 2
7 209 2
7 222 2
7 226 2
7 242 2
7 258 2
7 259 2
7 262 2
7 310 2
7 343 2
7 795 2
7 358 2
7 367 2
7 395 2
7 416 2
7 417 2
7 420 2
7 444 2
7 446 2
7 489 2
7 515 2
7 538 2
7 572 2
7 577 2
7 630 2
7 657 2
7 691 2
7 100 2
7 126 2
7 374 2
7 495 2
7 669 2
7 753 2
8 9 2
8 14 2
8 17 2
8 20 2
8 21 2
8 32 2
8 35 2
8 39 2
8 62 2
8 71 2
8 76 2
8 79 2
8 96 2
8 97 2
8 113 2
8 134 2
8 172 2
8 177 2
8 188 2
8 194 2
8 207 2
8 213 2
8 218 2
8 229 2
8 251 2
8 253 2
8 799 2
8 301 2
8 323 2
8 329 2
8 342 2
8 346 2
8 411 2
8 418 2
8 430 2
8 496 2
8 510 2
8 513 2
8 518 2
8 529 2
8 546 2
8 561 2
8 592 2
8 621 2
8 681 2
8 706 2
8 728 2
8 732 2
8 752 2
8 758 2
8 768 2
8 788 2
8 10 2
8 60 2
8 91 2
8 189 2
8 309 2
8 349 2
8 384 2
8 489 2
8 542 2
8 555 2
8 589 2
8 658 2
8 671 2
8 673 2
8 759 2
8 770 2
8 772 2
9 14 2
9 34 2
9 62 2
9 188 2
9 391 2
9 393 2
9 405 2
9 441 2
9 453 2
9 454 2
9 463 2
9 617 2
9 714 2
9 754 2
9 11 2
9 12 2
9 13 2
9 20 2
9 26 2
9 32 2
9 98 2
9 122 2
9 143 2
9 152 2
9 156 2
9 164 2
9 207 2
9 232 2
9 239 2
9 299 2
9 316 2
9 343 2
9 412 2
9 797 2
9 600 2
9 605 2
9 616 2
9 786 2
10 16 2
10 25 2
10 28 2
10 75 2
10 80 2
10 100 2
10 105 2
10 112 2
10 137 2
10 168 2
10 222 2
10 242 2
10 259 2
10 305 2
10 365 2
10 368 2
10 408 2
10 416 2
10 424 2
10 440 2
10 655 2
10 682 2
10 697 2
10 775 2
10 60 2
10 189 2
10 671 2
10 673 2
10 710 2
11 15 2
11 33 2
11 84 2
11 108 2
11 127 2
11 129 2
11 145 2
11 196 2
11 199 2
11 206 2
11 208 2
11 250 2
11 293 2
11 319 2
11 360 2
11 362 2
11 383 2
11 421 2
11 423 2
11 449 2
11 452 2
11 455 2
11 462 2
11 485 2
11 579 2
11 598 2
11 608 2
11 644 2
11 702 2
11 717 2
11 20 2
11 22 2
11 24 2
11 30 2
11 32 2
11 36 2
11 37 2
11 41 2
11 42 2
11 45 2
11 56 2
11 128 2
11 138 2
11 141 2
11 143 2
11 150 2
11 204 2
11 415 2
11 797 2
11 529 2
11 533 2
11 559 2
11 621 2
11 728 2
12 88 2
12 144 2
12 155 2
12 670 2
12 15 2
12 17 2
12 44 2
12 58 2
12 99 2
12 238 2
12 240 2
12 305 2
12 343 2
12 365 2
12 383 2
12 418 2
12 426 2
12 444 2
12 456 2
12 488 2
12 510 2
12 530 2
12 570 2
12 598 2
12 600 2
12 626 2
12 726 2
13 19 2
13 23 2
13 24 2
13 30 2
13 31 2
13 37 2
13 40 2
13 42 2
13 52 2
13 53 2
13 55 2
13 59 2
13 65 2
13 70 2
13 85 2
13 86 2
13 93 2
13 101 2
13 111 2
13 118 2
13 125 2
13 128 2
13 130 2
13 131 2
13 142 2
13 143 2
13 149 2
13 193 2
13 201 2
13 210 2
13 221 2
13 256 2
13 263 2
13 266 2
13 267 2
13 280 2
13 286 2
13 322 2
13 328 2
13 330 2
13 355 2
13 357 2
13 375 2
13 384 2
13 404 2
13 419 2
13 429 2
13 436 2
13 466 2
13 475 2
13 476 2
13 500 2
13 533 2
13 567 2
13 600 2
13 607 2
13 648 2
13 663 2
13 668 2
13 708 2
13 735 2
13 763 2
13 778 2
13 14 2
13 26 2
13 38 2
13 98 2
13 116 2
13 122 2
13 152 2
13 182 2
13 527 2
13 564 2
13 644 2
14 34 2
14 39 2
14 393 2
14 411 2
14 453 2
14 454 2
14 483 2
14 512 2
14 521 2
14 16 2
14 38 2
14 52 2
14 70 2
14 74 2
14 89 2
14 103 2
14 182 2
14 247 2
14 275 2
14 281 2
14 282 2
14 307 2
14 314 2
14 362 2
14 450 2
14 580 2
15 84 2
15 274 2
15 421 2
15 536 2
15 618 2
15 740 2
15 757 2
15 17 2
15 19 2
15 25 2
15 27 2
15 40 2
15 58 2
15 59 2
15 66 2
15 67 2
15 73 2
15 80 2
15 88 2
15 90 2
15 104 2
15 110 2
15 115 2
15 119 2
15 140 2
15 145 2
15 159 2
15 174 2
15 179 2
15 203 2
15 230 2
15 238 2
15 240 2
15 254 2
15 262 2
15 300 2
15 302 2
15 305 2
15 313 2
15 324 2
15 342 2
15 355 2
15 369 2
15 372 2
15 375 2
15 391 2
15 392 2
15 408 2
15 428 2
15 449 2
15 466 2
15 476 2
15 487 2
15 510 2
15 518 2
15 531 2
15 532 2
15 547 2
15 552 2
15 581 2
15 585 2
15 610 2
15 642 2
15 647 2
15 662 2
15 695 2
15 703 2
15 792 2
15 778 2
16 28 2
16 63 2
16 392 2
16 52 2
16 201 2
16 223 2
16 307 2
16 354 2
16 362 2
17 29 2
17 32 2
17 48 2
17 68 2
17 82 2
17 97 2
17 238 2
17 264 2
17 270 2
17 394 2
17 474 2
17 492 2
17 496 2
17 510 2
17 525 2
17 693 2
17 761 2
17 764 2
17 19 2
17 39 2
17 40 2
17 44 2
17 58 2
17 59 2
17 62 2
17 129 2
17 157 2
17 175 2
17 184 2
17 253 2
17 268 2
17 301 2
17 345 2
17 383 2
17 403 2
17 408 2
17 423 2
17 440 2
17 446 2
17 552 2
17 565 2
17 604 2
17 643 2
17 663 2
17 707 2
17 718 2
17 722 2
17 745 2
18 36 2
18 41 2
18 54 2
18 57 2
18 60 2
18 176 2
18 185 2
18 372 2
18 425 2
18 437 2
18 21 2
18 29 2
18 33 2
18 61 2
18 77 2
18 81 2
18 151 2
18 173 2
18 220 2
18 255 2
18 308 2
18 336 2
18 353 2
18 397 2
18 414 2
18 419 2
18 424 2
18 436 2
18 468 2
18 506 2
18 551 2
18 594 2
18 597 2
18 794 2
18 685 2
18 692 2
18 699 2
18 708 2
19 24 2
19 31 2
19 37 2
19 49 2
19 52 2
19 94 2
19 99 2
19 107 2
19 130 2
19 149 2
19 179 2
19 297 2
19 303 2
19 324 2
19 380 2
19 472 2
19 478 2
19 493 2
19 619 2
19 668 2
19 703 2
19 712 2
19 756 2
19 767 2
19 27 2
19 39 2
19 53 2
19 62 2
19 129 2
19 157 2
19 168 2
19 175 2
19 372 2
19 399 2
19 496 2
19 528 2
19 553 2
20 21 2
20 35 2
20 96 2
20 213 2
20 229 2
20 230 2
20 348 2
20 377 2
20 379 2
20 385 2
20 537 2
20 580 2
20 621 2
20 674 2
20 22 2
20 49 2
20 75 2
20 106 2
20 141 2
20 172 2
20 257 2
20 293 2
20 310 2
20 415 2
20 431 2
20 797 2
21 71 2
21 117 2
21 216 2
21 230 2
21 245 2
21 248 2
21 377 2
21 379 2
21 450 2
21 542 2
21 561 2
21 569 2
21 609 2
21 672 2
21 674 2
21 729 2
21 35 2
21 50 2
21 57 2
21 77 2
21 86 2
21 102 2
21 151 2
21 158 2
21 171 2
21 255 2
21 340 2
21 353 2
21 517 2
22 26 2
22 78 2
22 170 2
22 233 2
22 255 2
22 287 2
22 298 2
22 350 2
22 376 2
22 482 2
22 24 2
22 30 2
22 36 2
22 45 2
22 49 2
22 63 2
22 64 2
22 141 2
22 166 2
22 196 2
22 208 2
22 261 2
22 310 2
22 381 2
22 421 2
22 452 2
22 477 2
22 529 2
22 540 2
22 567 2
22 601 2
22 713 2
23 30 2
23 85 2
23 158 2
23 578 2
23 778 2
23 48 2
23 65 2
23 154 2
23 165 2
23 455 2
23 541 2
23 571 2
23 611 2
23 680 2
23 731 2
24 798 2
24 27 2
24 31 2
24 38 2
24 40 2
24 42 2
24 49 2
24 51 2
24 55 2
24 83 2
24 89 2
24 92 2
24 94 2
24 95 2
24 99 2
24 102 2
24 103 2
24 107 2
24 109 2
24 115 2
24 122 2
24 126 2
24 128 2
24 133 2
24 151 2
24 156 2
24 159 2
24 161 2
24 163 2
24 183 2
24 215 2
24 241 2
24 267 2
24 280 2
24 304 2
24 324 2
24 332 2
24 344 2
24 373 2
24 439 2
24 448 2
24 468 2
24 501 2
24 523 2
24 545 2
24 570 2
24 635 2
24 651 2
24 699 2
24 744 2
24 777 2
24 30 2
24 150 2
24 204 2
24 236 2
24 274 2
24 287 2
24 381 2
24 533 2
24 606 2
24 785 2
25 43 2
25 46 2
25 73 2
25 74 2
25 80 2
25 81 2
25 106 2
25 119 2
25 175 2
25 186 2
25 202 2
25 219 2
25 254 2
25 273 2
25 279 2
25 295 2
25 310 2
25 339 2
25 340 2
25 361 2
25 369 2
25 403 2
25 438 2
25 494 2
25 505 2
25 553 2
25 557 2
25 564 2
25 572 2
25 603 2
25 610 2
25 652 2
25 145 2
25 313 2
25 767 2
26 78 2
26 121 2
26 170 2
26 181 2
26 191 2
26 282 2
26 321 2
26 605 2
26 733 2
26 779 2
26 122 2
26 239 2
26 299 2
26 519 2
27 49 2
27 51 2
27 91 2
27 102 2
27 132 2
27 141 2
27 223 2
27 308 2
27 320 2
27 332 2
27 380 2
27 472 2
27 563 2
27 756 2
27 782 2
27 40 2
27 62 2
27 115 2
27 131 2
27 140 2
27 168 2
27 227 2
27 318 2
27 420 2
27 479 2
27 588 2
28 63 2
28 75 2
28 105 2
28 168 2
28 300 2
28 331 2
28 434 2
28 560 2
28 599 2
28 640 2
28 46 2
28 55 2
28 76 2
28 94 2
28 108 2
28 133 2
28 161 2
28 252 2
28 264 2
28 273 2
28 320 2
28 322 2
28 389 2
28 405 2
28 425 2
28 554 2
28 653 2
28 789 2
29 44 2
29 47 2
29 48 2
29 64 2
29 66 2
29 68 2
29 77 2
29 82 2
29 140 2
29 187 2
29 238 2
29 270 2
29 294 2
29 351 2
29 388 2
29 456 2
29 471 2
29 480 2
29 488 2
29 588 2
29 595 2
29 642 2
29 698 2
29 734 2
29 760 2
29 33 2
29 61 2
29 71 2
29 81 2
29 183 2
29 220 2
29 463 2
29 506 2
29 525 2
29 633 2
30 111 2
30 578 2
30 778 2
30 36 2
30 41 2
30 63 2
30 97 2
30 204 2
30 218 2
30 236 2
30 274 2
30 304 2
30 381 2
30 421 2
30 452 2
30 477 2
30 540 2
30 725 2
30 728 2
30 782 2
31 38 2
31 70 2
31 94 2
31 95 2
31 103 2
31 122 2
31 139 2
31 149 2
31 297 2
31 311 2
31 353 2
31 501 2
31 551 2
31 600 2
31 601 2
31 602 2
31 68 2
31 125 2
31 160 2
31 186 2
31 277 2
31 312 2
31 337 2
31 562 2
31 614 2
31 627 2
31 716 2
31 765 2
32 97 2
32 218 2
32 394 2
32 581 2
32 42 2
32 43 2
32 54 2
32 78 2
32 139 2
32 143 2
32 605 2
32 786 2
33 127 2
33 145 2
33 362 2
33 449 2
33 604 2
33 646 2
33 684 2
33 71 2
33 123 2
33 135 2
33 180 2
33 336 2
33 506 2
33 507 2
33 597 2
33 717 2
34 391 2
34 393 2
34 405 2
34 483 2
34 626 2
34 690 2
34 92 2
34 176 2
34 185 2
34 206 2
34 249 2
34 298 2
34 438 2
34 499 2
34 738 2
35 229 2
35 379 2
35 561 2
35 672 2
35 47 2
35 50 2
35 57 2
35 72 2
35 79 2
35 93 2
35 96 2
35 102 2
35 109 2
35 121 2
35 169 2
35 199 2
35 211 2
35 221 2
35 224 2
35 225 2
35 228 2
35 244 2
35 245 2
35 248 2
35 296 2
35 331 2
35 363 2
35 460 2
35 502 2
35 538 2
35 563 2
35 623 2
35 646 2
35 659 2
35 751 2
36 58 2
36 60 2
36 72 2
36 176 2
36 195 2
36 203 2
36 246 2
36 271 2
36 275 2
36 288 2
36 317 2
36 435 2
36 437 2
36 445 2
36 721 2
36 41 2
36 45 2
36 63 2
36 64 2
36 97 2
36 138 2
36 181 2
36 196 2
36 304 2
36 409 2
36 559 2
36 654 2
36 735 2
37 52 2
37 53 2
37 101 2
37 125 2
37 201 2
37 212 2
37 221 2
37 303 2
37 352 2
37 481 2
37 499 2
37 767 2
37 56 2
37 621 2
38 40 2
38 70 2
38 95 2
38 118 2
38 159 2
38 161 2
38 189 2
38 290 2
38 311 2
38 357 2
38 375 2
38 384 2
38 396 2
38 422 2
38 457 2
38 523 2
38 534 2
38 601 2
38 622 2
38 685 2
38 759 2
38 783 2
38 799 2
38 74 2
38 89 2
38 146 2
38 191 2
38 266 2
38 471 2
38 549 2
38 712 2
38 734 2
39 76 2
39 79 2
39 113 2
39 116 2
39 411 2
39 427 2
39 460 2
39 677 2
39 53 2
39 184 2
39 188 2
39 301 2
39 423 2
39 454 2
39 584 2
40 42 2
40 89 2
40 92 2
40 118 2
40 173 2
40 189 2
40 256 2
40 286 2
40 464 2
40 500 2
40 506 2
40 523 2
40 589 2
40 635 2
40 115 2
40 131 2
40 230 2
40 391 2
40 531 2
40 552 2
40 664 2
41 57 2
41 60 2
41 110 2
41 317 2
41 372 2
41 401 2
41 445 2
41 606 2
41 787 2
41 138 2
41 181 2
41 212 2
41 259 2
41 409 2
41 515 2
41 757 2
41 783 2
42 55 2
42 65 2
42 89 2
42 93 2
42 133 2
42 147 2
42 148 2
42 152 2
42 173 2
42 210 2
42 256 2
42 269 2
42 284 2
42 327 2
42 464 2
42 466 2
42 468 2
42 526 2
42 543 2
42 589 2
42 704 2
42 43 2
42 83 2
42 130 2
42 177 2
42 461 2
43 46 2
43 61 2
43 73 2
43 74 2
43 119 2
43 202 2
43 219 2
43 792 2
43 254 2
43 258 2
43 296 2
43 338 2
43 339 2
43 340 2
43 369 2
43 469 2
43 531 2
43 657 2
43 54 2
43 78 2
43 82 2
43 83 2
43 105 2
43 120 2
43 130 2
43 139 2
43 177 2
43 210 2
43 214 2
43 241 2
43 333 2
43 461 2
43 556 2
43 775 2
43 776 2
44 47 2
44 167 2
44 388 2
44 431 2
44 659 2
44 660 2
44 662 2
44 731 2
44 766 2
44 99 2
44 608 2
44 631 2
45 58 2
45 72 2
45 87 2
45 120 2
45 135 2
45 184 2
45 203 2
45 211 2
45 217 2
45 224 2
45 228 2
45 231 2
45 243 2
45 252 2
45 260 2
45 283 2
45 285 2
45 288 2
45 299 2
45 433 2
45 507 2
45 527 2
45 539 2
45 574 2
45 636 2
45 700 2
45 715 2
45 747 2
45 64 2
45 529 2
45 713 2
46 73 2
46 81 2
46 175 2
46 239 2
46 338 2
46 438 2
46 76 2
46 94 2
46 161 2
46 264 2
46 285 2
46 442 2
46 484 2
46 512 2
46 687 2
47 77 2
47 124 2
47 140 2
47 227 2
47 236 2
47 516 2
47 575 2
47 69 2
47 72 2
47 84 2
47 101 2
47 111 2
47 142 2
47 169 2
47 192 2
47 198 2
47 202 2
47 228 2
47 256 2
47 317 2
47 359 2
47 364 2
47 376 2
47 432 2
47 482 2
47 563 2
48 64 2
48 66 2
48 264 2
48 270 2
48 471 2
48 474 2
48 480 2
48 549 2
48 568 2
48 616 2
48 746 2
48 761 2
48 51 2
48 117 2
48 154 2
48 165 2
48 193 2
48 222 2
48 417 2
48 462 2
48 503 2
48 560 2
48 615 2
48 620 2
48 635 2
48 771 2
49 51 2
49 83 2
49 91 2
49 99 2
49 292 2
49 380 2
49 478 2
49 596 2
49 75 2
49 166 2
49 263 2
49 310 2
49 379 2
49 396 2
49 567 2
50 69 2
50 98 2
50 160 2
50 174 2
50 197 2
50 335 2
50 784 2
50 57 2
50 86 2
50 87 2
50 93 2
50 95 2
50 96 2
50 158 2
50 171 2
50 187 2
50 190 2
50 194 2
50 276 2
50 290 2
50 311 2
50 340 2
50 358 2
50 363 2
50 380 2
50 429 2
50 437 2
50 539 2
50 550 2
50 632 2
50 798 2
50 667 2
50 709 2
50 729 2
50 748 2
50 751 2
50 780 2
51 83 2
51 91 2
51 132 2
51 136 2
51 141 2
51 162 2
51 223 2
51 277 2
51 292 2
51 308 2
51 332 2
51 336 2
51 349 2
51 587 2
51 777 2
51 117 2
51 222 2
51 503 2
52 53 2
52 130 2
52 142 2
52 179 2
52 180 2
52 406 2
52 407 2
52 479 2
52 481 2
52 767 2
52 70 2
52 103 2
52 147 2
52 282 2
52 284 2
53 101 2
53 481 2
53 399 2
54 67 2
54 165 2
54 166 2
54 656 2
54 688 2
54 738 2
54 139 2
54 177 2
54 333 2
55 65 2
55 147 2
55 193 2
55 280 2
55 327 2
55 355 2
55 363 2
55 415 2
55 468 2
55 607 2
55 612 2
55 663 2
55 699 2
55 736 2
55 252 2
55 273 2
56 128 2
56 250 2
56 328 2
56 526 2
56 618 2
57 110 2
57 372 2
57 401 2
57 787 2
57 86 2
57 87 2
57 93 2
57 95 2
57 102 2
57 109 2
57 112 2
57 178 2
57 190 2
57 194 2
57 209 2
57 221 2
57 237 2
57 251 2
57 283 2
57 290 2
57 341 2
57 347 2
57 407 2
57 429 2
57 517 2
57 574 2
57 596 2
57 634 2
57 660 2
57 686 2
57 697 2
57 773 2
58 72 2
58 135 2
58 195 2
58 217 2
58 225 2
58 260 2
58 271 2
58 312 2
58 334 2
58 435 2
58 710 2
58 59 2
58 66 2
58 67 2
58 107 2
58 127 2
58 132 2
58 170 2
58 240 2
58 242 2
58 265 2
58 269 2
58 272 2
58 329 2
58 330 2
58 342 2
58 365 2
58 383 2
58 387 2
58 388 2
58 395 2
58 440 2
58 449 2
58 475 2
58 570 2
58 711 2
58 726 2
58 749 2
59 86 2
59 131 2
59 796 2
59 436 2
59 559 2
59 590 2
59 594 2
59 749 2
59 66 2
59 107 2
59 127 2
59 132 2
59 144 2
59 269 2
59 272 2
59 329 2
59 335 2
59 348 2
59 408 2
59 440 2
59 534 2
59 604 2
59 636 2
59 676 2
59 737 2
60 317 2
60 606 2
60 91 2
60 658 2
60 673 2
60 774 2
61 114 2
61 204 2
61 209 2
61 313 2
61 343 2
61 410 2
61 81 2
61 414 2
61 583 2
62 188 2
62 430 2
62 441 2
62 447 2
62 463 2
62 681 2
62 689 2
62 732 2
62 770 2
62 129 2
62 168 2
62 253 2
62 318 2
62 403 2
62 420 2
62 565 2
62 663 2
63 300 2
63 97 2
63 218 2
63 452 2
63 735 2
64 66 2
64 351 2
64 488 2
64 616 2
64 746 2
64 196 2
65 93 2
65 147 2
65 148 2
65 152 2
65 193 2
65 244 2
65 263 2
65 269 2
65 276 2
65 289 2
65 328 2
65 370 2
65 465 2
65 476 2
65 502 2
65 530 2
65 543 2
65 724 2
65 393 2
65 541 2
65 680 2
66 797 2
66 351 2
66 471 2
66 595 2
66 616 2
66 642 2
66 769 2
66 67 2
66 73 2
66 88 2
66 90 2
66 107 2
66 159 2
66 170 2
66 174 2
66 179 2
66 242 2
66 265 2
66 278 2
66 315 2
66 334 2
66 377 2
66 382 2
66 413 2
66 691 2
66 778 2
67 90 2
67 104 2
67 165 2
67 220 2
67 459 2
67 688 2
67 73 2
67 80 2
67 85 2
67 110 2
67 163 2
67 170 2
67 260 2
67 271 2
67 278 2
67 319 2
67 342 2
67 369 2
67 392 2
67 395 2
67 445 2
67 579 2
67 581 2
67 612 2
67 622 2
67 625 2
67 691 2
67 719 2
67 724 2
67 758 2
68 82 2
68 187 2
68 294 2
68 426 2
68 456 2
68 492 2
68 588 2
68 125 2
68 160 2
68 246 2
68 303 2
68 469 2
68 514 2
68 544 2
68 562 2
69 98 2
69 197 2
69 358 2
69 367 2
69 446 2
69 451 2
69 558 2
69 751 2
69 784 2
69 84 2
69 111 2
69 198 2
69 317 2
69 508 2
70 311 2
70 375 2
70 103 2
70 147 2
70 275 2
70 281 2
71 117 2
71 134 2
71 216 2
71 232 2
71 247 2
71 251 2
71 265 2
71 758 2
71 123 2
71 135 2
72 195 2
72 203 2
72 246 2
72 252 2
72 260 2
72 314 2
72 753 2
72 79 2
72 101 2
72 113 2
72 114 2
72 121 2
72 124 2
72 134 2
72 149 2
72 202 2
72 205 2
72 228 2
72 244 2
72 256 2
72 279 2
72 361 2
72 390 2
72 483 2
72 520 2
72 649 2
72 723 2
73 81 2
73 106 2
73 119 2
73 190 2
73 237 2
73 273 2
73 296 2
73 338 2
73 398 2
73 469 2
73 519 2
73 556 2
73 576 2
73 582 2
73 628 2
73 687 2
73 727 2
73 771 2
73 80 2
73 85 2
73 88 2
73 104 2
73 137 2
73 302 2
73 382 2
73 547 2
74 186 2
74 202 2
74 226 2
74 258 2
74 281 2
74 652 2
74 89 2
74 146 2
74 191 2
74 471 2
75 105 2
75 112 2
75 487 2
75 566 2
75 654 2
75 655 2
75 106 2
75 172 2
75 396 2
76 79 2
76 116 2
76 164 2
76 177 2
76 207 2
76 418 2
76 460 2
76 728 2
76 161 2
76 442 2
76 554 2
77 124 2
77 140 2
77 205 2
77 227 2
77 235 2
77 325 2
77 364 2
77 432 2
77 571 2
77 591 2
77 624 2
77 641 2
77 716 2
77 734 2
77 786 2
77 151 2
77 308 2
77 422 2
77 436 2
77 478 2
77 523 2
77 551 2
78 181 2
78 191 2
78 282 2
78 528 2
78 82 2
78 241 2
79 116 2
79 164 2
79 172 2
79 182 2
79 194 2
79 207 2
79 214 2
79 329 2
79 413 2
79 427 2
79 513 2
79 793 2
79 593 2
79 113 2
79 121 2
79 124 2
79 149 2
79 205 2
79 211 2
79 331 2
79 361 2
79 464 2
79 520 2
79 538 2
80 603 2
80 625 2
80 85 2
80 104 2
80 110 2
80 137 2
80 163 2
80 286 2
80 319 2
80 394 2
81 106 2
81 175 2
81 190 2
81 237 2
81 239 2
81 302 2
81 398 2
81 490 2
81 552 2
81 555 2
81 220 2
81 414 2
81 424 2
81 583 2
81 633 2
81 730 2
82 238 2
82 294 2
82 241 2
83 777 2
83 105 2
83 120 2
83 130 2
83 153 2
83 155 2
83 219 2
83 430 2
83 568 2
84 206 2
84 111 2
84 142 2
84 508 2
84 744 2
85 266 2
85 137 2
85 286 2
85 319 2
85 394 2
86 87 2
86 112 2
86 171 2
86 195 2
86 798 2
86 550 2
86 632 2
86 702 2
86 729 2
86 748 2
86 773 2
87 120 2
87 184 2
87 299 2
87 633 2
87 700 2
87 95 2
87 112 2
87 178 2
87 195 2
87 197 2
87 209 2
87 231 2
87 243 2
87 411 2
87 550 2
87 668 2
87 702 2
88 144 2
88 234 2
88 670 2
88 90 2
88 119 2
88 136 2
88 254 2
88 262 2
88 375 2
88 382 2
88 695 2
89 92 2
89 133 2
89 173 2
89 241 2
89 506 2
89 146 2
90 104 2
90 138 2
90 146 2
90 169 2
90 240 2
90 359 2
90 459 2
90 711 2
90 119 2
90 136 2
90 159 2
90 200 2
90 334 2
90 641 2
91 132 2
91 136 2
91 292 2
91 658 2
91 774 2
92 241 2
92 506 2
92 176 2
92 206 2
92 217 2
92 258 2
92 400 2
92 499 2
93 148 2
93 210 2
93 263 2
93 284 2
93 370 2
93 374 2
93 530 2
93 748 2
93 96 2
93 187 2
93 194 2
93 221 2
93 224 2
93 237 2
93 276 2
93 283 2
93 289 2
93 292 2
93 295 2
93 346 2
93 357 2
93 371 2
93 380 2
93 402 2
93 404 2
93 410 2
93 427 2
93 434 2
93 451 2
93 472 2
93 474 2
93 492 2
93 591 2
93 667 2
93 690 2
93 705 2
93 780 2
94 107 2
94 115 2
94 123 2
94 150 2
94 183 2
94 501 2
94 540 2
94 541 2
94 285 2
95 103 2
95 109 2
95 159 2
95 192 2
95 344 2
95 414 2
95 651 2
95 190 2
95 197 2
95 243 2
95 251 2
95 291 2
95 373 2
95 521 2
95 557 2
95 652 2
96 213 2
96 346 2
96 537 2
96 580 2
96 187 2
96 225 2
96 289 2
96 292 2
96 311 2
96 363 2
96 457 2
96 460 2
96 701 2
96 764 2
96 788 2
97 394 2
97 496 2
97 581 2
97 592 2
97 799 2
97 692 2
97 725 2
97 218 2
97 304 2
97 735 2
98 174 2
98 197 2
98 335 2
98 358 2
98 751 2
98 116 2
98 156 2
98 656 2
98 678 2
99 418 2
99 530 2
99 608 2
99 631 2
100 137 2
100 262 2
100 365 2
100 424 2
100 794 2
100 520 2
100 126 2
100 167 2
100 216 2
100 226 2
100 233 2
100 270 2
100 467 2
100 485 2
100 669 2
100 727 2
100 741 2
100 768 2
101 125 2
101 143 2
101 212 2
101 257 2
101 322 2
101 386 2
101 548 2
101 613 2
101 667 2
101 202 2
101 359 2
102 171 2
102 448 2
102 744 2
102 782 2
102 109 2
102 248 2
102 296 2
102 517 2
102 657 2
102 686 2
103 109 2
103 122 2
103 126 2
103 139 2
103 178 2
103 192 2
103 326 2
103 337 2
103 373 2
103 486 2
103 547 2
103 551 2
103 570 2
103 611 2
103 147 2
103 281 2
103 282 2
103 284 2
104 359 2
104 459 2
104 711 2
104 302 2
105 112 2
105 168 2
105 331 2
105 408 2
105 487 2
105 566 2
105 682 2
105 697 2
105 775 2
105 120 2
105 153 2
105 155 2
105 210 2
105 214 2
105 219 2
105 325 2
105 714 2
105 776 2
106 190 2
106 273 2
106 519 2
106 552 2
106 610 2
106 628 2
106 701 2
106 172 2
106 257 2
106 293 2
106 338 2
106 470 2
107 115 2
107 123 2
107 324 2
107 127 2
107 144 2
107 242 2
107 387 2
107 388 2
107 534 2
108 129 2
108 196 2
108 250 2
108 455 2
108 485 2
108 524 2
108 118 2
108 133 2
108 234 2
108 425 2
108 653 2
108 683 2
108 700 2
109 192 2
109 326 2
109 344 2
109 373 2
109 414 2
109 439 2
109 547 2
109 565 2
109 248 2
109 686 2
110 787 2
110 163 2
110 260 2
110 369 2
110 445 2
110 476 2
110 487 2
110 758 2
111 330 2
111 648 2
111 673 2
111 198 2
112 487 2
112 654 2
112 655 2
112 697 2
112 178 2
112 195 2
112 407 2
112 596 2
112 668 2
112 773 2
113 172 2
113 182 2
113 200 2
113 214 2
113 249 2
113 272 2
113 427 2
113 677 2
113 114 2
113 124 2
113 134 2
113 148 2
113 279 2
113 386 2
113 617 2
114 204 2
114 313 2
114 410 2
114 444 2
114 577 2
114 774 2
114 134 2
114 148 2
114 215 2
114 297 2
114 352 2
114 366 2
114 390 2
114 448 2
114 483 2
114 572 2
114 582 2
114 593 2
114 617 2
114 649 2
115 123 2
115 150 2
115 304 2
115 540 2
115 541 2
115 131 2
115 140 2
115 227 2
115 230 2
115 447 2
115 466 2
115 479 2
115 497 2
115 585 2
115 674 2
115 754 2
116 164 2
116 413 2
116 460 2
117 216 2
117 247 2
117 389 2
117 569 2
117 739 2
117 781 2
117 193 2
117 222 2
117 560 2
118 189 2
118 286 2
118 357 2
118 396 2
118 162 2
118 683 2
118 700 2
118 791 2
119 219 2
119 296 2
119 557 2
119 576 2
119 136 2
119 200 2
119 254 2
119 641 2
119 662 2
119 698 2
120 184 2
120 211 2
120 231 2
120 243 2
120 345 2
120 511 2
120 633 2
120 665 2
120 671 2
120 675 2
120 155 2
120 776 2
121 153 2
121 198 2
121 371 2
121 390 2
121 733 2
121 149 2
121 211 2
121 244 2
121 464 2
122 126 2
122 139 2
122 178 2
122 152 2
122 164 2
122 207 2
122 229 2
122 239 2
122 267 2
122 578 2
122 760 2
123 541 2
123 135 2
123 180 2
123 507 2
124 205 2
124 236 2
124 571 2
124 575 2
124 279 2
124 520 2
125 143 2
125 212 2
125 257 2
125 386 2
125 404 2
125 548 2
125 613 2
125 658 2
125 160 2
125 312 2
125 332 2
125 469 2
125 514 2
125 561 2
125 614 2
125 639 2
126 798 2
126 570 2
126 611 2
126 167 2
126 401 2
127 145 2
127 319 2
127 132 2
127 144 2
127 330 2
127 387 2
127 398 2
128 151 2
128 156 2
128 157 2
128 267 2
128 306 2
128 545 2
128 632 2
128 686 2
128 250 2
128 321 2
128 328 2
128 505 2
128 526 2
128 548 2
128 602 2
128 618 2
128 677 2
129 250 2
129 157 2
129 253 2
129 496 2
129 745 2
130 142 2
130 179 2
130 180 2
130 419 2
130 429 2
130 479 2
130 493 2
130 554 2
130 773 2
131 436 2
131 559 2
131 594 2
131 227 2
131 447 2
131 497 2
131 524 2
131 592 2
131 674 2
132 136 2
132 141 2
132 162 2
132 277 2
132 320 2
132 498 2
132 269 2
132 330 2
132 398 2
132 475 2
132 675 2
132 793 2
133 234 2
133 339 2
133 405 2
133 425 2
133 441 2
133 490 2
133 655 2
134 232 2
134 251 2
134 318 2
134 148 2
134 215 2
134 297 2
134 386 2
134 390 2
135 217 2
135 225 2
135 228 2
135 283 2
135 312 2
135 366 2
135 402 2
135 653 2
135 785 2
136 162 2
136 587 2
136 200 2
136 698 2
137 222 2
137 262 2
137 305 2
137 333 2
137 365 2
137 286 2
138 146 2
138 181 2
138 212 2
138 259 2
138 515 2
138 522 2
138 559 2
139 178 2
139 353 2
139 551 2
139 333 2
140 227 2
140 235 2
140 325 2
140 432 2
140 624 2
140 734 2
140 466 2
141 223 2
141 277 2
141 320 2
141 336 2
141 349 2
141 498 2
141 415 2
142 180 2
142 406 2
142 419 2
142 773 2
142 364 2
142 378 2
142 595 2
142 750 2
143 257 2
143 322 2
143 404 2
143 658 2
143 667 2
143 680 2
143 713 2
144 155 2
144 234 2
144 670 2
144 765 2
144 534 2
144 676 2
144 681 2
145 319 2
145 203 2
145 288 2
145 355 2
145 385 2
145 518 2
145 688 2
146 169 2
146 240 2
146 522 2
146 634 2
147 327 2
147 363 2
147 503 2
147 284 2
148 152 2
148 244 2
148 284 2
148 374 2
148 215 2
148 386 2
148 448 2
148 480 2
148 545 2
148 617 2
149 297 2
149 600 2
149 668 2
149 712 2
149 205 2
150 183 2
150 304 2
150 540 2
150 533 2
150 606 2
151 156 2
151 157 2
151 163 2
151 215 2
151 261 2
151 306 2
151 495 2
151 508 2
151 645 2
151 686 2
151 255 2
151 436 2
151 523 2
152 244 2
152 269 2
152 276 2
152 289 2
152 316 2
152 502 2
152 664 2
152 724 2
152 760 2
153 198 2
153 307 2
153 371 2
153 390 2
153 790 2
153 325 2
153 430 2
153 439 2
153 613 2
154 158 2
154 278 2
154 399 2
154 470 2
154 477 2
154 165 2
154 417 2
154 455 2
154 731 2
154 787 2
155 219 2
155 568 2
155 704 2
155 714 2
156 157 2
156 261 2
156 378 2
156 397 2
156 632 2
156 683 2
156 232 2
156 356 2
156 516 2
156 656 2
157 261 2
157 356 2
157 397 2
157 495 2
157 632 2
157 645 2
157 175 2
157 268 2
157 280 2
157 294 2
157 496 2
157 504 2
157 528 2
157 537 2
157 553 2
157 575 2
157 637 2
157 672 2
157 694 2
157 720 2
157 761 2
158 399 2
158 477 2
158 742 2
158 340 2
158 437 2
158 709 2
159 161 2
159 290 2
159 534 2
159 651 2
159 174 2
159 315 2
159 324 2
159 334 2
159 377 2
159 413 2
160 709 2
161 290 2
161 457 2
161 622 2
161 264 2
161 512 2
162 587 2
162 683 2
163 215 2
163 260 2
163 271 2
163 368 2
163 724 2
164 413 2
164 207 2
164 229 2
164 316 2
164 344 2
164 458 2
164 616 2
164 760 2
165 166 2
165 428 2
165 583 2
165 656 2
165 688 2
165 738 2
165 731 2
166 428 2
166 656 2
166 208 2
166 263 2
166 379 2
166 567 2
167 509 2
167 226 2
167 235 2
167 367 2
167 401 2
168 331 2
168 408 2
168 318 2
169 240 2
169 522 2
169 634 2
169 649 2
169 192 2
169 199 2
169 213 2
169 245 2
169 323 2
169 376 2
169 535 2
169 646 2
169 659 2
169 682 2
169 696 2
170 233 2
170 381 2
170 532 2
170 278 2
170 612 2
170 622 2
171 461 2
171 782 2
171 729 2
172 182 2
172 194 2
172 200 2
173 464 2
173 526 2
173 397 2
173 406 2
173 685 2
173 721 2
174 179 2
174 315 2
174 324 2
175 239 2
175 268 2
175 280 2
175 345 2
175 528 2
175 575 2
175 624 2
175 643 2
175 693 2
176 425 2
176 437 2
176 721 2
176 217 2
176 438 2
176 465 2
177 323 2
177 342 2
177 409 2
177 467 2
177 518 2
177 585 2
177 627 2
177 669 2
177 728 2
177 461 2
178 209 2
178 231 2
178 407 2
178 574 2
178 668 2
179 493 2
179 554 2
180 406 2
180 407 2
180 479 2
180 773 2
180 507 2
180 717 2
181 191 2
181 528 2
181 605 2
181 779 2
181 789 2
181 212 2
181 409 2
181 654 2
181 757 2
182 200 2
182 214 2
182 249 2
182 272 2
182 793 2
182 247 2
182 327 2
182 644 2
182 790 2
183 463 2
184 211 2
184 299 2
184 345 2
184 188 2
184 301 2
184 446 2
184 584 2
184 707 2
185 298 2
185 459 2
185 651 2
186 226 2
186 281 2
186 291 2
186 310 2
186 315 2
186 354 2
186 395 2
186 417 2
186 484 2
186 544 2
186 647 2
186 652 2
186 277 2
186 337 2
186 486 2
186 627 2
186 762 2
187 426 2
187 456 2
187 276 2
187 289 2
187 311 2
187 357 2
187 358 2
187 410 2
187 473 2
187 569 2
187 689 2
187 747 2
188 430 2
188 441 2
188 447 2
188 714 2
188 754 2
188 584 2
189 671 2
190 237 2
190 302 2
190 309 2
190 341 2
190 519 2
190 552 2
190 556 2
190 687 2
190 701 2
190 720 2
190 780 2
190 429 2
190 539 2
191 282 2
191 321 2
191 605 2
191 789 2
191 266 2
191 471 2
191 549 2
191 712 2
191 734 2
192 326 2
192 337 2
192 376 2
192 432 2
192 482 2
192 500 2
192 535 2
192 536 2
192 587 2
193 328 2
193 415 2
193 465 2
193 473 2
193 650 2
193 462 2
193 635 2
193 771 2
194 237 2
194 290 2
194 341 2
194 380 2
194 451 2
194 472 2
194 474 2
194 492 2
194 501 2
194 628 2
194 697 2
194 746 2
195 271 2
195 275 2
196 199 2
196 208 2
196 268 2
196 383 2
196 455 2
196 458 2
196 524 2
196 717 2
197 335 2
197 751 2
197 784 2
197 243 2
197 251 2
197 291 2
197 373 2
197 411 2
197 557 2
197 634 2
197 650 2
197 756 2
198 371 2
199 208 2
199 268 2
199 347 2
199 579 2
199 608 2
199 213 2
199 245 2
199 323 2
199 502 2
200 249 2
200 641 2
200 698 2
201 221 2
201 352 2
201 475 2
201 499 2
201 763 2
201 223 2
201 481 2
201 619 2
202 339 2
202 403 2
202 531 2
202 772 2
202 791 2
202 359 2
203 224 2
203 246 2
203 252 2
203 314 2
203 527 2
203 629 2
203 288 2
203 300 2
203 355 2
203 385 2
203 792 2
203 494 2
203 688 2
204 209 2
204 313 2
204 444 2
204 515 2
204 236 2
204 728 2
204 785 2
205 571 2
205 641 2
205 716 2
205 361 2
206 452 2
206 499 2
207 329 2
207 418 2
207 795 2
207 229 2
207 267 2
207 316 2
207 344 2
207 416 2
207 458 2
207 511 2
207 578 2
208 268 2
208 347 2
208 383 2
208 458 2
208 608 2
208 661 2
208 696 2
208 702 2
208 261 2
208 433 2
208 491 2
209 343 2
209 515 2
209 538 2
209 231 2
210 214 2
210 556 2
210 573 2
210 775 2
211 231 2
211 345 2
211 507 2
211 511 2
211 665 2
211 675 2
211 464 2
212 386 2
212 259 2
212 522 2
212 629 2
212 757 2
212 783 2
213 253 2
213 301 2
213 346 2
213 788 2
213 323 2
213 682 2
213 696 2
214 272 2
214 793 2
215 297 2
215 352 2
215 448 2
215 480 2
215 545 2
215 593 2
216 247 2
216 265 2
216 389 2
216 569 2
216 739 2
216 233 2
216 467 2
216 558 2
216 566 2
216 607 2
217 225 2
217 283 2
217 334 2
217 402 2
217 614 2
217 653 2
217 785 2
218 581 2
218 692 2
219 254 2
219 295 2
219 387 2
219 557 2
219 568 2
219 704 2
219 714 2
220 633 2
221 224 2
221 283 2
221 295 2
221 306 2
221 346 2
221 347 2
221 351 2
221 370 2
221 402 2
221 404 2
221 546 2
221 591 2
221 779 2
222 242 2
222 305 2
222 333 2
222 503 2
222 560 2
222 615 2
222 620 2
223 308 2
223 336 2
223 619 2
224 288 2
224 295 2
224 306 2
224 371 2
224 661 2
225 334 2
225 402 2
225 614 2
226 795 2
226 281 2
226 291 2
226 315 2
226 354 2
226 395 2
226 442 2
226 484 2
226 691 2
226 235 2
227 235 2
227 591 2
227 447 2
227 592 2
227 754 2
228 285 2
228 366 2
228 256 2
228 563 2
228 603 2
229 621 2
229 706 2
229 768 2
229 267 2
229 458 2
230 245 2
230 248 2
230 377 2
230 382 2
230 385 2
230 450 2
230 491 2
230 535 2
230 542 2
230 550 2
230 597 2
230 638 2
230 391 2
231 243 2
231 507 2
231 539 2
231 584 2
232 318 2
232 504 2
232 356 2
232 516 2
233 255 2
233 381 2
233 400 2
233 270 2
234 765 2
234 339 2
235 325 2
235 364 2
235 591 2
235 367 2
236 516 2
236 575 2
236 274 2
236 287 2
236 326 2
236 785 2
237 302 2
237 309 2
237 398 2
237 412 2
237 490 2
237 497 2
237 771 2
237 474 2
237 628 2
237 697 2
238 305 2
239 299 2
239 519 2
240 522 2
240 649 2
240 365 2
240 749 2
242 259 2
242 368 2
242 265 2
243 411 2
243 650 2
244 289 2
245 248 2
245 382 2
245 491 2
245 535 2
245 609 2
245 719 2
245 502 2
245 646 2
246 314 2
246 753 2
246 303 2
247 265 2
247 389 2
247 726 2
247 327 2
247 790 2
248 382 2
248 450 2
248 550 2
248 597 2
248 638 2
248 296 2
248 623 2
248 657 2
249 738 2
250 485 2
250 321 2
250 328 2
250 505 2
250 548 2
250 602 2
250 677 2
250 739 2
251 758 2
251 291 2
251 521 2
251 577 2
251 634 2
251 769 2
252 527 2
252 629 2
252 273 2
252 320 2
252 322 2
252 498 2
252 789 2
253 301 2
253 529 2
253 403 2
253 718 2
253 722 2
253 745 2
254 295 2
254 340 2
254 361 2
254 387 2
254 494 2
254 722 2
254 792 2
254 262 2
254 532 2
254 662 2
255 287 2
255 298 2
255 723 2
256 466 2
256 533 2
256 704 2
256 603 2
256 723 2
257 613 2
257 293 2
257 338 2
257 431 2
258 657 2
258 400 2
258 679 2
259 368 2
259 416 2
259 440 2
259 695 2
259 515 2
259 522 2
259 629 2
260 271 2
260 368 2
260 579 2
261 378 2
261 495 2
261 433 2
262 375 2
262 532 2
263 370 2
263 748 2
263 379 2
264 549 2
264 761 2
264 764 2
264 512 2
266 549 2
267 545 2
267 578 2
268 347 2
268 696 2
268 280 2
268 294 2
268 345 2
268 435 2
268 443 2
268 453 2
268 504 2
268 537 2
268 624 2
268 670 2
269 276 2
269 316 2
269 514 2
269 543 2
269 272 2
269 348 2
269 350 2
269 737 2
270 474 2
270 480 2
270 525 2
270 568 2
270 639 2
270 693 2
270 485 2
270 732 2
271 275 2
271 435 2
271 710 2
271 745 2
271 368 2
271 579 2
271 625 2
271 724 2
272 329 2
272 335 2
272 348 2
272 350 2
272 742 2
273 610 2
273 628 2
273 789 2
274 293 2
274 421 2
274 618 2
274 287 2
274 326 2
274 666 2
275 314 2
276 316 2
276 514 2
276 664 2
276 762 2
276 410 2
276 667 2
276 705 2
276 747 2
277 349 2
277 498 2
277 337 2
277 486 2
278 470 2
278 612 2
278 691 2
279 603 2
279 625 2
280 607 2
280 294 2
280 443 2
280 624 2
280 670 2
280 672 2
280 693 2
281 291 2
281 544 2
282 321 2
283 347 2
283 351 2
283 660 2
284 374 2
285 433 2
285 666 2
285 678 2
285 747 2
285 484 2
286 500 2
286 394 2
287 298 2
287 350 2
287 723 2
287 326 2
288 385 2
288 494 2
288 609 2
289 502 2
289 292 2
289 357 2
289 434 2
289 457 2
289 473 2
289 648 2
289 690 2
289 701 2
290 457 2
290 534 2
290 341 2
291 315 2
291 442 2
291 544 2
291 373 2
291 521 2
291 577 2
291 652 2
291 769 2
292 434 2
292 457 2
292 648 2
293 360 2
293 338 2
293 431 2
293 470 2
294 588 2
294 698 2
294 435 2
294 443 2
294 453 2
294 672 2
294 715 2
295 361 2
295 387 2
295 505 2
295 564 2
295 722 2
295 306 2
295 346 2
295 370 2
295 371 2
295 546 2
295 599 2
295 661 2
296 469 2
296 576 2
296 727 2
296 623 2
296 657 2
297 712 2
297 352 2
297 366 2
297 543 2
297 582 2
297 743 2
298 350 2
298 723 2
299 700 2
299 519 2
300 434 2
300 640 2
301 529 2
301 788 2
301 423 2
301 454 2
302 309 2
302 341 2
302 412 2
302 490 2
302 497 2
302 555 2
302 562 2
302 737 2
302 750 2
302 547 2
303 544 2
305 333 2
305 510 2
305 626 2
305 706 2
306 508 2
306 615 2
306 686 2
307 790 2
307 354 2
307 360 2
307 362 2
307 450 2
307 630 2
308 419 2
308 422 2
308 478 2
308 594 2
309 341 2
309 412 2
309 737 2
309 349 2
309 684 2
309 752 2
310 572 2
311 601 2
311 783 2
311 358 2
311 689 2
312 332 2
312 614 2
313 642 2
313 767 2
314 753 2
314 580 2
315 354 2
315 442 2
315 377 2
316 514 2
316 664 2
316 762 2
316 344 2
316 416 2
316 616 2
317 445 2
317 606 2
318 504 2
318 420 2
318 588 2
320 322 2
320 389 2
320 498 2
320 509 2
320 638 2
321 548 2
321 739 2
322 667 2
322 680 2
322 694 2
322 389 2
322 498 2
322 509 2
322 638 2
322 645 2
323 342 2
323 409 2
323 467 2
323 585 2
323 705 2
323 682 2
325 364 2
325 432 2
326 337 2
326 486 2
326 547 2
326 666 2
327 363 2
327 503 2
327 643 2
327 790 2
328 465 2
328 476 2
328 505 2
328 526 2
329 513 2
329 546 2
329 593 2
329 620 2
329 676 2
329 335 2
329 742 2
330 648 2
330 673 2
330 776 2
330 398 2
330 475 2
330 793 2
330 675 2
331 560 2
331 599 2
331 538 2
335 742 2
337 486 2
337 627 2
338 470 2
339 369 2
339 403 2
339 531 2
339 772 2
339 441 2
340 792 2
341 737 2
342 518 2
342 585 2
342 705 2
342 392 2
342 395 2
342 449 2
342 711 2
343 412 2
344 414 2
344 565 2
344 718 2
344 416 2
344 795 2
344 511 2
344 781 2
345 511 2
345 643 2
346 370 2
346 402 2
347 696 2
347 351 2
347 660 2
347 779 2
348 350 2
348 737 2
349 542 2
349 589 2
349 684 2
351 642 2
351 769 2
351 779 2
352 499 2
352 366 2
352 543 2
352 593 2
353 794 2
353 708 2
354 360 2
355 415 2
355 473 2
355 650 2
355 736 2
355 792 2
355 518 2
355 688 2
356 378 2
356 397 2
356 683 2
356 516 2
357 384 2
357 396 2
357 422 2
357 567 2
357 623 2
357 685 2
357 473 2
357 569 2
357 576 2
358 367 2
358 420 2
358 451 2
358 489 2
358 558 2
358 689 2
360 630 2
361 494 2
361 505 2
361 553 2
362 423 2
362 449 2
362 462 2
362 631 2
362 646 2
363 503 2
363 612 2
363 643 2
363 460 2
363 764 2
364 378 2
364 595 2
364 740 2
365 570 2
365 598 2
365 749 2
366 543 2
366 582 2
366 743 2
367 420 2
367 446 2
367 451 2
367 630 2
368 440 2
368 695 2
369 476 2
369 581 2
370 530 2
370 748 2
370 546 2
370 599 2
370 640 2
370 796 2
371 661 2
372 401 2
373 439 2
373 557 2
373 652 2
373 756 2
374 495 2
375 695 2
376 443 2
376 637 2
376 432 2
376 500 2
377 385 2
377 542 2
377 674 2
377 413 2
378 595 2
378 740 2
378 750 2
379 672 2
379 729 2
380 472 2
380 478 2
380 596 2
380 619 2
380 755 2
380 451 2
380 746 2
380 766 2
381 400 2
381 532 2
381 421 2
382 550 2
383 458 2
383 661 2
383 702 2
383 717 2
383 741 2
383 726 2
384 567 2
384 685 2
384 708 2
384 489 2
386 548 2
387 722 2
387 388 2
388 431 2
388 659 2
388 731 2
389 726 2
389 739 2
389 781 2
389 638 2
389 645 2
390 649 2
391 405 2
391 617 2
391 626 2
391 690 2
391 531 2
391 610 2
391 664 2
392 428 2
393 453 2
393 483 2
393 512 2
395 417 2
395 484 2
395 647 2
395 691 2
396 422 2
396 623 2
396 759 2
397 683 2
397 406 2
397 736 2
398 771 2
398 793 2
399 477 2
399 742 2
400 679 2
402 614 2
402 653 2
402 404 2
402 427 2
403 565 2
403 718 2
404 658 2
404 713 2
404 427 2
404 591 2
405 617 2
405 626 2
406 407 2
407 574 2
407 596 2
408 682 2
409 467 2
409 627 2
409 669 2
409 654 2
410 774 2
410 705 2
410 747 2
411 650 2
414 565 2
414 718 2
414 424 2
414 468 2
414 583 2
414 730 2
415 473 2
415 736 2
416 511 2
416 781 2
417 787 2
418 426 2
418 488 2
418 530 2
419 429 2
419 594 2
419 692 2
419 699 2
419 755 2
420 489 2
420 588 2
421 618 2
421 740 2
421 757 2
421 477 2
421 601 2
421 665 2
421 725 2
422 623 2
422 759 2
422 478 2
423 454 2
424 794 2
424 520 2
424 468 2
424 730 2
425 653 2
426 444 2
426 456 2
426 488 2
426 493 2
426 513 2
428 583 2
429 539 2
429 777 2
430 681 2
430 439 2
430 613 2
431 659 2
431 660 2
432 624 2
432 482 2
432 500 2
433 636 2
433 666 2
433 678 2
433 747 2
433 491 2
434 640 2
434 690 2
435 710 2
435 745 2
435 453 2
435 504 2
435 715 2
436 523 2
437 709 2
438 465 2
439 613 2
440 695 2
440 604 2
440 636 2
441 447 2
441 714 2
441 490 2
441 655 2
442 687 2
443 637 2
443 670 2
444 456 2
444 493 2
444 513 2
444 586 2
444 590 2
444 784 2
445 758 2
446 630 2
446 707 2
447 497 2
447 524 2
447 592 2
448 744 2
448 480 2
449 462 2
449 631 2
449 711 2
451 558 2
451 472 2
451 746 2
451 766 2
452 598 2
453 454 2
453 512 2
453 521 2
453 715 2
455 524 2
457 622 2
457 648 2
457 701 2
457 788 2
458 661 2
458 741 2
459 711 2
459 651 2
460 764 2
461 563 2
462 631 2
462 635 2
463 770 2
463 525 2
464 526 2
464 589 2
466 533 2
466 704 2
466 585 2
467 627 2
467 727 2
467 768 2
468 699 2
469 514 2
469 561 2
471 797 2
471 595 2
471 712 2
472 492 2
472 501 2
473 650 2
473 569 2
473 576 2
474 525 2
474 639 2
474 628 2
475 763 2
475 675 2
476 487 2
476 647 2
477 742 2
477 540 2
477 601 2
477 665 2
477 725 2
477 782 2
478 596 2
478 619 2
478 703 2
478 755 2
479 754 2
480 568 2
480 545 2
483 572 2
484 647 2
485 732 2
487 566 2
487 654 2
487 647 2
488 760 2
490 497 2
490 555 2
490 562 2
490 750 2
490 655 2
491 535 2
492 501 2
493 554 2
493 513 2
493 586 2
494 609 2
495 645 2
496 510 2
496 592 2
496 553 2
496 637 2
496 761 2
497 750 2
497 524 2
497 674 2
498 509 2
501 602 2
502 724 2
503 643 2
503 620 2
504 537 2
504 694 2
505 553 2
505 564 2
506 597 2
507 539 2
507 584 2
507 717 2
508 744 2
510 626 2
510 706 2
511 665 2
511 671 2
511 795 2
511 781 2
512 521 2
513 546 2
513 620 2
513 752 2
513 586 2
513 590 2
514 762 2
514 561 2
514 639 2
515 538 2
517 573 2
517 586 2
517 679 2
519 556 2
519 582 2
520 794 2
521 769 2
522 649 2
522 629 2
523 635 2
525 639 2
525 693 2
526 618 2
527 629 2
527 799 2
527 564 2
528 575 2
529 713 2
531 772 2
531 791 2
531 610 2
531 664 2
531 703 2
534 676 2
534 681 2
535 536 2
536 587 2
537 580 2
537 694 2
537 720 2
537 763 2
539 584 2
539 777 2
541 571 2
541 680 2
542 555 2
542 589 2
542 759 2
542 770 2
543 743 2
546 752 2
546 599 2
546 640 2
548 602 2
548 739 2
550 597 2
550 632 2
550 702 2
552 701 2
552 720 2
552 780 2
553 637 2
555 562 2
555 759 2
555 772 2
556 582 2
556 687 2
556 573 2
556 775 2
557 756 2
558 566 2
558 607 2
559 590 2
559 594 2
560 599 2
560 615 2
561 639 2
562 765 2
565 718 2
565 663 2
566 607 2
567 708 2
568 704 2
569 576 2
570 611 2
570 798 2
570 598 2
571 641 2
571 786 2
573 586 2
576 727 2
579 625 2
579 719 2
579 733 2
581 692 2
581 725 2
585 705 2
586 590 2
586 784 2
588 698 2
590 749 2
590 784 2
592 799 2
593 620 2
595 797 2
595 740 2
597 638 2
598 644 2
598 707 2
599 796 2
599 640 2
601 783 2
601 665 2
602 677 2
603 625 2
603 723 2
604 730 2
604 636 2
605 789 2
605 786 2
607 663 2
607 735 2
607 743 2
608 631 2
609 719 2
610 703 2
612 622 2
618 740 2
619 703 2
619 755 2
620 676 2
621 706 2
624 693 2
625 719 2
625 733 2
626 690 2
626 706 2
632 798 2
635 771 2
636 715 2
637 761 2
638 645 2
640 796 2
641 716 2
641 786 2
642 769 2
644 707 2
646 684 2
646 659 2
648 673 2
648 776 2
653 785 2
656 738 2
656 678 2
658 713 2
658 774 2
659 731 2
660 766 2
661 741 2
662 766 2
663 735 2
663 743 2
665 671 2
665 675 2
666 678 2
667 680 2
667 694 2
667 780 2
669 741 2
672 729 2
673 776 2
676 681 2
680 694 2
681 689 2
684 752 2
691 795 2
692 725 2
692 699 2
692 755 2
694 720 2
694 763 2
697 775 2
700 791 2
701 720 2
706 768 2
708 794 2
710 745 2
712 734 2
714 754 2
718 722 2
719 733 2
720 780 2
720 763 2
725 782 2
726 781 2
727 768 2
729 748 2
735 743 2
740 757 2
746 766 2
749 796 2
757 783 2
759 770 2
761 764 2
772 791 2
0 0 -92
1 1 -24
2 2 -96
3 3 -132
4 4 -100
5 5 -64
6 6 -111
7 7 -51
8 8 -73
9 9 -44
10 10 -35
11 11 -58
12 12 -32
13 13 -80
14 14 -32
15 15 -73
16 16 -14
17 17 -54
18 18 -41
19 19 -43
20 20 -32
21 21 -34
22 22 -38
23 23 -20
24 24 -67
25 25 -41
26 26 -20
27 27 -30
28 28 -34
29 29 -41
30 30 -26
31 31 -34
32 32 -18
33 33 -21
34 34 -20
35 35 -40
36 36 -34
37 37 -20
38 38 -37
39 39 -21
40 40 -27
41 41 -22
42 42 -32
43 43 -41
44 44 -18
45 45 -36
46 46 -21
47 47 -32
48 48 -32
49 49 -21
50 50 -43
51 51 -24
52 52 -21
53 53 -9
54 54 -14
55 55 -22
56 56 -11
57 57 -38
58 58 -44
59 59 -31
60 60 -12
61 61 -15
62 62 -23
63 63 -11
64 64 -12
65 65 -27
66 66 -32
67 67 -36
68 68 -20
69 69 -19
70 70 -12
71 71 -16
72 72 -33
73 73 -32
74 74 -16
75 75 -15
76 76 -17
77 77 -28
78 78 -12
79 79 -30
80 80 -16
81 81 -22
82 82 -9
83 83 -15
84 84 -11
85 85 -11
86 86 -17
87 87 -23
88 88 -17
89 89 -12
90 90 -20
91 91 -11
92 92 -14
93 93 -43
94 94 -15
95 95 -22
96 96 -21
97 97 -16
98 98 -15
99 99 -10
100 100 -22
101 101 -17
102 102 -16
103 103 -24
104 104 -10
105 105 -24
106 106 -18
107 107 -15
108 108 -18
109 109 -16
110 110 -14
111 111 -10
112 112 -16
113 113 -20
114 114 -26
115 115 -22
116 116 -9
117 117 -15
118 118 -14
119 119 -16
120 120 -18
121 121 -15
122 122 -17
123 123 -10
124 124 -12
125 125 -22
126 126 -11
127 127 -13
128 128 -23
129 129 -11
130 130 -15
131 131 -15
132 132 -18
133 133 -13
134 134 -14
135 135 -15
136 136 -10
137 137 -12
138 138 -13
139 139 -10
140 140 -13
141 141 -13
142 142 -14
143 143 -13
144 144 -13
145 145 -13
146 146 -10
147 147 -10
148 148 -16
149 149 -11
150 150 -10
151 151 -19
152 152 -15
153 153 -15
154 154 -15
155 155 -10
156 156 -16
157 157 -27
158 158 -12
159 159 -16
160 160 -7
161 161 -11
162 162 -7
163 163 -11
164 164 -13
165 165 -13
166 166 -11
167 167 -11
168 168 -9
169 169 -21
170 170 -12
171 171 -8
172 172 -9
173 173 -12
174 174 -9
175 175 -15
176 176 -12
177 177 -16
178 178 -11
179 179 -8
180 180 -12
181 181 -15
182 182 -15
183 183 -7
184 184 -14
185 185 -9
186 186 -23
187 187 -18
188 188 -12
189 189 -7
190 190 -19
191 191 -15
192 192 -15
193 193 -14
194 194 -18
195 195 -8
196 196 -14
197 197 -17
198 198 -7
199 199 -15
200 200 -9
201 201 -14
202 202 -12
203 203 -19
204 204 -13
205 205 -10
206 206 -8
207 207 -17
208 208 -17
209 209 -10
210 210 -10
211 211 -13
212 212 -12
213 213 -13
214 214 -8
215 215 -12
216 216 -16
217 217 -13
218 218 -7
219 219 -13
220 220 -6
221 221 -19
222 222 -13
223 223 -9
224 224 -10
225 225 -8
226 226 -16
227 227 -11
228 228 -11
229 229 -11
230 230 -19
231 231 -10
232 232 -10
233 233 -10
234 234 -8
235 235 -10
236 236 -12
237 237 -16
238 238 -7
239 239 -8
240 240 -10
241 241 -6
242 242 -9
243 243 -8
244 244 -7
245 245 -14
246 246 -9
247 247 -11
248 248 -14
249 249 -7
250 250 -14
251 251 -12
252 252 -13
253 253 -11
254 254 -16
255 255 -9
256 256 -11
257 257 -10
258 258 -9
259 259 -13
260 260 -9
261 261 -9
262 262 -8
263 263 -9
264 264 -10
265 265 -6
266 266 -7
267 267 -8
268 268 -18
269 269 -14
270 270 -14
271 271 -14
272 272 -11
273 273 -9
274 274 -11
275 275 -7
276 276 -14
277 277 -10
278 278 -9
279 279 -7
280 280 -13
281 281 -8
282 282 -7
283 283 -9
284 284 -7
285 285 -10
286 286 -8
287 287 -10
288 288 -9
289 289 -15
290 290 -9
291 291 -14
292 292 -9
293 293 -10
294 294 -13
295 295 -18
296 296 -11
297 297 -12
298 298 -8
299 299 -8
300 300 -8
301 301 -10
302 302 -16
303 303 -7
304 304 -6
305 305 -10
306 306 -9
307 307 -12
308 308 -10
309 309 -12
310 310 -7
311 311 -10
312 312 -8
313 313 -8
314 314 -8
315 315 -9
316 316 -12
317 317 -8
318 318 -9
319 319 -6
320 320 -11
321 321 -8
322 322 -14
323 323 -12
324 324 -6
325 325 -8
326 326 -10
327 327 -10
328 328 -10
329 329 -13
330 330 -13
331 331 -9
332 332 -6
333 333 -6
334 334 -6
335 335 -7
336 336 -6
337 337 -8
338 338 -7
339 339 -11
340 340 -7
341 341 -7
342 342 -13
343 343 -7
344 344 -13
345 345 -8
346 346 -8
347 347 -10
348 348 -8
349 349 -9
350 350 -6
351 351 -9
352 352 -10
353 353 -7
354 354 -7
355 355 -12
356 356 -8
357 357 -15
358 358 -12
359 359 -6
360 360 -7
361 361 -9
362 362 -11
363 363 -11
364 364 -9
365 365 -9
366 366 -9
367 367 -10
368 368 -8
369 369 -8
370 370 -12
371 371 -7
372 372 -7
373 373 -10
374 374 -6
375 375 -7
376 376 -10
377 377 -10
378 378 -9
379 379 -8
380 380 -14
381 381 -9
382 382 -7
383 383 -12
384 384 -10
385 385 -6
386 386 -7
387 387 -8
388 388 -9
389 389 -11
390 390 -6
391 391 -13
392 392 -7
393 393 -9
394 394 -6
395 395 -10
396 396 -9
397 397 -9
398 398 -8
399 399 -8
400 400 -7
401 401 -6
402 402 -10
403 403 -8
404 404 -10
405 405 -8
406 406 -7
407 407 -8
408 408 -7
409 409 -10
410 410 -9
411 411 -7
412 412 -6
413 413 -6
414 414 -12
415 415 -8
416 416 -8
417 417 -7
418 418 -9
419 419 -11
420 420 -8
421 421 -13
422 422 -9
423 423 -7
424 424 -10
425 425 -7
426 426 -11
427 427 -6
428 428 -6
429 429 -8
430 430 -9
431 431 -8
432 432 -9
433 433 -10
434 434 -8
435 435 -10
436 436 -7
437 437 -7
438 438 -6
439 439 -7
440 440 -9
441 441 -10
442 442 -7
443 443 -8
444 444 -12
445 445 -6
446 446 -8
447 447 -9
448 448 -8
449 449 -9
450 450 -6
451 451 -10
452 452 -7
453 453 -10
454 454 -6
455 455 -7
456 456 -6
457 457 -10
458 458 -8
459 459 -8
460 460 -7
461 461 -6
462 462 -8
463 463 -8
464 464 -8
465 465 -6
466 466 -9
467 467 -9
468 468 -7
469 469 -8
470 470 -6
471 471 -9
472 472 -8
473 473 -9
474 474 -9
475 475 -8
476 476 -8
477 477 -12
478 478 -10
479 479 -6
480 480 -8
481 481 -6
482 482 -6
483 483 -7
484 484 -7
485 485 -7
486 486 -5
487 487 -9
488 488 -7
489 489 -6
490 490 -11
491 491 -7
492 492 -7
493 493 -9
494 494 -7
495 495 -7
496 496 -11
497 497 -9
498 498 -7
499 499 -6
500 500 -6
501 501 -7
502 502 -7
503 503 -8
504 504 -8
505 505 -8
506 506 -7
507 507 -9
508 508 -7
509 509 -6
510 510 -8
511 511 -10
512 512 -7
513 513 -11
514 514 -9
515 515 -7
516 516 -6
517 517 -9
518 518 -6
519 519 -8
520 520 -7
521 521 -7
522 522 -8
523 523 -7
524 524 -6
525 525 -8
526 526 -7
527 527 -8
528 528 -7
529 529 -7
530 530 -6
531 531 -11
532 532 -6
533 533 -6
534 534 -8
535 535 -7
536 536 -7
537 537 -10
538 538 -6
539 539 -8
540 540 -6
541 541 -8
542 542 -10
543 543 -7
544 544 -6
545 545 -6
546 546 -9
547 547 -6
548 548 -8
549 549 -6
550 550 -9
551 551 -5
552 552 -9
553 553 -7
554 554 -6
555 555 -9
556 556 -10
557 557 -7
558 558 -8
559 559 -8
560 560 -7
561 561 -7
562 562 -7
563 563 -6
564 564 -6
565 565 -8
566 566 -7
567 567 -7
568 568 -7
569 569 -7
570 570 -9
571 571 -8
572 572 -6
573 573 -7
574 574 -5
575 575 -6
576 576 -7
577 577 -5
578 578 -6
579 579 -9
580 580 -6
581 581 -8
582 582 -6
583 583 -6
584 584 -6
585 585 -7
586 586 -8
587 587 -6
588 588 -7
589 589 -6
590 590 -8
591 591 -6
592 592 -7
593 593 -6
594 594 -6
595 595 -8
596 596 -6
597 597 -7
598 598 -8
599 599 -8
600 600 -6
601 601 -8
602 602 -6
603 603 -7
604 604 -8
605 605 -8
606 606 -6
607 607 -9
608 608 -7
609 609 -7
610 610 -7
611 611 -6
612 612 -6
613 613 -6
614 614 -6
615 615 -5
616 616 -6
617 617 -6
618 618 -7
619 619 -8
620 620 -7
621 621 -7
622 622 -6
623 623 -6
624 624 -7
625 625 -8
626 626 -8
627 627 -6
628 628 -6
629 629 -6
630 630 -6
631 631 -6
632 632 -7
633 633 -6
634 634 -6
635 635 -7
636 636 -7
637 637 -7
638 638 -7
639 639 -6
640 640 -7
641 641 -8
642 642 -7
643 643 -6
644 644 -7
645 645 -6
646 646 -8
647 647 -6
648 648 -8
649 649 -6
650 650 -6
651 651 -6
652 652 -6
653 653 -7
654 654 -6
655 655 -6
656 656 -7
657 657 -6
658 658 -8
659 659 -7
660 660 -7
661 661 -7
662 662 -6
663 663 -8
664 664 -6
665 665 -8
666 666 -6
667 667 -9
668 668 -6
669 669 -7
670 670 -6
671 671 -6
672 672 -7
673 673 -7
674 674 -6
675 675 -6
676 676 -6
677 677 -5
678 678 -6
679 679 -6
680 680 -7
681 681 -7
682 682 -6
683 683 -6
684 684 -7
685 685 -6
686 686 -6
687 687 -6
688 688 -6
689 689 -5
690 690 -6
691 691 -7
692 692 -9
693 693 -6
694 694 -8
695 695 -6
696 696 -6
697 697 -7
698 698 -6
699 699 -6
700 700 -7
701 701 -7
702 702 -6
703 703 -6
704 704 -6
705 705 -6
706 706 -7
707 707 -6
708 708 -7
709 709 -5
710 710 -7
711 711 -6
712 712 -7
713 713 -6
714 714 -7
715 715 -6
716 716 -6
717 717 -6
718 718 -7
719 719 -7
720 720 -8
721 721 -6
722 722 -6
723 723 -6
724 724 -6
725 725 -7
726 726 -6
727 727 -7
728 728 -6
729 729 -7
730 730 -6
731 731 -6
732 732 -6
733 733 -6
734 734 -6
735 735 -7
736 736 -5
737 737 -6
738 738 -6
739 739 -6
740 740 -7
741 741 -6
742 742 -6
743 743 -6
744 744 -6
745 745 -6
746 746 -7
747 747 -6
748 748 -6
749 749 -7
750 750 -6
751 751 -6
752 752 -6
753 753 -6
754 754 -6
755 755 -6
756 756 -6
757 757 -7
758 758 -6
759 759 -7
760 760 -6
761 761 -7
762 762 -6
763 763 -6
764 764 -6
765 765 -6
766 766 -6
767 767 -6
768 768 -6
769 769 -6
770 770 -6
771 771 -6
772 772 -7
773 773 -6
774 774 -6
775 775 -6
776 776 -6
777 777 -5
778 778 -5
779 779 -6
780 780 -6
781 781 -6
782 782 -6
783 783 -6
784 784 -6
785 785 -6
786 786 -6
787 787 -6
788 788 -5
789 789 -6
790 790 -6
791 791 -6
792 792 -6
793 793 -6
794 794 -6
795 795 -6
796 796 -6
797 797 -6
798 798 -6
799 799 -6