800 5461 -153 1
0 6 2
0 12 2
0 44 2
0 64 2
0 77 2
0 132 2
0 146 2
0 178 2
0 183 2
0 193 2
0 218 2
0 233 2
0 288 2
0 294 2
0 343 2
0 344 2
0 352 2
0 373 2
0 399 2
0 439 2
0 462 2
0 486 2
0 487 2
0 553 2
0 575 2
0 641 2
0 672 2
0 687 2
0 722 2
0 734 2
0 769 2
0 1 2
0 2 2
0 3 2
0 4 2
0 14 2
0 18 2
0 21 2
0 24 2
0 25 2
0 31 2
0 32 2
0 33 2
0 46 2
0 48 2
0 50 2
0 52 2
0 56 2
0 71 2
0 72 2
0 90 2
0 96 2
0 104 2
0 105 2
0 114 2
0 118 2
0 165 2
0 167 2
0 798 2
0 187 2
0 204 2
0 236 2
0 313 2
0 317 2
0 321 2
0 333 2
0 369 2
0 412 2
0 476 2
0 507 2
0 517 2
0 542 2
0 547 2
0 557 2
0 707 2
0 714 2
0 741 2
0 782 2
1 4 2
1 5 2
1 6 2
1 7 2
1 10 2
1 13 2
1 15 2
1 22 2
1 23 2
1 25 2
1 27 2
1 31 2
1 34 2
1 35 2
1 39 2
1 47 2
1 57 2
1 63 2
1 75 2
1 82 2
1 93 2
1 100 2
1 113 2
1 124 2
1 127 2
1 147 2
1 164 2
1 202 2
1 218 2
1 219 2
1 222 2
1 238 2
1 243 2
1 289 2
1 297 2
1 304 2
1 305 2
1 313 2
1 325 2
1 349 2
1 355 2
1 368 2
1 383 2
1 416 2
1 426 2
1 432 2
1 453 2
1 524 2
1 547 2
1 549 2
1 554 2
1 575 2
1 583 2
1 587 2
1 590 2
1 599 2
1 635 2
1 689 2
1 708 2
1 725 2
1 732 2
1 735 2
1 756 2
1 767 2
1 2 2
1 3 2
1 37 2
1 46 2
1 62 2
1 66 2
1 73 2
1 85 2
1 151 2
1 173 2
1 195 2
1 795 2
1 367 2
1 402 2
1 480 2
1 492 2
1 610 2
1 720 2
1 728 2
1 792 2
1 782 2
2 31 2
2 32 2
2 48 2
2 146 2
2 167 2
2 184 2
2 193 2
2 197 2
2 226 2
2 297 2
2 370 2
2 432 2
2 526 2
2 607 2
2 632 2
2 655 2
2 673 2
2 3 2
2 4 2
2 5 2
2 8 2
2 9 2
2 13 2
2 16 2
2 18 2
2 19 2
2 22 2
2 23 2
2 25 2
2 37 2
2 40 2
2 42 2
2 44 2
2 49 2
2 54 2
2 59 2
2 61 2
2 62 2
2 64 2
2 79 2
2 85 2
2 91 2
2 94 2
2 100 2
2 108 2
2 110 2
2 125 2
2 140 2
2 148 2
2 157 2
2 164 2
2 166 2
2 170 2
2 171 2
2 205 2
2 209 2
2 225 2
2 258 2
2 260 2
2 265 2
2 276 2
2 300 2
2 324 2
2 348 2
2 390 2
2 394 2
2 405 2
2 412 2
2 431 2
2 439 2
2 461 2
2 478 2
2 516 2
2 528 2
2 554 2
2 560 2
2 609 2
2 640 2
2 667 2
2 668 2
2 685 2
2 686 2
2 699 2
2 702 2
2 720 2
2 731 2
2 741 2
3 8 2
3 9 2
3 16 2
3 17 2
3 21 2
3 22 2
3 23 2
3 26 2
3 27 2
3 28 2
3 31 2
3 32 2
3 53 2
3 84 2
3 85 2
3 98 2
3 105 2
3 118 2
3 122 2
3 126 2
3 138 2
3 139 2
3 145 2
3 146 2
3 162 2
3 175 2
3 176 2
3 178 2
3 190 2
3 198 2
3 211 2
3 213 2
3 796 2
3 240 2
3 246 2
3 259 2
3 260 2
3 267 2
3 283 2
3 287 2
3 313 2
3 325 2
3 359 2
3 361 2
3 372 2
3 374 2
3 376 2
3 377 2
3 388 2
3 398 2
3 401 2
3 406 2
3 407 2
3 408 2
3 411 2
3 433 2
3 445 2
3 454 2
3 462 2
3 496 2
3 510 2
3 524 2
3 540 2
3 551 2
3 556 2
3 563 2
3 576 2
3 581 2
3 607 2
3 615 2
3 620 2
3 642 2
3 668 2
3 673 2
3 675 2
3 679 2
3 680 2
3 699 2
3 733 2
3 763 2
3 773 2
3 4 2
3 5 2
3 6 2
3 7 2
3 11 2
3 14 2
3 20 2
3 37 2
3 46 2
3 47 2
3 50 2
3 91 2
3 99 2
3 124 2
3 148 2
3 151 2
3 155 2
3 169 2
3 173 2
3 174 2
3 188 2
3 195 2
3 236 2
3 274 2
3 280 2
3 355 2
3 402 2
3 441 2
3 448 2
3 476 2
3 504 2
3 506 2
3 511 2
3 594 2
3 636 2
3 727 2
3 728 2
4 7 2
4 12 2
4 13 2
4 19 2
4 24 2
4 26 2
4 34 2
4 39 2
4 41 2
4 43 2
4 44 2
4 46 2
4 49 2
4 75 2
4 76 2
4 90 2
4 91 2
4 106 2
4 111 2
4 151 2
4 186 2
4 199 2
4 209 2
4 212 2
4 214 2
4 242 2
4 250 2
4 263 2
4 266 2
4 269 2
4 277 2
4 292 2
4 308 2
4 341 2
4 348 2
4 354 2
4 366 2
4 382 2
4 429 2
4 434 2
4 451 2
4 462 2
4 525 2
4 530 2
4 591 2
4 621 2
4 639 2
4 647 2
4 701 2
4 745 2
4 774 2
4 5 2
4 6 2
4 8 2
4 10 2
4 14 2
4 15 2
4 16 2
4 18 2
4 20 2
4 21 2
4 30 2
4 36 2
4 42 2
4 47 2
4 51 2
4 54 2
4 57 2
4 60 2
4 68 2
4 71 2
4 72 2
4 82 2
4 84 2
4 97 2
4 103 2
4 114 2
4 126 2
4 154 2
4 159 2
4 161 2
4 169 2
4 171 2
4 183 2
4 227 2
4 290 2
4 352 2
4 355 2
4 365 2
4 369 2
4 403 2
4 421 2
4 439 2
4 452 2
4 461 2
4 464 2
4 477 2
4 481 2
4 483 2
4 493 2
4 495 2
4 513 2
4 532 2
4 582 2
4 625 2
4 626 2
4 648 2
4 658 2
4 673 2
4 679 2
4 695 2
4 705 2
4 711 2
4 738 2
4 761 2
4 764 2
5 16 2
5 22 2
5 50 2
5 56 2
5 58 2
5 61 2
5 62 2
5 68 2
5 88 2
5 105 2
5 109 2
5 110 2
5 127 2
5 187 2
5 189 2
5 194 2
5 215 2
5 239 2
5 248 2
5 267 2
5 272 2
5 274 2
5 276 2
5 286 2
5 300 2
5 333 2
5 372 2
5 421 2
5 498 2
5 558 2
5 580 2
5 596 2
5 605 2
5 614 2
5 643 2
5 644 2
5 651 2
5 661 2
5 702 2
5 712 2
5 716 2
5 738 2
5 758 2
5 768 2
5 6 2
5 7 2
5 8 2
5 9 2
5 10 2
5 13 2
5 15 2
5 17 2
5 19 2
5 23 2
5 26 2
5 27 2
5 28 2
5 29 2
5 34 2
5 35 2
5 38 2
5 41 2
5 43 2
5 45 2
5 49 2
5 53 2
5 57 2
5 63 2
5 69 2
5 70 2
5 83 2
5 87 2
5 89 2
5 91 2
5 92 2
5 98 2
5 102 2
5 106 2
5 107 2
5 112 2
5 120 2
5 121 2
5 126 2
5 128 2
5 129 2
5 130 2
5 137 2
5 139 2
5 149 2
5 152 2
5 177 2
5 186 2
5 192 2
5 206 2
5 213 2
5 219 2
5 221 2
5 222 2
5 223 2
5 228 2
5 230 2
5 242 2
5 243 2
5 246 2
5 251 2
5 256 2
5 266 2
5 280 2
5 288 2
5 325 2
5 339 2
5 340 2
5 342 2
5 350 2
5 351 2
5 356 2
5 359 2
5 368 2
5 381 2
5 391 2
5 395 2
5 407 2
5 414 2
5 426 2
5 428 2
5 431 2
5 436 2
5 471 2
5 491 2
5 515 2
5 521 2
5 545 2
5 549 2
5 551 2
5 566 2
5 583 2
5 586 2
5 590 2
5 607 2
5 793 2
5 612 2
5 628 2
5 636 2
5 653 2
5 671 2
5 692 2
5 694 2
5 727 2
5 732 2
6 19 2
6 24 2
6 43 2
6 49 2
6 63 2
6 120 2
6 132 2
6 147 2
6 153 2
6 218 2
6 229 2
6 354 2
6 429 2
6 503 2
6 669 2
6 764 2
6 7 2
6 10 2
6 11 2
6 12 2
6 17 2
6 20 2
6 29 2
6 36 2
6 97 2
6 98 2
6 129 2
6 219 2
6 233 2
6 332 2
6 337 2
6 441 2
6 526 2
6 529 2
6 574 2
6 630 2
6 694 2
6 732 2
7 10 2
7 13 2
7 15 2
7 24 2
7 30 2
7 36 2
7 37 2
7 40 2
7 54 2
7 67 2
7 795 2
7 69 2
7 70 2
7 71 2
7 79 2
7 96 2
7 116 2
7 130 2
7 134 2
7 137 2
7 141 2
7 144 2
7 152 2
7 158 2
7 173 2
7 199 2
7 205 2
7 225 2
7 245 2
7 251 2
7 263 2
7 268 2
7 279 2
7 299 2
7 303 2
7 309 2
7 371 2
7 386 2
7 402 2
7 404 2
7 422 2
7 447 2
7 485 2
7 489 2
7 493 2
7 495 2
7 502 2
7 503 2
7 506 2
7 633 2
7 634 2
7 658 2
7 664 2
7 708 2
7 714 2
7 715 2
7 739 2
7 750 2
7 751 2
7 753 2
7 778 2
7 785 2
7 11 2
7 17 2
7 27 2
7 35 2
7 107 2
7 176 2
7 217 2
7 221 2
7 243 2
7 283 2
7 391 2
7 574 2
7 599 2
7 602 2
7 636 2
7 736 2
8 14 2
8 20 2
8 65 2
8 98 2
8 122 2
8 160 2
8 198 2
8 214 2
8 256 2
8 481 2
8 620 2
8 626 2
8 9 2
8 15 2
8 16 2
8 34 2
8 40 2
8 51 2
8 63 2
8 68 2
8 70 2
8 75 2
8 77 2
8 82 2
8 86 2
8 94 2
8 101 2
8 117 2
8 136 2
8 153 2
8 212 2
8 220 2
8 257 2
8 263 2
8 286 2
8 292 2
8 293 2
8 308 2
8 325 2
8 335 2
8 353 2
8 368 2
8 396 2
8 434 2
8 512 2
8 525 2
8 567 2
8 570 2
8 585 2
8 587 2
8 699 2
8 725 2
8 747 2
9 16 2
9 51 2
9 56 2
9 85 2
9 86 2
9 98 2
9 125 2
9 133 2
9 135 2
9 160 2
9 175 2
9 180 2
9 189 2
9 211 2
9 227 2
9 256 2
9 291 2
9 332 2
9 336 2
9 496 2
9 539 2
9 573 2
9 577 2
9 594 2
9 695 2
9 713 2
9 718 2
9 721 2
9 736 2
9 13 2
9 45 2
9 53 2
9 70 2
9 78 2
9 81 2
9 94 2
9 192 2
9 222 2
9 253 2
9 269 2
9 305 2
9 339 2
9 350 2
9 410 2
9 587 2
9 744 2
9 789 2
10 11 2
10 35 2
10 37 2
10 60 2
10 63 2
10 69 2
10 92 2
10 120 2
10 134 2
10 170 2
10 202 2
10 219 2
10 229 2
10 241 2
10 298 2
10 305 2
10 347 2
10 355 2
10 420 2
10 440 2
10 508 2
10 536 2
10 543 2
10 613 2
10 665 2
10 754 2
10 764 2
10 782 2
10 36 2
10 98 2
10 246 2
10 252 2
10 290 2
10 332 2
10 337 2
10 346 2
10 552 2
10 630 2
10 781 2
11 67 2
11 92 2
11 120 2
11 152 2
11 279 2
11 324 2
11 503 2
11 613 2
11 665 2
11 12 2
11 574 2
12 18 2
12 19 2
12 52 2
12 76 2
12 132 2
12 155 2
12 204 2
12 284 2
12 419 2
12 487 2
12 530 2
12 621 2
12 641 2
12 441 2
13 15 2
13 25 2
13 33 2
13 47 2
13 57 2
13 99 2
13 100 2
13 102 2
13 106 2
13 144 2
13 156 2
13 199 2
13 212 2
13 220 2
13 292 2
13 303 2
13 304 2
13 312 2
13 339 2
13 342 2
13 383 2
13 435 2
13 441 2
13 452 2
13 531 2
13 548 2
13 610 2
13 633 2
13 666 2
13 674 2
13 746 2
13 791 2
13 19 2
13 22 2
13 26 2
13 38 2
13 39 2
13 45 2
13 69 2
13 109 2
13 111 2
13 119 2
13 130 2
13 146 2
13 164 2
13 168 2
13 196 2
13 223 2
13 245 2
13 267 2
13 285 2
13 351 2
13 354 2
13 363 2
13 377 2
13 397 2
13 449 2
13 451 2
13 466 2
13 479 2
13 521 2
13 700 2
13 724 2
13 726 2
13 752 2
13 765 2
13 777 2
14 20 2
14 42 2
14 65 2
14 78 2
14 90 2
14 122 2
14 171 2
14 174 2
14 182 2
14 231 2
14 252 2
14 260 2
14 308 2
14 328 2
14 356 2
14 374 2
14 407 2
14 414 2
14 446 2
14 450 2
14 467 2
14 514 2
14 520 2
14 538 2
14 579 2
14 618 2
14 745 2
14 21 2
14 24 2
14 30 2
14 33 2
14 48 2
14 80 2
14 113 2
14 159 2
14 169 2
14 199 2
14 240 2
14 261 2
14 287 2
14 317 2
14 321 2
14 384 2
14 389 2
14 399 2
14 423 2
14 462 2
14 495 2
14 496 2
14 568 2
14 573 2
14 582 2
14 592 2
14 794 2
14 652 2
15 25 2
15 33 2
15 99 2
15 130 2
15 159 2
15 289 2
15 309 2
15 323 2
15 327 2
15 391 2
15 412 2
15 427 2
15 455 2
15 635 2
15 708 2
15 724 2
15 34 2
15 43 2
15 57 2
15 58 2
15 65 2
15 68 2
15 86 2
15 92 2
15 93 2
15 95 2
15 101 2
15 149 2
15 153 2
15 175 2
15 194 2
15 214 2
15 270 2
15 293 2
15 296 2
15 302 2
15 322 2
15 376 2
15 388 2
15 464 2
15 549 2
15 561 2
15 606 2
15 613 2
15 649 2
15 659 2
15 660 2
15 729 2
15 769 2
16 17 2
16 29 2
16 45 2
16 68 2
16 74 2
16 83 2
16 85 2
16 107 2
16 133 2
16 135 2
16 139 2
16 145 2
16 221 2
16 228 2
16 287 2
16 318 2
16 351 2
16 400 2
16 539 2
16 570 2
16 577 2
16 736 2
16 789 2
16 40 2
16 42 2
16 44 2
16 51 2
16 103 2
16 108 2
16 122 2
16 140 2
16 161 2
16 205 2
16 215 2
16 220 2
16 300 2
16 319 2
16 326 2
16 327 2
16 403 2
16 430 2
16 434 2
16 447 2
16 555 2
16 593 2
16 797 2
16 666 2
16 738 2
16 770 2
16 785 2
17 50 2
17 55 2
17 58 2
17 59 2
17 73 2
17 74 2
17 95 2
17 105 2
17 110 2
17 118 2
17 119 2
17 139 2
17 161 2
17 162 2
17 249 2
17 306 2
17 316 2
17 799 2
17 363 2
17 387 2
17 415 2
17 459 2
17 465 2
17 498 2
17 499 2
17 576 2
17 605 2
17 662 2
17 716 2
17 788 2
17 790 2
17 27 2
17 28 2
17 29 2
17 83 2
17 112 2
17 128 2
17 144 2
17 172 2
17 176 2
17 189 2
17 193 2
17 264 2
17 314 2
17 416 2
17 424 2
17 432 2
17 445 2
17 458 2
17 501 2
17 541 2
17 619 2
17 672 2
17 709 2
17 750 2
17 763 2
18 44 2
18 52 2
18 76 2
18 77 2
18 91 2
18 103 2
18 155 2
18 186 2
18 250 2
18 262 2
18 284 2
18 326 2
18 353 2
18 381 2
18 399 2
18 419 2
18 444 2
18 471 2
18 511 2
18 553 2
18 559 2
18 568 2
18 593 2
18 630 2
18 710 2
18 743 2
18 747 2
18 25 2
18 31 2
18 64 2
18 67 2
18 71 2
18 84 2
18 104 2
18 105 2
18 131 2
18 135 2
18 142 2
18 157 2
18 160 2
18 187 2
18 239 2
18 277 2
18 309 2
18 334 2
18 404 2
18 413 2
18 439 2
18 474 2
18 490 2
18 651 2
18 669 2
18 687 2
18 702 2
18 772 2
18 783 2
19 354 2
19 22 2
19 23 2
19 26 2
19 87 2
19 109 2
19 110 2
19 111 2
19 226 2
19 295 2
19 345 2
19 597 2
19 609 2
19 674 2
20 42 2
20 78 2
20 182 2
20 214 2
20 247 2
20 338 2
20 356 2
20 469 2
20 476 2
20 626 2
20 742 2
20 47 2
20 97 2
20 124 2
20 233 2
20 259 2
20 297 2
20 508 2
20 526 2
20 790 2
21 26 2
21 84 2
21 171 2
21 174 2
21 177 2
21 192 2
21 231 2
21 308 2
21 322 2
21 360 2
21 362 2
21 388 2
21 406 2
21 408 2
21 424 2
21 492 2
21 684 2
21 24 2
21 30 2
21 32 2
21 56 2
21 72 2
21 113 2
21 115 2
21 118 2
21 127 2
21 150 2
21 154 2
21 199 2
21 208 2
21 240 2
21 248 2
21 255 2
21 289 2
21 303 2
21 312 2
21 399 2
21 419 2
21 421 2
21 452 2
21 472 2
21 505 2
21 538 2
21 581 2
21 629 2
21 678 2
21 688 2
21 708 2
21 748 2
22 23 2
22 28 2
22 38 2
22 62 2
22 87 2
22 113 2
22 115 2
22 127 2
22 176 2
22 187 2
22 190 2
22 194 2
22 195 2
22 276 2
22 329 2
22 359 2
22 368 2
22 375 2
22 389 2
22 445 2
22 475 2
22 558 2
22 628 2
22 705 2
22 717 2
22 780 2
22 781 2
22 109 2
22 110 2
22 164 2
22 226 2
22 237 2
22 345 2
22 397 2
22 597 2
22 650 2
22 667 2
22 685 2
23 27 2
23 53 2
23 113 2
23 115 2
23 124 2
23 143 2
23 176 2
23 208 2
23 213 2
23 259 2
23 275 2
23 475 2
23 504 2
23 681 2
23 683 2
23 49 2
23 61 2
23 87 2
23 106 2
23 179 2
23 198 2
23 209 2
23 232 2
23 249 2
23 473 2
23 478 2
23 600 2
23 609 2
23 704 2
24 30 2
24 36 2
24 43 2
24 70 2
24 71 2
24 94 2
24 141 2
24 798 2
24 205 2
24 209 2
24 236 2
24 251 2
24 409 2
24 584 2
24 664 2
24 744 2
24 32 2
24 33 2
24 113 2
24 115 2
24 127 2
24 248 2
24 281 2
24 287 2
24 333 2
24 384 2
24 419 2
24 459 2
24 547 2
24 572 2
24 680 2
24 775 2
25 33 2
25 47 2
25 102 2
25 220 2
25 224 2
25 289 2
25 302 2
25 323 2
25 542 2
25 31 2
25 64 2
25 67 2
25 116 2
25 125 2
25 131 2
25 135 2
25 142 2
25 185 2
25 234 2
25 272 2
25 291 2
25 404 2
25 412 2
25 413 2
25 663 2
25 740 2
26 388 2
26 642 2
26 688 2
26 38 2
26 39 2
26 55 2
26 145 2
26 181 2
26 267 2
26 285 2
26 460 2
26 559 2
26 566 2
27 53 2
27 124 2
27 143 2
27 208 2
27 222 2
27 313 2
27 733 2
27 28 2
27 35 2
27 41 2
27 74 2
27 102 2
27 121 2
27 176 2
27 217 2
27 463 2
27 501 2
27 545 2
27 736 2
28 38 2
28 372 2
28 41 2
28 74 2
28 83 2
28 139 2
28 147 2
28 193 2
28 216 2
28 250 2
28 306 2
28 463 2
28 467 2
28 682 2
29 50 2
29 55 2
29 59 2
29 68 2
29 74 2
29 83 2
29 97 2
29 109 2
29 119 2
29 136 2
29 200 2
29 333 2
29 400 2
29 497 2
29 588 2
29 732 2
30 70 2
30 80 2
30 131 2
30 209 2
30 236 2
30 330 2
30 382 2
30 402 2
30 482 2
30 516 2
30 154 2
30 159 2
30 240 2
30 255 2
30 289 2
30 423 2
31 32 2
31 48 2
31 66 2
31 167 2
31 246 2
31 281 2
31 297 2
31 401 2
31 478 2
31 491 2
31 693 2
31 767 2
31 67 2
31 105 2
31 116 2
31 160 2
31 162 2
31 231 2
31 235 2
31 247 2
31 272 2
31 299 2
31 382 2
31 517 2
32 48 2
32 66 2
32 81 2
32 89 2
32 142 2
32 148 2
32 154 2
32 191 2
32 201 2
32 246 2
32 293 2
32 358 2
32 474 2
32 491 2
32 529 2
32 555 2
32 627 2
32 640 2
32 655 2
32 673 2
32 699 2
32 737 2
32 56 2
32 208 2
32 333 2
32 534 2
32 680 2
33 99 2
33 102 2
33 542 2
33 791 2
33 48 2
33 80 2
33 287 2
33 547 2
33 557 2
33 573 2
33 647 2
34 39 2
34 41 2
34 46 2
34 108 2
34 164 2
34 243 2
34 277 2
34 525 2
34 557 2
34 43 2
34 58 2
34 63 2
34 65 2
34 77 2
34 120 2
34 132 2
34 136 2
34 152 2
34 153 2
34 156 2
34 163 2
34 190 2
34 200 2
34 268 2
34 331 2
34 366 2
34 502 2
34 512 2
34 565 2
34 578 2
34 622 2
34 664 2
34 717 2
34 742 2
34 786 2
35 37 2
35 40 2
35 54 2
35 60 2
35 96 2
35 112 2
35 219 2
35 245 2
35 254 2
35 347 2
35 397 2
35 420 2
35 519 2
35 541 2
35 638 2
35 649 2
35 685 2
35 107 2
35 121 2
35 206 2
35 359 2
35 429 2
35 531 2
35 579 2
35 602 2
35 612 2
35 620 2
35 736 2
36 141 2
36 225 2
36 409 2
36 714 2
36 290 2
36 332 2
36 346 2
36 552 2
36 693 2
37 40 2
37 60 2
37 69 2
37 116 2
37 117 2
37 137 2
37 508 2
37 698 2
37 62 2
37 66 2
37 73 2
37 76 2
37 79 2
37 99 2
37 148 2
37 238 2
37 274 2
37 276 2
37 349 2
37 367 2
37 438 2
37 448 2
37 469 2
37 480 2
37 544 2
37 611 2
37 665 2
37 716 2
37 757 2
37 779 2
38 62 2
38 39 2
38 55 2
38 69 2
38 119 2
38 158 2
38 180 2
38 181 2
38 210 2
38 211 2
38 213 2
38 254 2
38 342 2
38 373 2
38 436 2
38 457 2
38 498 2
38 537 2
38 539 2
38 540 2
38 559 2
38 638 2
38 734 2
39 46 2
39 75 2
39 108 2
39 164 2
39 188 2
39 216 2
39 235 2
39 451 2
39 557 2
39 701 2
39 759 2
39 55 2
39 145 2
39 180 2
39 267 2
39 354 2
39 457 2
39 503 2
39 563 2
40 54 2
40 79 2
40 112 2
40 254 2
40 268 2
40 299 2
40 386 2
40 506 2
40 527 2
40 709 2
40 44 2
40 170 2
40 434 2
40 443 2
40 593 2
40 699 2
41 277 2
41 738 2
41 74 2
41 102 2
41 139 2
41 147 2
41 793 2
41 682 2
41 749 2
42 78 2
42 90 2
42 520 2
42 742 2
42 54 2
42 59 2
42 60 2
42 103 2
42 140 2
42 273 2
42 327 2
42 361 2
42 447 2
42 555 2
42 595 2
42 603 2
42 656 2
42 751 2
42 771 2
43 49 2
43 111 2
43 153 2
43 348 2
43 367 2
43 545 2
43 637 2
43 647 2
43 669 2
43 730 2
43 58 2
43 93 2
43 134 2
43 149 2
43 152 2
43 163 2
43 241 2
43 296 2
43 380 2
43 515 2
43 556 2
43 561 2
43 586 2
43 649 2
43 758 2
43 762 2
44 77 2
44 103 2
44 129 2
44 183 2
44 250 2
44 343 2
44 591 2
44 108 2
44 122 2
44 170 2
44 224 2
44 229 2
44 398 2
44 405 2
44 443 2
44 588 2
44 593 2
44 634 2
44 670 2
45 51 2
45 56 2
45 61 2
45 86 2
45 104 2
45 149 2
45 172 2
45 280 2
45 286 2
45 291 2
45 332 2
45 336 2
45 449 2
45 464 2
45 573 2
45 53 2
45 78 2
45 81 2
45 88 2
45 89 2
45 123 2
45 130 2
45 146 2
45 218 2
45 228 2
45 245 2
45 330 2
45 381 2
45 414 2
45 799 2
45 466 2
45 500 2
45 576 2
45 637 2
45 661 2
45 700 2
45 724 2
45 768 2
45 787 2
46 108 2
46 163 2
46 188 2
46 257 2
46 451 2
46 752 2
46 777 2
46 50 2
46 52 2
46 90 2
46 155 2
46 167 2
46 173 2
46 201 2
46 203 2
46 207 2
46 313 2
46 336 2
46 358 2
46 442 2
46 676 2
46 778 2
46 782 2
47 57 2
47 82 2
47 93 2
47 123 2
47 157 2
47 181 2
47 223 2
47 237 2
47 253 2
47 264 2
47 317 2
47 456 2
47 470 2
47 509 2
47 521 2
47 554 2
47 603 2
47 692 2
47 749 2
47 124 2
47 355 2
47 506 2
47 594 2
47 642 2
47 695 2
48 66 2
48 81 2
48 89 2
48 148 2
48 154 2
48 167 2
48 169 2
48 184 2
48 201 2
48 226 2
48 244 2
48 281 2
48 285 2
48 301 2
48 311 2
48 337 2
48 478 2
48 488 2
48 616 2
48 619 2
48 627 2
48 632 2
48 706 2
48 80 2
48 261 2
48 317 2
48 557 2
48 714 2
49 111 2
49 151 2
49 153 2
49 269 2
49 367 2
49 429 2
49 545 2
49 561 2
49 61 2
49 516 2
49 668 2
50 55 2
50 58 2
50 73 2
50 109 2
50 114 2
50 161 2
50 200 2
50 249 2
50 465 2
50 484 2
50 497 2
50 571 2
50 612 2
50 52 2
50 155 2
50 165 2
50 236 2
50 358 2
50 401 2
50 778 2
51 133 2
51 336 2
51 695 2
51 75 2
51 161 2
51 220 2
51 257 2
51 286 2
51 311 2
51 326 2
51 379 2
51 567 2
51 746 2
51 785 2
52 64 2
52 72 2
52 284 2
52 385 2
52 90 2
52 96 2
52 165 2
52 201 2
52 204 2
52 318 2
52 455 2
52 507 2
52 530 2
52 553 2
52 676 2
52 778 2
53 143 2
53 259 2
53 681 2
53 78 2
53 89 2
53 123 2
53 138 2
53 178 2
53 305 2
53 497 2
54 96 2
54 112 2
54 268 2
54 502 2
54 638 2
54 59 2
54 60 2
54 166 2
54 171 2
54 227 2
54 273 2
54 361 2
54 418 2
54 625 2
55 59 2
55 95 2
55 97 2
55 101 2
55 161 2
55 166 2
55 282 2
55 380 2
55 395 2
55 497 2
55 609 2
55 662 2
55 720 2
55 729 2
55 762 2
55 779 2
55 145 2
55 180 2
55 210 2
55 460 2
55 563 2
56 61 2
56 86 2
56 104 2
56 125 2
56 172 2
56 189 2
56 232 2
56 248 2
56 331 2
56 421 2
56 651 2
56 656 2
56 702 2
56 208 2
56 534 2
57 82 2
57 100 2
57 123 2
57 156 2
57 157 2
57 223 2
57 230 2
57 253 2
57 314 2
57 339 2
57 456 2
57 521 2
57 566 2
57 578 2
57 583 2
57 599 2
57 726 2
57 749 2
57 92 2
57 95 2
57 126 2
57 133 2
57 137 2
57 184 2
57 191 2
57 352 2
57 407 2
57 575 2
57 613 2
58 73 2
58 110 2
58 114 2
58 273 2
58 295 2
58 306 2
58 788 2
58 65 2
58 93 2
58 132 2
58 134 2
58 163 2
58 175 2
58 200 2
58 301 2
58 320 2
58 331 2
58 360 2
58 374 2
58 400 2
58 417 2
58 440 2
58 475 2
58 502 2
58 543 2
58 556 2
58 571 2
58 608 2
58 615 2
58 623 2
58 643 2
58 644 2
58 683 2
58 737 2
58 739 2
58 773 2
59 95 2
59 97 2
59 101 2
59 119 2
59 128 2
59 136 2
59 270 2
59 310 2
59 350 2
59 387 2
59 395 2
59 499 2
59 588 2
59 611 2
59 646 2
59 729 2
59 166 2
59 225 2
59 265 2
59 298 2
59 390 2
59 686 2
60 420 2
60 508 2
60 698 2
60 754 2
60 782 2
60 273 2
61 172 2
61 248 2
61 280 2
61 286 2
61 449 2
61 179 2
61 232 2
61 249 2
61 516 2
62 87 2
62 88 2
62 66 2
62 79 2
62 85 2
62 348 2
62 349 2
62 372 2
62 499 2
62 610 2
62 690 2
63 147 2
63 202 2
63 229 2
63 238 2
63 543 2
63 564 2
63 622 2
63 735 2
63 761 2
63 77 2
63 117 2
63 120 2
63 143 2
63 182 2
63 190 2
63 325 2
63 335 2
63 341 2
63 353 2
63 428 2
63 435 2
63 591 2
63 697 2
63 721 2
63 742 2
63 753 2
63 786 2
64 72 2
64 373 2
64 385 2
64 533 2
64 125 2
64 135 2
64 157 2
64 324 2
64 394 2
64 490 2
64 639 2
64 663 2
65 356 2
65 514 2
65 132 2
65 301 2
65 320 2
66 81 2
66 142 2
66 169 2
66 281 2
66 448 2
66 488 2
66 491 2
66 555 2
66 676 2
66 706 2
66 73 2
66 544 2
66 610 2
66 611 2
66 757 2
67 92 2
67 134 2
67 152 2
67 170 2
67 241 2
67 324 2
67 364 2
67 440 2
67 447 2
67 513 2
67 751 2
67 116 2
67 131 2
67 160 2
67 162 2
67 382 2
67 783 2
68 83 2
68 107 2
68 140 2
68 185 2
68 234 2
68 239 2
68 271 2
68 278 2
68 340 2
68 351 2
68 413 2
68 431 2
68 457 2
68 468 2
68 500 2
68 572 2
68 789 2
68 82 2
68 86 2
68 263 2
68 464 2
68 525 2
69 119 2
69 158 2
69 196 2
69 211 2
69 328 2
69 342 2
69 351 2
69 638 2
69 662 2
69 734 2
70 71 2
70 80 2
70 94 2
70 121 2
70 131 2
70 150 2
70 158 2
70 179 2
70 290 2
70 296 2
70 307 2
70 335 2
70 378 2
70 402 2
70 404 2
70 482 2
70 485 2
70 537 2
70 569 2
70 584 2
70 744 2
70 760 2
70 775 2
70 192 2
70 583 2
70 715 2
71 158 2
71 205 2
71 378 2
71 392 2
71 584 2
71 84 2
71 104 2
71 183 2
71 239 2
71 275 2
71 309 2
71 364 2
71 369 2
71 474 2
71 477 2
71 488 2
71 494 2
71 523 2
71 535 2
71 601 2
71 772 2
71 774 2
72 373 2
72 385 2
72 490 2
72 114 2
72 118 2
72 150 2
72 279 2
72 315 2
72 365 2
72 421 2
72 532 2
72 580 2
72 581 2
72 707 2
72 708 2
73 114 2
73 249 2
73 273 2
73 295 2
73 369 2
73 484 2
73 612 2
73 788 2
73 76 2
73 238 2
73 367 2
73 779 2
74 463 2
75 701 2
75 774 2
75 257 2
75 396 2
75 746 2
76 91 2
76 155 2
76 381 2
76 434 2
76 472 2
76 530 2
76 567 2
76 711 2
76 238 2
76 544 2
77 103 2
77 129 2
77 183 2
77 206 2
77 288 2
77 294 2
77 399 2
77 439 2
77 523 2
77 546 2
77 630 2
77 747 2
77 117 2
77 136 2
77 143 2
77 156 2
77 212 2
77 244 2
77 308 2
77 338 2
77 435 2
77 444 2
77 453 2
77 536 2
77 691 2
77 721 2
77 754 2
78 182 2
78 247 2
78 261 2
78 414 2
78 520 2
78 538 2
78 742 2
78 81 2
78 88 2
78 218 2
78 253 2
78 269 2
78 305 2
78 343 2
78 410 2
78 454 2
78 497 2
78 500 2
78 576 2
78 596 2
78 788 2
79 116 2
79 117 2
79 173 2
79 299 2
79 493 2
79 657 2
79 709 2
79 276 2
79 348 2
79 349 2
79 372 2
79 438 2
79 499 2
79 528 2
80 94 2
80 121 2
80 131 2
80 217 2
80 236 2
80 296 2
80 330 2
80 617 2
80 261 2
80 389 2
80 462 2
81 89 2
81 142 2
81 169 2
81 301 2
81 358 2
81 448 2
81 522 2
81 619 2
81 676 2
81 88 2
81 253 2
81 343 2
81 347 2
81 661 2
82 93 2
82 123 2
82 181 2
82 207 2
82 237 2
82 365 2
82 426 2
82 460 2
82 512 2
82 515 2
82 583 2
82 726 2
82 263 2
82 626 2
83 400 2
83 112 2
83 144 2
83 172 2
83 186 2
83 216 2
83 264 2
83 282 2
83 370 2
83 424 2
83 432 2
83 471 2
83 485 2
83 569 2
83 619 2
83 621 2
83 796 2
83 684 2
83 709 2
83 713 2
84 171 2
84 177 2
84 260 2
84 328 2
84 360 2
84 408 2
84 424 2
84 454 2
84 574 2
84 579 2
84 582 2
84 608 2
84 684 2
84 786 2
84 183 2
84 309 2
84 364 2
84 658 2
84 687 2
84 764 2
85 135 2
85 145 2
85 221 2
85 411 2
85 496 2
85 556 2
85 570 2
85 648 2
85 650 2
85 720 2
86 104 2
86 125 2
86 149 2
86 165 2
86 227 2
86 291 2
86 315 2
86 357 2
86 425 2
86 464 2
86 466 2
86 528 2
86 532 2
86 653 2
86 656 2
86 696 2
86 776 2
86 101 2
86 194 2
86 525 2
87 88 2
87 187 2
87 329 2
87 375 2
87 389 2
87 390 2
87 731 2
87 771 2
87 106 2
87 177 2
87 198 2
87 230 2
87 307 2
87 316 2
87 392 2
87 411 2
87 510 2
87 589 2
87 704 2
87 706 2
87 759 2
88 218 2
88 343 2
88 347 2
88 661 2
88 788 2
89 154 2
89 191 2
89 358 2
89 522 2
89 619 2
89 640 2
89 123 2
89 138 2
89 228 2
89 278 2
89 378 2
90 745 2
90 96 2
90 167 2
90 201 2
90 203 2
90 336 2
90 442 2
90 456 2
90 530 2
90 598 2
91 186 2
91 242 2
91 262 2
91 353 2
91 381 2
91 434 2
91 444 2
91 471 2
91 472 2
91 511 2
91 667 2
91 100 2
91 258 2
91 280 2
92 324 2
92 364 2
92 95 2
92 133 2
92 141 2
92 270 2
92 304 2
92 549 2
92 575 2
92 635 2
92 659 2
93 181 2
93 207 2
93 210 2
93 334 2
93 426 2
93 512 2
93 554 2
93 586 2
93 134 2
93 175 2
93 214 2
93 241 2
93 360 2
93 374 2
93 380 2
93 408 2
93 446 2
93 543 2
93 561 2
93 616 2
93 660 2
93 677 2
93 718 2
93 729 2
93 733 2
94 121 2
94 179 2
94 196 2
94 290 2
94 379 2
94 384 2
94 405 2
94 437 2
94 463 2
94 598 2
94 587 2
94 747 2
95 101 2
95 166 2
95 282 2
95 387 2
95 415 2
95 662 2
95 779 2
95 133 2
95 141 2
95 184 2
95 191 2
95 270 2
95 304 2
95 322 2
95 344 2
95 606 2
95 613 2
95 635 2
96 245 2
96 397 2
96 502 2
96 519 2
96 541 2
96 638 2
96 750 2
96 204 2
96 318 2
96 383 2
96 455 2
96 558 2
97 588 2
97 233 2
97 259 2
97 508 2
98 160 2
98 175 2
98 180 2
98 198 2
98 443 2
98 540 2
98 763 2
98 129 2
98 246 2
98 252 2
98 288 2
98 337 2
98 340 2
98 420 2
98 437 2
98 486 2
98 548 2
98 645 2
98 712 2
99 159 2
99 342 2
99 654 2
99 151 2
99 174 2
99 188 2
99 202 2
99 274 2
99 294 2
99 433 2
99 469 2
99 480 2
99 504 2
99 520 2
99 546 2
99 792 2
99 665 2
99 784 2
100 156 2
100 304 2
100 441 2
100 566 2
100 599 2
100 258 2
100 431 2
100 640 2
101 166 2
101 395 2
101 194 2
101 293 2
101 376 2
101 388 2
102 220 2
102 224 2
102 312 2
102 483 2
102 542 2
102 791 2
103 129 2
103 206 2
103 630 2
103 327 2
103 403 2
103 481 2
103 711 2
104 149 2
104 165 2
104 315 2
104 331 2
104 466 2
104 776 2
104 239 2
104 275 2
105 118 2
105 126 2
105 168 2
105 203 2
105 267 2
105 345 2
105 363 2
105 396 2
105 398 2
105 433 2
105 498 2
105 624 2
105 712 2
105 187 2
105 517 2
106 212 2
106 266 2
106 341 2
106 177 2
106 198 2
106 256 2
106 653 2
106 671 2
106 760 2
107 140 2
107 185 2
107 215 2
107 239 2
107 458 2
107 572 2
107 580 2
107 283 2
107 599 2
107 602 2
108 163 2
108 188 2
108 216 2
108 122 2
108 224 2
108 229 2
108 300 2
108 362 2
108 405 2
108 430 2
108 514 2
108 584 2
108 588 2
109 200 2
109 333 2
109 111 2
110 306 2
110 226 2
110 237 2
110 295 2
110 617 2
110 667 2
110 731 2
111 151 2
111 348 2
111 545 2
111 561 2
111 637 2
111 730 2
112 254 2
112 128 2
112 144 2
112 186 2
112 189 2
112 282 2
112 314 2
112 356 2
112 370 2
112 445 2
112 485 2
112 621 2
112 684 2
113 368 2
113 115 2
113 199 2
113 472 2
113 629 2
114 273 2
114 571 2
114 365 2
114 673 2
114 707 2
115 127 2
115 572 2
115 629 2
116 117 2
116 137 2
116 173 2
116 544 2
116 162 2
116 231 2
116 247 2
116 272 2
116 291 2
116 489 2
116 740 2
117 544 2
117 657 2
117 143 2
117 182 2
117 212 2
117 244 2
117 310 2
117 353 2
117 415 2
117 453 2
117 689 2
118 799 2
118 126 2
118 138 2
118 162 2
118 168 2
118 240 2
118 258 2
118 363 2
118 459 2
118 505 2
118 600 2
118 678 2
118 707 2
118 766 2
118 790 2
118 150 2
118 279 2
118 688 2
118 698 2
118 748 2
119 128 2
119 136 2
119 270 2
119 316 2
119 319 2
119 350 2
119 585 2
119 784 2
119 158 2
119 196 2
119 254 2
119 373 2
119 726 2
119 752 2
119 777 2
120 613 2
120 190 2
120 268 2
120 341 2
120 357 2
121 150 2
121 196 2
121 296 2
121 507 2
121 206 2
121 545 2
121 579 2
121 641 2
122 407 2
122 224 2
122 584 2
122 634 2
123 157 2
123 230 2
123 264 2
123 317 2
123 321 2
123 501 2
123 534 2
123 589 2
123 726 2
123 727 2
123 138 2
123 178 2
123 278 2
123 406 2
124 222 2
124 594 2
124 642 2
125 227 2
125 357 2
125 721 2
125 394 2
125 639 2
126 138 2
126 168 2
126 203 2
126 283 2
126 345 2
126 396 2
126 398 2
126 505 2
126 517 2
126 518 2
126 678 2
126 686 2
126 787 2
126 137 2
126 352 2
126 679 2
126 730 2
127 194 2
127 272 2
127 549 2
127 614 2
127 248 2
127 281 2
127 303 2
127 468 2
127 505 2
127 572 2
128 316 2
128 350 2
128 646 2
128 189 2
129 206 2
129 219 2
129 288 2
129 420 2
129 529 2
130 144 2
130 309 2
130 146 2
130 168 2
130 197 2
130 223 2
130 363 2
130 799 2
130 414 2
130 449 2
130 451 2
130 605 2
131 217 2
131 404 2
131 783 2
132 487 2
132 301 2
132 400 2
132 502 2
132 565 2
132 615 2
132 623 2
132 643 2
132 701 2
132 717 2
133 539 2
133 695 2
133 713 2
133 718 2
133 141 2
133 184 2
133 575 2
134 170 2
134 447 2
134 550 2
134 241 2
134 360 2
134 608 2
134 624 2
134 718 2
135 736 2
135 142 2
135 185 2
135 277 2
135 334 2
135 387 2
135 663 2
135 767 2
136 270 2
136 310 2
136 319 2
136 346 2
136 156 2
136 622 2
137 489 2
137 407 2
138 240 2
138 258 2
138 283 2
138 361 2
138 376 2
138 393 2
138 423 2
138 430 2
138 436 2
138 518 2
138 678 2
138 686 2
138 755 2
138 178 2
138 278 2
138 378 2
138 406 2
139 287 2
139 318 2
139 560 2
139 576 2
139 147 2
139 306 2
139 467 2
139 793 2
139 654 2
139 749 2
140 185 2
140 234 2
140 351 2
140 413 2
140 458 2
140 500 2
140 659 2
140 205 2
140 215 2
140 271 2
140 319 2
140 323 2
140 386 2
140 555 2
140 595 2
140 656 2
141 225 2
141 409 2
141 715 2
141 785 2
141 304 2
142 555 2
142 676 2
142 185 2
142 234 2
142 277 2
142 387 2
142 651 2
142 767 2
143 208 2
143 275 2
143 797 2
143 182 2
143 244 2
143 310 2
143 338 2
143 371 2
143 415 2
143 435 2
143 465 2
143 689 2
144 303 2
144 371 2
144 435 2
144 548 2
144 172 2
144 282 2
144 314 2
144 458 2
144 522 2
144 527 2
144 696 2
145 221 2
145 228 2
145 411 2
145 581 2
145 648 2
145 650 2
145 772 2
145 460 2
146 178 2
146 193 2
146 233 2
146 607 2
146 687 2
146 722 2
146 799 2
146 168 2
146 197 2
146 245 2
146 330 2
147 735 2
147 306 2
147 682 2
147 749 2
148 184 2
148 197 2
148 201 2
148 244 2
148 285 2
148 337 2
148 403 2
148 526 2
148 529 2
148 655 2
148 737 2
148 741 2
148 765 2
149 165 2
149 696 2
149 296 2
149 302 2
149 758 2
150 179 2
150 196 2
150 307 2
150 379 2
150 463 2
150 507 2
150 700 2
150 775 2
150 279 2
150 315 2
150 581 2
150 675 2
150 688 2
150 698 2
151 269 2
151 639 2
151 174 2
151 195 2
151 202 2
151 294 2
151 427 2
151 450 2
151 492 2
151 524 2
152 279 2
152 751 2
152 515 2
153 367 2
153 669 2
153 512 2
154 191 2
154 293 2
154 428 2
154 474 2
154 592 2
154 255 2
154 312 2
155 358 2
155 401 2
156 566 2
156 622 2
156 664 2
157 230 2
157 253 2
157 264 2
157 314 2
157 321 2
157 394 2
157 501 2
157 509 2
157 727 2
157 324 2
157 490 2
157 669 2
158 378 2
158 392 2
158 404 2
158 537 2
158 569 2
158 658 2
158 671 2
158 211 2
158 254 2
158 328 2
158 539 2
158 627 2
158 662 2
159 342 2
159 654 2
159 495 2
160 256 2
160 481 2
161 785 2
162 799 2
162 231 2
162 235 2
162 382 2
163 200 2
163 366 2
163 556 2
163 737 2
164 557 2
164 759 2
164 397 2
164 650 2
165 315 2
165 696 2
165 798 2
165 507 2
166 282 2
166 380 2
166 225 2
166 260 2
166 298 2
167 226 2
167 418 2
167 478 2
167 693 2
167 203 2
167 207 2
167 313 2
168 203 2
168 505 2
168 707 2
168 197 2
168 363 2
168 377 2
169 301 2
169 448 2
169 616 2
169 582 2
170 241 2
170 298 2
170 513 2
170 550 2
170 443 2
170 670 2
171 174 2
171 177 2
171 192 2
171 252 2
171 328 2
171 362 2
171 446 2
171 450 2
171 574 2
171 608 2
171 631 2
171 690 2
171 704 2
171 227 2
171 461 2
171 513 2
172 232 2
172 280 2
172 432 2
172 569 2
173 493 2
173 402 2
174 192 2
174 231 2
174 252 2
174 255 2
174 467 2
174 492 2
174 188 2
174 202 2
174 450 2
174 520 2
175 180 2
175 211 2
175 443 2
175 540 2
175 563 2
175 214 2
175 374 2
175 408 2
175 417 2
175 446 2
175 475 2
175 519 2
175 616 2
175 677 2
176 190 2
176 213 2
176 475 2
176 504 2
176 510 2
176 217 2
176 501 2
177 360 2
177 608 2
177 631 2
177 230 2
177 256 2
177 307 2
177 316 2
177 395 2
177 487 2
178 687 2
179 290 2
179 307 2
179 335 2
179 379 2
179 384 2
179 405 2
179 410 2
179 437 2
179 670 2
179 697 2
179 700 2
179 209 2
179 232 2
179 473 2
179 600 2
180 443 2
180 210 2
180 457 2
180 498 2
180 537 2
180 563 2
181 207 2
181 210 2
181 237 2
181 265 2
181 334 2
181 793 2
181 365 2
181 460 2
181 461 2
181 473 2
181 515 2
181 625 2
181 629 2
181 652 2
181 728 2
181 213 2
181 540 2
181 551 2
181 559 2
181 566 2
181 590 2
181 681 2
182 247 2
182 261 2
182 414 2
182 469 2
182 636 2
182 415 2
182 465 2
183 288 2
183 343 2
183 344 2
183 658 2
184 197 2
184 244 2
184 403 2
184 632 2
184 741 2
184 191 2
185 278 2
185 458 2
185 468 2
185 480 2
185 572 2
185 659 2
185 234 2
186 242 2
186 262 2
186 326 2
186 593 2
186 356 2
186 370 2
186 471 2
187 276 2
187 329 2
187 596 2
187 731 2
188 216 2
188 235 2
188 257 2
188 442 2
188 752 2
188 504 2
189 651 2
190 195 2
190 794 2
190 705 2
190 268 2
190 341 2
190 357 2
190 591 2
190 697 2
190 742 2
190 743 2
190 753 2
191 293 2
191 428 2
191 592 2
191 719 2
192 362 2
192 222 2
192 242 2
192 251 2
192 329 2
192 425 2
192 583 2
192 715 2
192 744 2
193 233 2
193 216 2
193 250 2
193 262 2
193 264 2
193 416 2
193 618 2
194 272 2
194 300 2
194 694 2
195 359 2
195 794 2
195 705 2
195 717 2
195 780 2
195 492 2
196 507 2
196 726 2
197 526 2
198 620 2
198 763 2
198 704 2
199 263 2
199 422 2
199 602 2
199 633 2
199 739 2
199 399 2
199 472 2
199 592 2
200 331 2
200 366 2
200 440 2
200 562 2
200 737 2
201 337 2
201 529 2
201 627 2
201 336 2
201 530 2
201 553 2
201 676 2
202 238 2
202 622 2
202 732 2
202 294 2
202 427 2
202 433 2
202 450 2
202 520 2
202 546 2
203 345 2
203 517 2
203 624 2
203 207 2
203 442 2
203 456 2
203 598 2
204 318 2
204 383 2
204 558 2
204 766 2
205 251 2
205 798 2
205 215 2
205 271 2
205 386 2
206 359 2
206 429 2
206 579 2
206 620 2
206 641 2
207 210 2
207 265 2
207 515 2
207 586 2
207 629 2
207 652 2
208 797 2
208 275 2
208 683 2
208 534 2
209 382 2
209 473 2
209 478 2
209 560 2
210 265 2
210 334 2
210 461 2
210 792 2
210 586 2
210 625 2
210 728 2
211 328 2
211 539 2
211 627 2
211 638 2
212 266 2
212 292 2
212 366 2
212 308 2
212 444 2
212 570 2
213 504 2
213 510 2
213 436 2
213 540 2
213 551 2
213 692 2
214 338 2
214 476 2
214 616 2
215 797 2
215 271 2
215 319 2
215 323 2
215 375 2
216 250 2
216 262 2
216 385 2
216 409 2
216 470 2
216 618 2
216 633 2
218 575 2
218 500 2
218 637 2
218 787 2
218 788 2
219 305 2
219 347 2
219 349 2
219 529 2
219 694 2
220 224 2
220 312 2
220 483 2
220 531 2
220 286 2
220 292 2
220 311 2
220 326 2
220 379 2
220 422 2
220 509 2
220 655 2
220 666 2
220 780 2
221 228 2
221 570 2
221 648 2
221 243 2
221 266 2
221 283 2
222 242 2
222 329 2
222 339 2
222 425 2
222 518 2
222 657 2
222 744 2
222 789 2
223 610 2
223 674 2
223 749 2
223 451 2
223 605 2
224 229 2
224 362 2
224 398 2
224 584 2
224 634 2
225 714 2
225 715 2
225 778 2
225 260 2
225 265 2
225 298 2
225 554 2
226 370 2
226 418 2
226 237 2
226 295 2
226 345 2
226 617 2
226 674 2
227 357 2
227 425 2
227 653 2
227 721 2
227 513 2
227 625 2
227 648 2
228 381 2
229 543 2
229 564 2
229 723 2
229 764 2
229 362 2
229 398 2
229 588 2
230 314 2
230 321 2
230 394 2
230 307 2
230 487 2
230 577 2
230 589 2
231 255 2
231 322 2
231 467 2
231 235 2
231 247 2
231 284 2
231 489 2
232 249 2
233 722 2
233 769 2
233 259 2
233 297 2
233 526 2
233 790 2
234 271 2
234 278 2
234 480 2
234 659 2
235 257 2
235 777 2
235 284 2
235 299 2
236 330 2
236 516 2
236 617 2
236 476 2
236 511 2
237 365 2
238 622 2
238 732 2
238 779 2
239 340 2
239 431 2
239 580 2
239 604 2
239 275 2
240 258 2
240 376 2
240 377 2
240 393 2
240 755 2
240 289 2
240 423 2
240 496 2
241 440 2
241 513 2
241 380 2
241 733 2
241 762 2
242 251 2
242 329 2
242 491 2
242 657 2
242 703 2
243 266 2
243 391 2
244 285 2
244 311 2
244 320 2
244 403 2
244 494 2
244 310 2
244 338 2
244 371 2
244 453 2
245 397 2
245 750 2
245 330 2
245 466 2
245 768 2
246 401 2
246 252 2
246 340 2
246 426 2
246 484 2
246 486 2
246 548 2
246 628 2
246 645 2
246 745 2
247 261 2
247 469 2
247 636 2
247 489 2
248 421 2
248 281 2
248 303 2
248 419 2
248 459 2
248 468 2
248 538 2
249 465 2
249 484 2
250 591 2
250 262 2
250 385 2
250 409 2
250 633 2
251 664 2
251 798 2
251 491 2
251 703 2
252 446 2
252 618 2
252 486 2
253 456 2
253 692 2
253 269 2
253 454 2
253 564 2
253 735 2
255 322 2
255 492 2
255 312 2
256 481 2
256 395 2
256 653 2
257 442 2
257 777 2
257 396 2
257 567 2
257 746 2
258 393 2
258 430 2
258 640 2
259 681 2
259 297 2
259 508 2
260 374 2
260 796 2
261 389 2
262 326 2
262 353 2
262 559 2
262 385 2
262 470 2
262 618 2
263 422 2
263 602 2
263 757 2
264 317 2
264 470 2
264 509 2
264 565 2
264 603 2
264 727 2
264 416 2
264 424 2
264 796 2
265 461 2
265 473 2
265 652 2
265 792 2
265 390 2
265 554 2
266 341 2
266 366 2
267 274 2
267 433 2
267 615 2
267 679 2
267 758 2
267 285 2
267 354 2
267 479 2
267 482 2
267 503 2
268 386 2
268 527 2
268 357 2
269 639 2
269 410 2
269 454 2
269 564 2
269 735 2
270 310 2
270 319 2
270 346 2
270 585 2
270 322 2
270 344 2
270 533 2
270 635 2
270 659 2
271 413 2
271 386 2
272 300 2
272 614 2
272 661 2
272 291 2
273 295 2
273 369 2
273 361 2
273 418 2
274 551 2
274 644 2
274 679 2
274 758 2
274 768 2
274 448 2
274 469 2
274 784 2
274 791 2
275 797 2
275 683 2
276 558 2
276 596 2
276 628 2
276 438 2
277 525 2
277 334 2
277 387 2
277 651 2
278 468 2
278 480 2
278 378 2
278 406 2
279 315 2
279 698 2
280 449 2
281 488 2
281 468 2
282 380 2
282 609 2
282 720 2
282 684 2
283 361 2
283 518 2
283 599 2
284 419 2
284 743 2
284 299 2
285 311 2
285 320 2
285 479 2
285 494 2
286 292 2
286 311 2
286 422 2
286 509 2
286 710 2
286 780 2
287 318 2
287 560 2
287 384 2
287 568 2
287 573 2
287 647 2
287 652 2
287 719 2
288 294 2
288 352 2
288 438 2
288 523 2
288 546 2
288 420 2
288 437 2
288 550 2
289 302 2
289 391 2
289 635 2
289 783 2
290 335 2
290 552 2
290 693 2
290 781 2
291 332 2
291 464 2
291 740 2
293 428 2
293 474 2
293 376 2
294 352 2
294 438 2
294 523 2
294 734 2
294 427 2
294 433 2
294 524 2
295 369 2
295 617 2
295 674 2
296 302 2
296 649 2
296 758 2
297 432 2
297 756 2
297 767 2
297 790 2
298 550 2
299 506 2
299 634 2
299 709 2
300 661 2
300 694 2
300 430 2
300 514 2
301 616 2
301 320 2
301 400 2
301 571 2
301 701 2
302 323 2
302 327 2
302 391 2
302 427 2
302 724 2
302 748 2
302 783 2
303 371 2
303 435 2
303 452 2
303 495 2
303 505 2
303 538 2
304 383 2
304 416 2
304 441 2
304 453 2
304 547 2
304 595 2
304 597 2
304 623 2
304 666 2
304 682 2
304 746 2
305 349 2
305 355 2
305 536 2
305 689 2
305 497 2
306 467 2
306 654 2
307 775 2
307 316 2
307 392 2
307 411 2
307 487 2
307 577 2
307 589 2
307 706 2
308 444 2
308 536 2
308 570 2
308 585 2
309 364 2
309 474 2
309 488 2
309 535 2
309 631 2
309 687 2
310 346 2
310 371 2
311 320 2
311 479 2
311 509 2
311 655 2
311 710 2
312 483 2
312 531 2
313 325 2
313 733 2
314 394 2
314 445 2
314 458 2
314 522 2
314 527 2
314 541 2
314 604 2
314 696 2
314 756 2
316 392 2
316 510 2
317 470 2
317 565 2
317 321 2
317 542 2
317 714 2
318 560 2
318 383 2
318 455 2
319 585 2
319 784 2
319 797 2
319 323 2
319 375 2
319 393 2
320 479 2
320 494 2
321 501 2
321 534 2
321 589 2
321 645 2
321 542 2
322 344 2
322 533 2
322 606 2
323 327 2
323 412 2
323 748 2
323 375 2
323 393 2
324 364 2
325 524 2
325 590 2
325 675 2
325 773 2
325 335 2
325 368 2
325 428 2
325 725 2
326 559 2
326 593 2
326 710 2
326 379 2
326 666 2
326 770 2
327 412 2
327 427 2
327 455 2
327 748 2
327 447 2
328 574 2
328 579 2
328 627 2
328 662 2
329 375 2
329 731 2
329 425 2
329 518 2
329 657 2
330 516 2
330 617 2
331 466 2
331 528 2
331 656 2
331 440 2
331 562 2
332 346 2
333 680 2
333 775 2
334 728 2
335 725 2
336 573 2
336 594 2
336 606 2
337 630 2
338 476 2
338 626 2
339 610 2
339 350 2
339 789 2
340 431 2
340 457 2
340 604 2
340 740 2
340 426 2
340 484 2
340 614 2
341 591 2
342 654 2
343 344 2
343 347 2
344 533 2
345 396 2
345 517 2
345 624 2
345 597 2
348 637 2
348 647 2
348 499 2
348 528 2
349 372 2
349 690 2
350 646 2
351 500 2
351 789 2
351 521 2
352 438 2
352 734 2
352 679 2
352 730 2
353 471 2
354 479 2
354 482 2
354 503 2
355 536 2
355 689 2
355 506 2
355 695 2
356 514 2
357 425 2
357 532 2
358 522 2
358 640 2
358 401 2
359 445 2
359 780 2
359 429 2
359 531 2
359 612 2
360 543 2
360 608 2
360 624 2
360 718 2
361 418 2
363 459 2
363 600 2
363 601 2
363 377 2
363 449 2
365 460 2
365 673 2
365 761 2
368 781 2
369 477 2
369 483 2
370 418 2
370 485 2
371 495 2
372 690 2
373 490 2
373 533 2
373 752 2
374 796 2
374 408 2
374 417 2
374 519 2
375 389 2
375 390 2
375 552 2
375 703 2
375 771 2
375 393 2
376 377 2
376 423 2
376 436 2
376 680 2
376 388 2
376 769 2
377 680 2
378 392 2
379 384 2
379 410 2
379 417 2
379 463 2
379 477 2
379 562 2
379 598 2
379 660 2
379 700 2
380 733 2
380 762 2
381 444 2
381 607 2
383 416 2
383 587 2
383 597 2
383 666 2
383 558 2
383 766 2
384 405 2
384 410 2
384 417 2
384 535 2
384 670 2
384 677 2
384 568 2
385 409 2
385 470 2
386 527 2
387 415 2
387 499 2
387 767 2
388 406 2
388 642 2
388 688 2
388 769 2
389 390 2
389 552 2
389 462 2
390 552 2
390 771 2
390 686 2
391 783 2
392 411 2
392 510 2
392 759 2
393 430 2
393 755 2
394 639 2
395 729 2
397 519 2
397 649 2
399 439 2
399 486 2
399 553 2
399 672 2
399 747 2
399 592 2
400 571 2
400 623 2
400 701 2
400 739 2
402 482 2
402 728 2
403 741 2
403 481 2
403 493 2
403 723 2
403 738 2
404 485 2
404 537 2
404 658 2
404 671 2
404 760 2
404 413 2
405 437 2
405 670 2
405 697 2
408 424 2
408 454 2
408 446 2
408 519 2
409 633 2
410 417 2
410 477 2
410 535 2
410 663 2
410 691 2
411 581 2
411 772 2
412 741 2
415 689 2
416 453 2
416 587 2
416 595 2
416 597 2
416 623 2
416 682 2
417 477 2
417 535 2
417 562 2
417 663 2
417 677 2
417 691 2
417 475 2
419 743 2
419 459 2
420 437 2
420 550 2
421 702 2
421 452 2
421 532 2
421 580 2
421 705 2
422 602 2
422 739 2
422 757 2
422 780 2
423 436 2
423 794 2
423 496 2
424 684 2
424 786 2
424 796 2
424 619 2
424 672 2
424 750 2
424 763 2
425 532 2
425 653 2
425 518 2
426 512 2
426 484 2
426 614 2
426 628 2
427 455 2
427 724 2
427 524 2
428 592 2
428 719 2
429 531 2
429 620 2
430 514 2
431 457 2
431 740 2
432 756 2
432 569 2
432 709 2
432 713 2
433 615 2
433 546 2
434 472 2
434 567 2
434 667 2
434 711 2
435 452 2
435 548 2
435 721 2
436 692 2
437 550 2
439 486 2
439 702 2
440 562 2
441 746 2
442 752 2
442 456 2
443 670 2
444 511 2
444 536 2
444 691 2
444 754 2
445 541 2
446 450 2
446 618 2
446 704 2
446 677 2
447 603 2
447 751 2
450 704 2
451 605 2
453 547 2
453 595 2
453 725 2
454 564 2
456 521 2
456 578 2
456 692 2
457 498 2
458 522 2
458 604 2
459 600 2
459 601 2
459 790 2
461 793 2
461 792 2
461 473 2
461 625 2
463 598 2
466 528 2
466 776 2
466 700 2
466 768 2
467 654 2
469 636 2
469 784 2
469 791 2
470 565 2
470 603 2
472 567 2
472 667 2
473 600 2
474 488 2
474 494 2
474 523 2
474 755 2
474 772 2
474 774 2
474 776 2
476 511 2
477 562 2
477 660 2
477 663 2
477 483 2
478 693 2
478 560 2
479 482 2
480 792 2
480 665 2
480 795 2
481 493 2
481 711 2
481 723 2
484 612 2
484 614 2
485 621 2
486 548 2
486 712 2
486 745 2
487 641 2
487 577 2
488 706 2
488 494 2
488 535 2
488 601 2
488 631 2
488 755 2
488 776 2
490 533 2
490 669 2
491 703 2
493 723 2
494 523 2
494 601 2
494 755 2
496 556 2
496 668 2
496 794 2
498 605 2
498 643 2
498 712 2
498 537 2
500 576 2
500 596 2
500 637 2
501 534 2
501 645 2
502 565 2
502 578 2
502 615 2
505 707 2
506 634 2
506 753 2
507 798 2
508 698 2
508 754 2
509 655 2
509 710 2
510 759 2
515 629 2
515 586 2
515 632 2
516 668 2
519 649 2
519 685 2
520 538 2
521 578 2
522 527 2
522 604 2
522 756 2
523 546 2
523 774 2
524 590 2
524 675 2
527 696 2
529 737 2
529 765 2
530 621 2
530 553 2
532 580 2
532 705 2
534 645 2
535 677 2
535 691 2
535 631 2
536 691 2
537 569 2
537 760 2
539 577 2
539 713 2
540 563 2
541 685 2
543 564 2
543 723 2
543 761 2
544 611 2
544 716 2
545 561 2
547 725 2
548 645 2
548 712 2
548 745 2
551 644 2
552 703 2
552 693 2
552 781 2
553 672 2
555 595 2
556 668 2
557 759 2
558 628 2
558 766 2
559 568 2
559 681 2
561 660 2
562 660 2
564 723 2
564 761 2
564 735 2
565 578 2
565 717 2
566 590 2
567 711 2
568 652 2
568 719 2
570 585 2
573 594 2
573 606 2
573 647 2
576 596 2
579 582 2
579 641 2
581 772 2
581 675 2
581 678 2
581 708 2
583 715 2
584 744 2
585 784 2
587 747 2
588 611 2
589 706 2
591 697 2
591 743 2
592 719 2
593 710 2
594 606 2
594 642 2
595 623 2
595 656 2
600 601 2
602 757 2
603 771 2
604 740 2
604 756 2
605 643 2
605 716 2
608 631 2
608 690 2
608 624 2
609 720 2
609 762 2
609 770 2
609 779 2
610 674 2
611 716 2
611 757 2
613 665 2
615 643 2
615 644 2
615 646 2
615 722 2
615 773 2
619 672 2
622 664 2
623 682 2
623 739 2
625 793 2
625 648 2
631 690 2
634 753 2
636 727 2
637 730 2
637 787 2
638 734 2
643 644 2
643 646 2
643 683 2
643 722 2
644 768 2
644 646 2
644 683 2
644 773 2
646 722 2
648 650 2
652 719 2
653 671 2
653 760 2
658 671 2
658 764 2
660 729 2
666 770 2
667 685 2
667 731 2
671 760 2
672 750 2
673 699 2
673 761 2
675 773 2
675 678 2
678 686 2
678 787 2
679 730 2
680 775 2
684 786 2
686 787 2
688 748 2
691 754 2
695 718 2
697 743 2
697 753 2
700 724 2
700 765 2
701 774 2
705 794 2
705 717 2
707 766 2
709 713 2
715 795 2
715 778 2
715 785 2
720 762 2
720 770 2
722 769 2
726 777 2
737 765 2
742 786 2
750 763 2
751 771 2
754 782 2
755 776 2
762 770 2
784 791 2
785 795 2
792 795 2
0 0 -78
1 1 -86
2 2 -89
3 3 -121
4 4 -120
5 5 -153
6 6 -43
7 7 -83
8 8 -57
9 9 -51
10 10 -44
11 11 -15
12 12 -18
13 13 -73
14 14 -59
15 15 -55
16 16 -56
17 17 -61
18 18 -60
19 19 -20
20 20 -25
21 21 -53
22 22 -44
23 23 -35
24 24 -38
25 25 -32
26 26 -19
27 27 -25
28 28 -19
29 29 -20
30 30 -21
31 31 -30
32 32 -33
33 33 -17
34 34 -40
35 35 -33
36 36 -14
37 37 -36
38 38 -28
39 39 -25
40 40 -22
41 41 -14
42 42 -24
43 43 -32
44 44 -25
45 45 -43
46 46 -29
47 47 -31
48 48 -34
49 49 -17
50 50 -26
51 51 -19
52 52 -21
53 53 -16
54 54 -20
55 55 -27
56 56 -21
57 57 -35
58 58 -42
59 59 -28
60 60 -12
61 61 -15
62 62 -17
63 63 -33
64 64 -17
65 65 -10
66 66 -21
67 67 -22
68 68 -28
69 69 -16
70 70 -32
71 71 -28
72 72 -20
73 73 -18
74 74 -7
75 75 -10
76 76 -15
77 77 -33
78 78 -27
79 79 -19
80 80 -16
81 81 -20
82 82 -20
83 83 -26
84 84 -25
85 85 -16
86 86 -26
87 87 -26
88 88 -11
89 89 -17
90 90 -16
91 91 -20
92 92 -17
93 93 -31
94 94 -18
95 95 -24
96 96 -18
97 97 -10
98 98 -25
99 99 -23
100 100 -13
101 101 -12
102 102 -12
103 103 -13
104 104 -14
105 105 -21
106 106 -14
107 107 -15
108 108 -19
109 109 -9
110 110 -13
111 111 -12
112 112 -19
113 113 -11
114 114 -11
115 115 -8
116 116 -17
117 117 -17
118 118 -26
119 119 -21
120 120 -11
121 121 -14
122 122 -10
123 123 -20
124 124 -9
125 125 -11
126 126 -23
127 127 -16
128 128 -9
129 129 -11
130 130 -17
131 131 -9
132 132 -16
133 133 -13
134 134 -14
135 135 -14
136 136 -12
137 137 -8
138 138 -23
139 139 -16
140 140 -21
141 141 -11
142 142 -14
143 143 -18
144 144 -17
145 145 -14
146 146 -17
147 147 -10
148 148 -18
149 149 -11
150 150 -19
151 151 -16
152 152 -9
153 153 -9
154 154 -13
155 155 -8
156 156 -9
157 157 -18
158 158 -19
159 159 -8
160 160 -8
161 161 -7
162 162 -10
163 163 -9
164 164 -10
165 165 -10
166 166 -11
167 167 -13
168 168 -12
169 169 -10
170 170 -12
171 171 -22
172 172 -10
173 173 -8
174 174 -16
175 175 -20
176 176 -13
177 177 -15
178 178 -7
179 179 -20
180 180 -12
181 181 -27
182 182 -13
183 183 -10
184 184 -12
185 185 -13
186 186 -13
187 187 -10
188 188 -12
189 189 -7
190 190 -17
191 191 -10
192 192 -15
193 193 -12
194 194 -9
195 195 -11
196 196 -8
197 197 -7
198 198 -9
199 199 -14
200 200 -11
201 201 -13
202 202 -15
203 203 -13
204 204 -8
205 205 -11
206 206 -11
207 207 -12
208 208 -10
209 209 -10
210 210 -13
211 211 -10
212 212 -12
213 213 -12
214 214 -9
215 215 -10
216 216 -13
217 217 -5
218 218 -11
219 219 -11
220 220 -20
221 221 -11
222 222 -14
223 223 -10
224 224 -11
225 225 -13
226 226 -13
227 227 -13
228 228 -7
229 229 -13
230 230 -13
231 231 -13
232 232 -6
233 233 -12
234 234 -9
235 235 -9
236 236 -11
237 237 -7
238 238 -9
239 239 -11
240 240 -14
241 241 -11
242 242 -11
243 243 -7
244 244 -15
245 245 -11
246 246 -16
247 247 -10
248 248 -13
249 249 -8
250 250 -11
251 251 -10
252 252 -9
253 253 -12
254 254 -6
255 255 -8
256 256 -9
257 257 -11
258 258 -9
259 259 -9
260 260 -8
261 261 -7
262 262 -12
263 263 -9
264 264 -15
265 265 -12
266 266 -8
267 267 -16
268 268 -9
269 269 -11
270 270 -15
271 271 -7
272 272 -10
273 273 -10
274 274 -14
275 275 -8
276 276 -10
277 277 -10
278 278 -10
279 279 -8
280 280 -7
281 281 -8
282 282 -10
283 283 -9
284 284 -8
285 285 -10
286 286 -12
287 287 -14
288 288 -14
289 289 -10
290 290 -10
291 291 -9
292 292 -6
293 293 -9
294 294 -13
295 295 -9
296 296 -9
297 297 -10
298 298 -6
299 299 -9
300 300 -10
301 301 -11
302 302 -12
303 303 -12
304 304 -17
305 305 -11
306 306 -8
307 307 -14
308 308 -10
309 309 -12
310 310 -8
311 311 -11
312 312 -8
313 313 -8
314 314 -15
315 315 -6
316 316 -8
317 317 -11
318 318 -9
319 319 -12
320 320 -8
321 321 -11
322 322 -9
323 323 -11
324 324 -7
325 325 -14
326 326 -12
327 327 -11
328 328 -10
329 329 -11
330 330 -8
331 331 -10
332 332 -7
333 333 -8
334 334 -7
335 335 -7
336 336 -9
337 337 -7
338 338 -7
339 339 -8
340 340 -12
341 341 -7
342 342 -7
343 343 -8
344 344 -7
345 345 -10
346 346 -6
347 347 -6
348 348 -10
349 349 -8
350 350 -7
351 351 -9
352 352 -10
353 353 -7
354 354 -9
355 355 -10
356 356 -7
357 357 -8
358 358 -9
359 359 -11
360 360 -10
361 361 -7
362 362 -6
363 363 -11
364 364 -6
365 365 -9
366 366 -6
367 367 -6
368 368 -7
369 369 -8
370 370 -7
371 371 -7
372 372 -7
373 373 -8
374 374 -10
375 375 -12
376 376 -12
377 377 -7
378 378 -7
379 379 -15
380 380 -8
381 381 -8
382 382 -6
383 383 -12
384 384 -13
385 385 -8
386 386 -7
387 387 -9
388 388 -10
389 389 -9
390 390 -9
391 391 -7
392 392 -9
393 393 -8
394 394 -7
395 395 -7
396 396 -6
397 397 -8
398 398 -6
399 399 -12
400 400 -10
401 401 -6
402 402 -8
403 403 -11
404 404 -12
405 405 -9
406 406 -6
407 407 -6
408 408 -10
409 409 -7
410 410 -11
411 411 -8
412 412 -7
413 413 -6
414 414 -6
415 415 -7
416 416 -12
417 417 -13
418 418 -6
419 419 -8
420 420 -8
421 421 -11
422 422 -9
423 423 -8
424 424 -13
425 425 -9
426 426 -10
427 427 -9
428 428 -8
429 429 -8
430 430 -7
431 431 -8
432 432 -10
433 433 -8
434 434 -10
435 435 -9
436 436 -7
437 437 -7
438 438 -6
439 439 -8
440 440 -7
441 441 -7
442 442 -7
443 443 -7
444 444 -10
445 445 -7
446 446 -10
447 447 -8
448 448 -6
449 449 -6
450 450 -7
451 451 -7
452 452 -6
453 453 -9
454 454 -7
455 455 -6
456 456 -9
457 457 -7
458 458 -8
459 459 -9
460 460 -6
461 461 -10
462 462 -6
463 463 -7
464 464 -6
465 465 -5
466 466 -10
467 467 -7
468 468 -6
469 469 -9
470 470 -8
471 471 -6
472 472 -8
473 473 -7
474 474 -13
475 475 -6
476 476 -7
477 477 -10
478 478 -8
479 479 -7
480 480 -9
481 481 -9
482 482 -6
483 483 -6
484 484 -8
485 485 -7
486 486 -9
487 487 -8
488 488 -13
489 489 -5
490 490 -7
491 491 -7
492 492 -6
493 493 -7
494 494 -9
495 495 -6
496 496 -9
497 497 -6
498 498 -10
499 499 -6
500 500 -9
501 501 -8
502 502 -9
503 503 -6
504 504 -6
505 505 -7
506 506 -8
507 507 -7
508 508 -8
509 509 -8
510 510 -7
511 511 -6
512 512 -6
513 513 -6
514 514 -6
515 515 -9
516 516 -7
517 517 -6
518 518 -6
519 519 -8
520 520 -7
521 521 -7
522 522 -9
523 523 -8
524 524 -8
525 525 -6
526 526 -6
527 527 -7
528 528 -6
529 529 -8
530 530 -8
531 531 -6
532 532 -8
533 533 -6
534 534 -7
535 535 -9
536 536 -7
537 537 -8
538 538 -6
539 539 -8
540 540 -7
541 541 -6
542 542 -6
543 543 -9
544 544 -7
545 545 -7
546 546 -6
547 547 -7
548 548 -9
549 549 -5
550 550 -6
551 551 -6
552 552 -9
553 553 -7
554 554 -6
555 555 -7
556 556 -7
557 557 -7
558 558 -8
559 559 -8
560 560 -6
561 561 -7
562 562 -7
563 563 -6
564 564 -9
565 565 -8
566 566 -7
567 567 -7
568 568 -7
569 569 -6
570 570 -7
571 571 -5
572 572 -6
573 573 -9
574 574 -6
575 575 -6
576 576 -7
577 577 -6
578 578 -6
579 579 -8
580 580 -6
581 581 -10
582 582 -5
583 583 -7
584 584 -7
585 585 -7
586 586 -6
587 587 -7
588 588 -7
589 589 -6
590 590 -6
591 591 -8
592 592 -7
593 593 -7
594 594 -8
595 595 -8
596 596 -6
597 597 -6
598 598 -5
599 599 -6
600 600 -7
601 601 -6
602 602 -7
603 603 -6
604 604 -7
605 605 -8
606 606 -6
607 607 -5
608 608 -9
609 609 -9
610 610 -7
611 611 -7
612 612 -6
613 613 -7
614 614 -6
615 615 -11
616 616 -6
617 617 -6
618 618 -6
619 619 -7
620 620 -6
621 621 -6
622 622 -7
623 623 -8
624 624 -6
625 625 -8
626 626 -5
627 627 -6
628 628 -6
629 629 -6
630 630 -6
631 631 -7
632 632 -4
633 633 -6
634 634 -7
635 635 -6
636 636 -7
637 637 -8
638 638 -7
639 639 -6
640 640 -6
641 641 -6
642 642 -6
643 643 -10
644 644 -10
645 645 -6
646 646 -7
647 647 -6
648 648 -7
649 649 -6
650 650 -5
651 651 -6
652 652 -7
653 653 -8
654 654 -6
655 655 -6
656 656 -6
657 657 -5
658 658 -8
659 659 -6
660 660 -7
661 661 -6
662 662 -6
663 663 -6
664 664 -6
665 665 -6
666 666 -7
667 667 -8
668 668 -6
669 669 -6
670 670 -6
671 671 -7
672 672 -7
673 673 -8
674 674 -6
675 675 -7
676 676 -6
677 677 -6
678 678 -8
679 679 -7
680 680 -7
681 681 -5
682 682 -6
683 683 -6
684 684 -7
685 685 -6
686 686 -7
687 687 -6
688 688 -6
689 689 -6
690 690 -6
691 691 -7
692 692 -6
693 693 -6
694 694 -5
695 695 -7
696 696 -6
697 697 -7
698 698 -6
699 699 -6
700 700 -8
701 701 -7
702 702 -6
703 703 -5
704 704 -6
705 705 -8
706 706 -6
707 707 -7
708 708 -6
709 709 -7
710 710 -6
711 711 -6
712 712 -6
713 713 -6
714 714 -6
715 715 -9
716 716 -6
717 717 -6
718 718 -6
719 719 -6
720 720 -8
721 721 -6
722 722 -7
723 723 -6
724 724 -6
725 725 -6
726 726 -7
727 727 -6
728 728 -6
729 729 -6
730 730 -6
731 731 -6
732 732 -6
733 733 -6
734 734 -6
735 735 -6
736 736 -6
737 737 -7
738 738 -5
739 739 -6
740 740 -6
741 741 -6
742 742 -7
743 743 -6
744 744 -6
745 745 -6
746 746 -6
747 747 -6
748 748 -6
749 749 -6
750 750 -7
751 751 -6
752 752 -6
753 753 -6
754 754 -7
755 755 -7
756 756 -6
757 757 -6
758 758 -6
759 759 -6
760 760 -6
761 761 -6
762 762 -7
763 763 -6
764 764 -6
765 765 -5
766 766 -5
767 767 -6
768 768 -6
769 769 -6
770 770 -6
771 771 -6
772 772 -6
773 773 -6
774 774 -6
775 775 -6
776 776 -6
777 777 -6
778 778 -6
779 779 -6
780 780 -6
781 781 -5
782 782 -6
783 783 -6
784 784 -7
785 785 -7
786 786 -6
787 787 -6
788 788 -6
789 789 -6
790 790 -6
791 791 -6
792 792 -7
793 793 -6
794 794 -6
795 795 -6
796 796 -6
797 797 -6
798 798 -6
799 799 -6