800 5467 -143 1
0 11 2
0 13 2
0 21 2
0 44 2
0 45 2
0 67 2
0 69 2
0 103 2
0 106 2
0 114 2
0 130 2
0 136 2
0 140 2
0 155 2
0 214 2
0 218 2
0 224 2
0 243 2
0 246 2
0 253 2
0 316 2
0 320 2
0 341 2
0 349 2
0 356 2
0 383 2
0 392 2
0 394 2
0 431 2
0 433 2
0 481 2
0 495 2
0 562 2
0 581 2
0 645 2
0 647 2
0 735 2
0 741 2
0 756 2
0 761 2
0 1 2
0 2 2
0 3 2
0 4 2
0 5 2
0 6 2
0 7 2
0 8 2
0 10 2
0 14 2
0 17 2
0 24 2
0 25 2
0 27 2
0 28 2
0 33 2
0 35 2
0 36 2
0 53 2
0 73 2
0 80 2
0 88 2
0 91 2
0 100 2
0 101 2
0 113 2
0 118 2
0 135 2
0 137 2
0 144 2
0 145 2
0 161 2
0 185 2
0 192 2
0 200 2
0 203 2
0 215 2
0 219 2
0 230 2
0 231 2
0 268 2
0 269 2
0 283 2
0 295 2
0 301 2
0 319 2
0 336 2
0 428 2
0 453 2
0 498 2
0 508 2
0 511 2
0 545 2
0 558 2
0 569 2
0 587 2
0 588 2
0 606 2
0 685 2
0 722 2
0 724 2
0 754 2
0 777 2
1 5 2
1 6 2
1 12 2
1 16 2
1 17 2
1 24 2
1 28 2
1 36 2
1 37 2
1 53 2
1 64 2
1 75 2
1 81 2
1 95 2
1 98 2
1 102 2
1 116 2
1 120 2
1 129 2
1 133 2
1 143 2
1 168 2
1 176 2
1 179 2
1 183 2
1 189 2
1 191 2
1 192 2
1 239 2
1 258 2
1 302 2
1 307 2
1 318 2
1 327 2
1 330 2
1 341 2
1 349 2
1 354 2
1 361 2
1 367 2
1 409 2
1 423 2
1 454 2
1 507 2
1 537 2
1 566 2
1 574 2
1 604 2
1 667 2
1 676 2
1 702 2
1 716 2
1 719 2
1 740 2
1 764 2
1 2 2
1 3 2
1 4 2
1 8 2
1 9 2
1 10 2
1 11 2
1 23 2
1 71 2
1 97 2
1 146 2
1 205 2
1 217 2
1 231 2
1 238 2
1 253 2
1 261 2
1 312 2
1 347 2
1 412 2
1 502 2
1 579 2
1 597 2
1 741 2
1 758 2
2 8 2
2 10 2
2 11 2
2 18 2
2 24 2
2 53 2
2 90 2
2 98 2
2 99 2
2 104 2
2 134 2
2 139 2
2 143 2
2 149 2
2 200 2
2 202 2
2 206 2
2 236 2
2 241 2
2 273 2
2 319 2
2 362 2
2 434 2
2 455 2
2 527 2
2 599 2
2 649 2
2 698 2
2 3 2
2 5 2
2 7 2
2 9 2
2 12 2
2 13 2
2 16 2
2 19 2
2 21 2
2 32 2
2 34 2
2 42 2
2 44 2
2 47 2
2 63 2
2 64 2
2 67 2
2 78 2
2 93 2
2 96 2
2 116 2
2 122 2
2 126 2
2 128 2
2 136 2
2 142 2
2 151 2
2 159 2
2 168 2
2 172 2
2 182 2
2 197 2
2 228 2
2 255 2
2 256 2
2 298 2
2 314 2
2 390 2
2 407 2
2 422 2
2 448 2
2 473 2
2 500 2
2 533 2
2 554 2
2 573 2
2 608 2
2 623 2
2 670 2
2 679 2
2 702 2
2 732 2
2 779 2
3 7 2
3 8 2
3 10 2
3 12 2
3 13 2
3 19 2
3 25 2
3 26 2
3 27 2
3 30 2
3 31 2
3 33 2
3 34 2
3 37 2
3 42 2
3 45 2
3 48 2
3 60 2
3 61 2
3 62 2
3 66 2
3 72 2
3 89 2
3 105 2
3 107 2
3 118 2
3 141 2
3 160 2
3 168 2
3 170 2
3 176 2
3 178 2
3 188 2
3 203 2
3 211 2
3 242 2
3 258 2
3 264 2
3 272 2
3 276 2
3 292 2
3 293 2
3 322 2
3 323 2
3 337 2
3 338 2
3 365 2
3 368 2
3 413 2
3 420 2
3 437 2
3 460 2
3 469 2
3 510 2
3 523 2
3 531 2
3 576 2
3 577 2
3 582 2
3 591 2
3 594 2
3 601 2
3 619 2
3 626 2
3 631 2
3 683 2
3 697 2
3 706 2
3 721 2
3 724 2
3 725 2
3 729 2
3 4 2
3 5 2
3 6 2
3 9 2
3 11 2
3 15 2
3 16 2
3 18 2
3 20 2
3 22 2
3 23 2
3 29 2
3 35 2
3 43 2
3 55 2
3 64 2
3 68 2
3 71 2
3 74 2
3 77 2
3 78 2
3 81 2
3 82 2
3 88 2
3 97 2
3 796 2
3 109 2
3 119 2
3 126 2
3 131 2
3 143 2
3 148 2
3 154 2
3 171 2
3 177 2
3 180 2
3 190 2
3 206 2
3 217 2
3 219 2
3 226 2
3 236 2
3 244 2
3 246 2
3 250 2
3 251 2
3 263 2
3 265 2
3 318 2
3 340 2
3 360 2
3 380 2
3 429 2
3 452 2
3 464 2
3 480 2
3 509 2
3 534 2
3 539 2
3 559 2
3 593 2
3 599 2
3 634 2
3 637 2
3 700 2
3 702 2
3 715 2
3 753 2
4 5 2
4 31 2
4 45 2
4 69 2
4 94 2
4 97 2
4 208 2
4 218 2
4 224 2
4 231 2
4 237 2
4 249 2
4 261 2
4 283 2
4 286 2
4 288 2
4 291 2
4 352 2
4 368 2
4 451 2
4 495 2
4 534 2
4 548 2
4 554 2
4 669 2
4 729 2
4 741 2
4 759 2
4 8 2
4 25 2
4 35 2
4 71 2
4 73 2
4 77 2
4 106 2
4 112 2
4 130 2
4 148 2
4 166 2
4 184 2
4 185 2
4 190 2
4 213 2
4 355 2
4 360 2
4 363 2
4 369 2
4 429 2
4 462 2
4 494 2
4 519 2
4 520 2
4 545 2
4 561 2
4 582 2
4 587 2
4 606 2
4 635 2
4 637 2
4 754 2
4 758 2
5 31 2
5 50 2
5 56 2
5 59 2
5 62 2
5 84 2
5 94 2
5 107 2
5 112 2
5 118 2
5 164 2
5 267 2
5 268 2
5 269 2
5 301 2
5 334 2
5 475 2
5 487 2
5 539 2
5 582 2
5 619 2
5 673 2
5 695 2
5 751 2
5 6 2
5 7 2
5 12 2
5 13 2
5 14 2
5 46 2
5 47 2
5 52 2
5 54 2
5 57 2
5 78 2
5 110 2
5 115 2
5 121 2
5 129 2
5 154 2
5 173 2
5 186 2
5 210 2
5 221 2
5 224 2
5 230 2
5 232 2
5 248 2
5 252 2
5 359 2
5 374 2
5 393 2
5 416 2
5 448 2
5 452 2
5 471 2
5 504 2
5 531 2
5 555 2
5 584 2
5 651 2
5 672 2
5 723 2
5 728 2
5 729 2
5 734 2
5 737 2
5 760 2
5 787 2
6 7 2
6 9 2
6 26 2
6 40 2
6 50 2
6 56 2
6 59 2
6 84 2
6 88 2
6 100 2
6 102 2
6 127 2
6 148 2
6 158 2
6 163 2
6 173 2
6 178 2
6 190 2
6 194 2
6 226 2
6 238 2
6 325 2
6 338 2
6 363 2
6 397 2
6 406 2
6 414 2
6 427 2
6 456 2
6 493 2
6 536 2
6 592 2
6 715 2
6 716 2
6 726 2
6 766 2
6 154 2
6 230 2
6 232 2
6 380 2
6 471 2
6 511 2
6 521 2
6 543 2
6 676 2
7 26 2
7 27 2
7 30 2
7 33 2
7 38 2
7 40 2
7 49 2
7 61 2
7 68 2
7 83 2
7 88 2
7 93 2
7 100 2
7 105 2
7 109 2
7 112 2
7 118 2
7 119 2
7 122 2
7 127 2
7 128 2
7 148 2
7 185 2
7 226 2
7 252 2
7 257 2
7 267 2
7 269 2
7 282 2
7 284 2
7 299 2
7 339 2
7 345 2
7 346 2
7 373 2
7 379 2
7 381 2
7 386 2
7 398 2
7 405 2
7 417 2
7 420 2
7 436 2
7 487 2
7 506 2
7 517 2
7 553 2
7 567 2
7 573 2
7 625 2
7 633 2
7 640 2
7 660 2
7 668 2
7 799 2
7 731 2
7 767 2
7 771 2
7 780 2
7 12 2
7 14 2
7 17 2
7 31 2
7 39 2
7 46 2
7 50 2
7 52 2
7 53 2
7 58 2
7 62 2
7 72 2
7 85 2
7 90 2
7 92 2
7 94 2
7 95 2
7 111 2
7 120 2
7 142 2
7 169 2
7 204 2
7 210 2
7 222 2
7 234 2
7 245 2
7 330 2
7 333 2
7 395 2
7 400 2
7 406 2
7 432 2
7 455 2
7 460 2
7 469 2
7 493 2
7 499 2
7 514 2
7 522 2
7 565 2
7 568 2
7 569 2
7 574 2
7 600 2
7 603 2
7 607 2
7 609 2
7 613 2
7 621 2
7 629 2
7 642 2
7 673 2
7 704 2
7 759 2
8 64 2
8 90 2
8 95 2
8 99 2
8 116 2
8 133 2
8 149 2
8 216 2
8 236 2
8 258 2
8 289 2
8 360 2
8 388 2
8 409 2
8 429 2
8 488 2
8 571 2
8 580 2
8 596 2
8 733 2
8 790 2
8 10 2
8 24 2
8 25 2
8 36 2
8 76 2
8 799 2
8 91 2
8 101 2
8 112 2
8 127 2
8 144 2
8 164 2
8 223 2
8 261 2
8 274 2
8 275 2
8 285 2
8 302 2
8 308 2
8 326 2
8 327 2
8 339 2
8 347 2
8 363 2
8 375 2
8 402 2
8 428 2
8 458 2
8 462 2
8 470 2
8 524 2
8 588 2
8 592 2
8 658 2
8 711 2
8 735 2
8 736 2
8 786 2
9 12 2
9 22 2
9 29 2
9 32 2
9 43 2
9 47 2
9 71 2
9 76 2
9 78 2
9 92 2
9 102 2
9 113 2
9 121 2
9 132 2
9 165 2
9 172 2
9 180 2
9 186 2
9 193 2
9 196 2
9 228 2
9 298 2
9 302 2
9 304 2
9 313 2
9 385 2
9 402 2
9 407 2
9 411 2
9 419 2
9 444 2
9 453 2
9 483 2
9 498 2
9 509 2
9 512 2
9 514 2
9 515 2
9 520 2
9 533 2
9 536 2
9 537 2
9 552 2
9 798 2
9 796 2
9 650 2
9 670 2
9 703 2
9 786 2
9 11 2
9 15 2
9 16 2
9 18 2
9 19 2
9 20 2
9 30 2
9 40 2
9 41 2
9 49 2
9 794 2
9 66 2
9 68 2
9 79 2
9 87 2
9 109 2
9 163 2
9 239 2
9 287 2
9 300 2
9 322 2
9 325 2
9 356 2
9 412 2
9 447 2
9 449 2
9 478 2
9 516 2
9 517 2
9 585 2
9 732 2
10 19 2
10 139 2
10 149 2
10 202 2
10 289 2
10 360 2
10 439 2
10 463 2
10 559 2
10 580 2
10 594 2
10 626 2
10 653 2
10 24 2
10 231 2
10 261 2
10 470 2
10 597 2
11 13 2
11 14 2
11 18 2
11 25 2
11 35 2
11 44 2
11 67 2
11 73 2
11 80 2
11 103 2
11 114 2
11 200 2
11 229 2
11 241 2
11 246 2
11 264 2
11 272 2
11 280 2
11 305 2
11 428 2
11 484 2
11 569 2
11 641 2
11 699 2
11 773 2
11 774 2
11 782 2
11 15 2
11 23 2
11 43 2
11 70 2
11 205 2
11 318 2
11 412 2
11 653 2
12 16 2
12 17 2
12 20 2
12 81 2
12 120 2
12 146 2
12 157 2
12 171 2
12 795 2
12 203 2
12 220 2
12 245 2
12 294 2
12 302 2
12 306 2
12 323 2
12 328 2
12 331 2
12 375 2
12 390 2
12 459 2
12 468 2
12 498 2
12 505 2
12 652 2
12 654 2
12 662 2
12 713 2
12 13 2
12 21 2
12 45 2
12 46 2
12 48 2
12 51 2
12 56 2
12 67 2
12 69 2
12 90 2
12 92 2
12 138 2
12 142 2
12 162 2
12 179 2
12 182 2
12 234 2
12 257 2
12 262 2
12 272 2
12 282 2
12 310 2
12 338 2
12 403 2
12 442 2
12 486 2
12 503 2
12 532 2
12 536 2
12 549 2
12 557 2
12 620 2
12 622 2
12 642 2
12 672 2
12 728 2
13 14 2
13 25 2
13 35 2
13 82 2
13 155 2
13 174 2
13 181 2
13 223 2
13 242 2
13 259 2
13 265 2
13 266 2
13 290 2
13 305 2
13 351 2
13 563 2
13 568 2
13 577 2
13 647 2
13 700 2
13 706 2
13 707 2
13 765 2
13 781 2
13 21 2
13 44 2
13 45 2
13 47 2
13 48 2
13 51 2
13 56 2
13 60 2
13 83 2
13 150 2
13 179 2
13 198 2
13 201 2
13 211 2
13 212 2
13 220 2
13 252 2
13 278 2
13 324 2
13 357 2
13 388 2
13 390 2
13 445 2
13 459 2
13 474 2
13 554 2
13 716 2
13 744 2
14 21 2
14 67 2
14 265 2
14 280 2
14 320 2
14 356 2
14 435 2
14 511 2
14 558 2
14 568 2
14 581 2
14 628 2
14 641 2
14 694 2
14 717 2
14 728 2
14 17 2
14 27 2
14 28 2
14 31 2
14 37 2
14 39 2
14 52 2
14 54 2
14 57 2
14 89 2
14 95 2
14 103 2
14 110 2
14 115 2
14 133 2
14 189 2
14 193 2
14 214 2
14 216 2
14 221 2
14 237 2
14 247 2
14 341 2
14 377 2
14 567 2
14 575 2
14 602 2
14 655 2
14 666 2
14 673 2
14 701 2
14 768 2
15 20 2
15 22 2
15 76 2
15 92 2
15 110 2
15 150 2
15 795 2
15 182 2
15 203 2
15 220 2
15 304 2
15 353 2
15 402 2
15 419 2
15 447 2
15 453 2
15 459 2
15 470 2
15 532 2
15 576 2
15 584 2
15 727 2
15 43 2
15 68 2
15 70 2
15 74 2
15 132 2
15 208 2
15 287 2
15 289 2
15 539 2
15 540 2
15 580 2
15 769 2
16 17 2
16 28 2
16 37 2
16 147 2
16 171 2
16 331 2
16 510 2
16 18 2
16 19 2
16 30 2
16 32 2
16 34 2
16 41 2
16 42 2
16 49 2
16 55 2
16 64 2
16 93 2
16 98 2
16 107 2
16 122 2
16 165 2
16 187 2
16 188 2
16 239 2
16 249 2
16 258 2
16 264 2
16 293 2
16 329 2
16 334 2
16 367 2
16 401 2
16 427 2
16 430 2
16 461 2
16 489 2
16 516 2
16 595 2
16 628 2
16 656 2
16 664 2
16 705 2
16 775 2
17 28 2
17 36 2
17 70 2
17 81 2
17 124 2
17 157 2
17 296 2
17 307 2
17 331 2
17 344 2
17 358 2
17 454 2
17 468 2
17 473 2
17 478 2
17 492 2
17 496 2
17 521 2
17 529 2
17 557 2
17 744 2
17 27 2
17 31 2
17 33 2
17 50 2
17 53 2
17 58 2
17 61 2
17 72 2
17 75 2
17 80 2
17 86 2
17 89 2
17 100 2
17 108 2
17 113 2
17 117 2
17 123 2
17 125 2
17 147 2
17 176 2
17 183 2
17 204 2
17 209 2
17 216 2
17 235 2
17 242 2
17 276 2
17 299 2
17 321 2
17 348 2
17 366 2
17 379 2
17 394 2
17 400 2
17 411 2
17 538 2
17 586 2
17 627 2
17 648 2
17 698 2
17 701 2
17 708 2
17 727 2
17 777 2
18 23 2
18 42 2
18 52 2
18 58 2
18 131 2
18 137 2
18 479 2
18 600 2
18 20 2
18 22 2
18 26 2
18 55 2
18 59 2
18 81 2
18 82 2
18 119 2
18 139 2
18 163 2
18 187 2
18 206 2
18 239 2
18 250 2
18 280 2
18 293 2
18 370 2
18 378 2
18 398 2
18 399 2
18 409 2
18 433 2
18 440 2
18 515 2
18 526 2
18 528 2
18 656 2
18 749 2
18 774 2
19 139 2
19 319 2
19 439 2
19 463 2
19 594 2
19 30 2
19 32 2
19 40 2
19 65 2
19 107 2
19 165 2
19 197 2
19 292 2
19 300 2
19 311 2
19 322 2
19 323 2
19 391 2
19 427 2
19 436 2
19 533 2
19 550 2
19 619 2
19 683 2
19 732 2
20 92 2
20 110 2
20 132 2
20 142 2
20 177 2
20 193 2
20 459 2
20 498 2
20 713 2
20 754 2
20 22 2
20 26 2
20 29 2
20 163 2
20 180 2
20 241 2
20 246 2
20 353 2
20 433 2
20 451 2
20 552 2
20 585 2
20 594 2
21 265 2
21 320 2
21 383 2
21 435 2
21 647 2
21 717 2
21 781 2
21 44 2
21 45 2
21 60 2
21 67 2
21 69 2
21 96 2
21 114 2
21 116 2
21 138 2
21 141 2
21 153 2
21 172 2
21 201 2
21 313 2
21 357 2
21 439 2
21 712 2
22 32 2
22 34 2
22 76 2
22 113 2
22 121 2
22 150 2
22 151 2
22 165 2
22 199 2
22 233 2
22 287 2
22 309 2
22 333 2
22 350 2
22 449 2
22 460 2
22 476 2
22 514 2
22 519 2
22 544 2
22 549 2
22 565 2
22 615 2
22 622 2
22 636 2
22 720 2
22 26 2
22 29 2
22 59 2
22 82 2
22 241 2
22 409 2
22 451 2
22 699 2
22 713 2
23 42 2
23 52 2
23 54 2
23 60 2
23 63 2
23 137 2
23 215 2
23 437 2
23 600 2
23 632 2
23 672 2
23 757 2
23 205 2
23 318 2
23 579 2
23 653 2
24 53 2
24 64 2
24 75 2
24 90 2
24 206 2
24 216 2
24 232 2
24 310 2
24 327 2
24 332 2
24 422 2
24 423 2
24 426 2
24 429 2
24 513 2
24 518 2
24 749 2
24 753 2
24 36 2
24 76 2
24 104 2
24 127 2
24 192 2
24 199 2
24 202 2
24 274 2
24 275 2
24 284 2
24 309 2
24 548 2
24 610 2
25 35 2
25 48 2
25 51 2
25 82 2
25 89 2
25 174 2
25 181 2
25 198 2
25 207 2
25 213 2
25 244 2
25 264 2
25 563 2
25 687 2
25 738 2
25 782 2
25 91 2
25 112 2
25 130 2
25 145 2
25 157 2
25 185 2
25 203 2
25 283 2
25 402 2
25 498 2
25 527 2
25 561 2
26 27 2
26 40 2
26 66 2
26 83 2
26 101 2
26 109 2
26 158 2
26 178 2
26 235 2
26 335 2
26 665 2
26 688 2
26 59 2
26 139 2
26 241 2
26 433 2
26 594 2
26 605 2
26 686 2
26 699 2
26 713 2
26 739 2
27 30 2
27 66 2
27 68 2
27 83 2
27 101 2
27 141 2
27 240 2
27 251 2
27 255 2
27 292 2
27 335 2
27 450 2
27 28 2
27 33 2
27 37 2
27 38 2
27 86 2
27 103 2
27 135 2
27 137 2
27 140 2
27 216 2
27 291 2
27 389 2
27 397 2
27 454 2
27 506 2
27 551 2
27 645 2
27 785 2
28 36 2
28 70 2
28 108 2
28 129 2
28 138 2
28 147 2
28 156 2
28 161 2
28 191 2
28 315 2
28 336 2
28 415 2
28 492 2
28 557 2
28 614 2
28 770 2
28 779 2
28 792 2
28 37 2
28 38 2
28 137 2
28 268 2
28 341 2
28 454 2
28 506 2
28 508 2
29 32 2
29 34 2
29 43 2
29 47 2
29 71 2
29 78 2
29 117 2
29 169 2
29 209 2
29 233 2
29 293 2
29 329 2
29 364 2
29 378 2
29 449 2
29 531 2
29 550 2
29 612 2
29 622 2
29 180 2
29 263 2
29 353 2
30 33 2
30 38 2
30 39 2
30 57 2
30 68 2
30 74 2
30 91 2
30 96 2
30 141 2
30 185 2
30 240 2
30 282 2
30 295 2
30 311 2
30 382 2
30 443 2
30 516 2
30 590 2
30 635 2
30 655 2
30 659 2
30 755 2
30 787 2
30 40 2
30 41 2
30 65 2
30 79 2
30 84 2
30 87 2
30 99 2
30 152 2
30 165 2
30 174 2
30 188 2
30 207 2
30 229 2
30 292 2
30 361 2
30 752 2
31 62 2
31 97 2
31 231 2
31 237 2
31 268 2
31 321 2
31 342 2
31 401 2
31 438 2
31 451 2
31 500 2
31 525 2
31 534 2
31 709 2
31 729 2
31 751 2
31 775 2
31 39 2
31 50 2
31 61 2
31 85 2
31 89 2
31 94 2
31 117 2
31 133 2
31 156 2
31 175 2
31 183 2
31 270 2
31 377 2
31 395 2
31 410 2
31 413 2
31 432 2
31 544 2
31 655 2
31 666 2
31 720 2
32 43 2
32 113 2
32 169 2
32 196 2
32 329 2
32 347 2
32 355 2
32 444 2
32 476 2
32 483 2
32 730 2
32 34 2
32 63 2
32 107 2
32 134 2
32 197 2
32 249 2
32 258 2
32 334 2
32 376 2
32 396 2
32 425 2
32 436 2
32 438 2
32 441 2
32 492 2
32 614 2
32 670 2
32 782 2
33 38 2
33 39 2
33 41 2
33 49 2
33 57 2
33 61 2
33 72 2
33 77 2
33 111 2
33 152 2
33 162 2
33 170 2
33 234 2
33 257 2
33 262 2
33 297 2
33 314 2
33 384 2
33 396 2
33 399 2
33 446 2
33 516 2
33 567 2
33 598 2
33 609 2
33 640 2
33 642 2
33 678 2
33 685 2
33 690 2
33 693 2
33 762 2
33 86 2
33 113 2
33 135 2
33 140 2
33 269 2
33 319 2
33 321 2
33 366 2
33 371 2
33 411 2
33 785 2
34 233 2
34 293 2
34 364 2
34 380 2
34 460 2
34 606 2
34 636 2
34 42 2
34 63 2
34 98 2
34 134 2
34 159 2
34 225 2
34 249 2
34 264 2
34 297 2
34 349 2
34 367 2
34 425 2
34 450 2
34 518 2
34 530 2
34 601 2
34 614 2
34 647 2
34 709 2
35 82 2
35 207 2
35 305 2
35 687 2
35 782 2
35 73 2
35 88 2
35 106 2
35 118 2
35 184 2
35 236 2
35 295 2
35 465 2
35 559 2
36 70 2
36 124 2
36 129 2
36 138 2
36 175 2
36 183 2
36 263 2
36 296 2
36 336 2
36 454 2
36 797 2
36 770 2
36 76 2
36 101 2
36 104 2
36 105 2
36 164 2
36 191 2
36 192 2
36 279 2
36 285 2
36 382 2
36 617 2
37 168 2
37 591 2
37 38 2
37 103 2
37 237 2
37 240 2
37 341 2
37 437 2
38 39 2
38 41 2
38 46 2
38 49 2
38 87 2
38 93 2
38 115 2
38 123 2
38 128 2
38 185 2
38 262 2
38 297 2
38 346 2
38 348 2
38 442 2
38 471 2
38 644 2
38 701 2
38 780 2
38 454 2
39 41 2
39 46 2
39 57 2
39 65 2
39 77 2
39 85 2
39 96 2
39 111 2
39 152 2
39 162 2
39 166 2
39 184 2
39 382 2
39 416 2
39 546 2
39 664 2
39 133 2
39 247 2
39 395 2
40 88 2
40 109 2
40 154 2
40 158 2
40 436 2
40 485 2
40 494 2
40 522 2
40 618 2
40 732 2
40 771 2
40 65 2
40 300 2
40 323 2
40 325 2
41 46 2
41 85 2
41 87 2
41 111 2
41 608 2
41 644 2
41 49 2
41 66 2
41 79 2
41 84 2
41 124 2
41 174 2
41 194 2
41 229 2
41 320 2
41 356 2
41 358 2
41 361 2
41 364 2
41 792 2
41 447 2
41 449 2
41 461 2
41 467 2
41 581 2
41 718 2
41 726 2
42 52 2
42 54 2
42 55 2
42 58 2
42 60 2
42 63 2
42 86 2
42 221 2
42 225 2
42 250 2
42 466 2
42 489 2
42 617 2
42 629 2
42 631 2
42 632 2
42 637 2
42 684 2
42 93 2
42 98 2
42 797 2
42 228 2
42 297 2
42 628 2
42 775 2
43 47 2
43 117 2
43 169 2
43 196 2
43 278 2
43 347 2
43 355 2
43 722 2
43 730 2
43 786 2
43 70 2
43 74 2
43 132 2
43 149 2
43 167 2
43 289 2
43 482 2
43 540 2
43 769 2
44 103 2
44 106 2
44 136 2
44 140 2
44 200 2
44 229 2
44 434 2
44 484 2
44 530 2
44 602 2
45 135 2
45 204 2
45 286 2
45 368 2
45 392 2
45 491 2
45 575 2
45 48 2
45 60 2
45 69 2
45 83 2
45 114 2
45 218 2
45 272 2
45 278 2
45 282 2
45 439 2
45 479 2
45 503 2
45 675 2
45 714 2
46 85 2
46 87 2
46 115 2
46 123 2
46 184 2
46 230 2
46 504 2
46 608 2
46 616 2
46 90 2
46 262 2
46 455 2
46 549 2
46 639 2
46 672 2
46 734 2
46 771 2
47 71 2
47 117 2
47 172 2
47 186 2
47 278 2
47 300 2
47 508 2
47 520 2
47 703 2
47 722 2
47 752 2
47 786 2
47 252 2
47 390 2
47 679 2
48 89 2
48 211 2
48 213 2
48 223 2
48 244 2
48 266 2
48 274 2
48 322 2
48 359 2
48 370 2
48 393 2
48 412 2
48 469 2
48 593 2
48 666 2
48 700 2
48 710 2
48 758 2
48 778 2
48 788 2
48 51 2
48 83 2
48 150 2
48 160 2
48 243 2
48 272 2
48 317 2
48 350 2
48 535 2
48 557 2
48 675 2
49 93 2
49 262 2
49 442 2
49 471 2
49 541 2
49 640 2
49 642 2
49 668 2
49 675 2
49 701 2
49 66 2
49 320 2
49 461 2
50 56 2
50 112 2
50 127 2
50 173 2
50 325 2
50 475 2
50 61 2
50 72 2
50 75 2
50 85 2
50 175 2
50 270 2
50 276 2
50 335 2
50 405 2
50 406 2
50 413 2
50 460 2
50 469 2
50 488 2
50 627 2
50 629 2
50 657 2
50 783 2
51 174 2
51 198 2
51 223 2
51 290 2
51 351 2
51 501 2
51 666 2
51 758 2
51 56 2
51 211 2
51 346 2
51 388 2
51 557 2
51 620 2
51 716 2
51 762 2
52 54 2
52 55 2
52 86 2
52 137 2
52 145 2
52 187 2
52 215 2
52 248 2
52 279 2
52 303 2
52 387 2
52 466 2
52 489 2
52 95 2
52 737 2
53 75 2
53 98 2
53 134 2
53 167 2
53 189 2
53 195 2
53 206 2
53 232 2
53 254 2
53 256 2
53 285 2
53 310 2
53 312 2
53 318 2
53 326 2
53 332 2
53 340 2
53 377 2
53 408 2
53 424 2
53 464 2
53 467 2
53 499 2
53 513 2
53 526 2
53 561 2
53 587 2
53 627 2
53 677 2
53 679 2
53 682 2
53 696 2
53 711 2
53 737 2
53 769 2
53 777 2
53 58 2
53 62 2
53 80 2
53 569 2
53 609 2
53 724 2
54 86 2
54 145 2
54 215 2
54 250 2
54 279 2
54 281 2
54 303 2
54 324 2
54 371 2
54 421 2
54 461 2
54 474 2
54 611 2
54 632 2
54 672 2
54 57 2
54 186 2
54 193 2
54 254 2
54 273 2
54 368 2
54 456 2
54 523 2
54 723 2
55 58 2
55 131 2
55 221 2
55 81 2
55 187 2
55 226 2
55 280 2
55 370 2
55 424 2
55 526 2
55 604 2
55 774 2
56 59 2
56 190 2
56 219 2
56 325 2
56 406 2
56 414 2
56 475 2
56 686 2
56 723 2
56 179 2
56 198 2
56 211 2
56 212 2
56 259 2
56 305 2
56 346 2
56 442 2
56 536 2
56 576 2
56 620 2
56 626 2
56 630 2
56 691 2
56 756 2
57 65 2
57 74 2
57 77 2
57 79 2
57 166 2
57 212 2
57 410 2
57 452 2
57 516 2
57 590 2
57 598 2
57 643 2
57 671 2
57 714 2
57 110 2
57 186 2
57 189 2
57 193 2
57 214 2
57 224 2
57 254 2
57 307 2
57 331 2
57 393 2
57 456 2
57 477 2
57 504 2
57 531 2
57 616 2
57 650 2
57 795 2
57 751 2
57 760 2
58 131 2
58 221 2
58 225 2
58 479 2
58 745 2
58 62 2
58 120 2
58 170 2
58 204 2
58 281 2
58 565 2
58 568 2
58 603 2
58 607 2
59 84 2
59 190 2
59 194 2
59 197 2
59 219 2
59 301 2
59 366 2
59 389 2
59 551 2
59 564 2
59 686 2
59 776 2
59 139 2
59 398 2
59 605 2
59 713 2
59 739 2
60 63 2
60 437 2
60 617 2
60 629 2
60 201 2
60 278 2
60 324 2
60 475 2
60 479 2
60 763 2
61 72 2
61 105 2
61 160 2
61 234 2
61 257 2
61 314 2
61 384 2
61 538 2
61 656 2
61 117 2
61 147 2
61 235 2
61 260 2
61 270 2
61 276 2
61 405 2
61 488 2
61 544 2
61 643 2
61 708 2
61 730 2
62 107 2
62 164 2
62 188 2
62 268 2
62 342 2
62 500 2
62 579 2
62 768 2
62 120 2
62 170 2
62 178 2
62 281 2
62 600 2
62 609 2
62 721 2
63 629 2
63 134 2
63 159 2
63 225 2
63 492 2
63 566 2
63 731 2
63 764 2
64 95 2
64 192 2
64 216 2
64 367 2
64 369 2
64 422 2
64 423 2
64 426 2
64 441 2
64 524 2
64 596 2
64 753 2
64 126 2
64 298 2
64 464 2
65 74 2
65 79 2
65 96 2
65 125 2
65 153 2
65 159 2
65 357 2
65 395 2
65 410 2
65 452 2
65 643 2
65 664 2
65 755 2
65 292 2
65 311 2
65 323 2
65 391 2
65 683 2
66 101 2
66 235 2
66 292 2
66 391 2
66 688 2
66 724 2
66 320 2
66 447 2
66 718 2
67 73 2
67 80 2
67 794 2
67 214 2
67 227 2
67 260 2
67 271 2
67 280 2
67 428 2
67 477 2
67 511 2
67 572 2
67 581 2
67 586 2
67 694 2
67 728 2
67 96 2
67 138 2
67 162 2
67 313 2
67 351 2
67 352 2
67 435 2
67 483 2
68 282 2
68 311 2
68 528 2
68 109 2
68 287 2
68 539 2
69 130 2
69 135 2
69 204 2
69 243 2
69 253 2
69 261 2
69 286 2
69 291 2
69 316 2
69 352 2
69 491 2
69 503 2
69 545 2
69 562 2
69 583 2
69 613 2
69 620 2
69 756 2
69 759 2
69 114 2
69 141 2
69 218 2
69 344 2
69 510 2
69 714 2
70 108 2
70 124 2
70 156 2
70 175 2
70 210 2
70 358 2
70 400 2
70 535 2
70 770 2
70 789 2
70 132 2
70 149 2
70 208 2
70 315 2
70 482 2
70 681 2
70 692 2
71 78 2
71 172 2
71 180 2
71 209 2
71 298 2
71 465 2
71 97 2
71 131 2
71 146 2
71 148 2
71 166 2
71 171 2
71 177 2
71 181 2
71 196 2
71 238 2
71 303 2
71 384 2
71 484 2
71 502 2
71 534 2
71 589 2
71 618 2
71 633 2
71 665 2
71 758 2
72 160 2
72 170 2
72 234 2
72 276 2
72 396 2
72 538 2
72 588 2
72 601 2
72 648 2
72 656 2
72 685 2
72 705 2
72 742 2
72 75 2
72 108 2
72 123 2
72 345 2
72 400 2
72 563 2
72 698 2
72 783 2
73 80 2
73 214 2
73 227 2
73 260 2
73 586 2
73 587 2
74 79 2
74 91 2
74 125 2
74 153 2
74 418 2
74 425 2
74 443 2
74 542 2
74 570 2
74 590 2
74 634 2
74 655 2
74 689 2
74 787 2
74 289 2
74 580 2
75 310 2
75 312 2
75 327 2
75 330 2
75 108 2
75 209 2
75 299 2
75 394 2
75 697 2
75 783 2
76 150 2
76 165 2
76 182 2
76 350 2
76 407 2
76 419 2
76 470 2
76 486 2
76 544 2
76 104 2
76 105 2
76 195 2
76 199 2
76 202 2
76 302 2
76 316 2
76 365 2
76 638 2
77 162 2
77 166 2
77 212 2
77 416 2
77 578 2
77 598 2
77 609 2
77 624 2
77 714 2
77 106 2
77 559 2
77 637 2
78 209 2
78 378 2
78 796 2
78 407 2
78 448 2
78 452 2
78 473 2
79 125 2
79 159 2
79 357 2
79 410 2
79 418 2
79 425 2
79 542 2
79 704 2
79 84 2
79 87 2
79 99 2
79 102 2
79 124 2
79 356 2
79 478 2
79 581 2
80 260 2
80 428 2
80 569 2
80 699 2
80 100 2
80 724 2
81 120 2
81 146 2
81 294 2
81 307 2
81 344 2
81 490 2
81 505 2
81 566 2
81 651 2
81 652 2
81 708 2
81 740 2
81 119 2
81 226 2
81 280 2
81 424 2
81 515 2
81 528 2
81 564 2
81 715 2
82 207 2
82 206 2
82 409 2
83 150 2
83 160 2
83 415 2
83 459 2
83 535 2
83 696 2
83 766 2
84 197 2
84 301 2
84 363 2
84 366 2
84 389 2
84 397 2
84 589 2
84 99 2
84 102 2
84 124 2
84 152 2
84 158 2
84 174 2
84 194 2
84 358 2
84 364 2
84 490 2
84 717 2
84 765 2
85 184 2
85 608 2
85 616 2
85 94 2
85 111 2
85 156 2
85 175 2
85 335 2
85 342 2
85 406 2
85 476 2
85 596 2
85 707 2
86 145 2
86 187 2
86 250 2
86 324 2
86 343 2
86 376 2
86 461 2
86 466 2
86 474 2
86 543 2
86 321 2
86 371 2
86 373 2
86 420 2
86 578 2
86 785 2
87 115 2
87 348 2
87 504 2
87 644 2
88 100 2
88 122 2
88 126 2
88 154 2
88 201 2
88 205 2
88 217 2
88 398 2
88 417 2
88 445 2
88 494 2
88 522 2
88 592 2
88 766 2
88 118 2
88 219 2
88 236 2
88 244 2
88 465 2
89 213 2
89 274 2
89 322 2
89 370 2
89 183 2
89 242 2
89 377 2
89 556 2
89 701 2
90 99 2
90 104 2
90 275 2
90 429 2
90 488 2
90 571 2
90 658 2
90 92 2
90 169 2
90 262 2
90 294 2
90 338 2
90 403 2
90 423 2
90 455 2
90 493 2
90 615 2
90 771 2
91 153 2
91 443 2
91 634 2
91 689 2
91 144 2
91 145 2
91 157 2
91 161 2
91 306 2
91 381 2
91 541 2
91 592 2
91 640 2
91 649 2
91 703 2
92 110 2
92 132 2
92 142 2
92 177 2
92 411 2
92 509 2
92 532 2
92 670 2
92 169 2
92 234 2
92 294 2
92 304 2
92 338 2
92 423 2
92 499 2
92 574 2
92 622 2
93 128 2
93 299 2
93 345 2
93 442 2
93 541 2
93 668 2
93 122 2
93 228 2
93 401 2
93 573 2
93 595 2
94 97 2
94 208 2
94 270 2
94 321 2
94 372 2
94 438 2
94 793 2
94 751 2
94 111 2
94 156 2
94 245 2
94 410 2
94 525 2
94 596 2
95 116 2
95 192 2
95 596 2
95 673 2
96 382 2
96 395 2
96 546 2
96 659 2
96 755 2
96 116 2
96 128 2
96 153 2
96 168 2
96 313 2
96 418 2
96 483 2
96 572 2
96 712 2
96 725 2
96 745 2
97 208 2
97 231 2
97 793 2
97 270 2
97 372 2
97 401 2
97 457 2
97 497 2
97 630 2
97 131 2
97 143 2
97 146 2
97 181 2
97 217 2
97 253 2
97 312 2
97 484 2
97 529 2
97 593 2
97 611 2
97 741 2
97 753 2
98 134 2
98 143 2
98 167 2
98 189 2
98 195 2
98 239 2
98 285 2
98 354 2
98 455 2
98 472 2
98 507 2
98 297 2
98 797 2
98 367 2
98 430 2
98 489 2
98 628 2
99 236 2
99 275 2
99 388 2
99 658 2
99 791 2
99 152 2
99 158 2
99 207 2
99 490 2
100 122 2
100 126 2
100 201 2
100 205 2
100 277 2
100 339 2
100 592 2
100 215 2
100 538 2
100 706 2
101 235 2
101 335 2
101 391 2
101 450 2
101 665 2
101 164 2
101 191 2
101 428 2
102 536 2
102 716 2
102 158 2
103 106 2
103 114 2
103 144 2
103 484 2
103 530 2
103 602 2
103 237 2
103 240 2
103 286 2
103 386 2
103 567 2
103 682 2
104 105 2
104 195 2
104 199 2
104 316 2
104 382 2
104 638 2
105 420 2
105 195 2
105 382 2
105 617 2
106 140 2
106 144 2
106 530 2
106 184 2
106 213 2
106 369 2
107 164 2
107 188 2
107 334 2
107 582 2
107 697 2
107 725 2
107 768 2
107 258 2
107 376 2
107 427 2
107 436 2
107 664 2
108 156 2
108 400 2
108 492 2
108 681 2
108 123 2
108 125 2
108 176 2
108 209 2
108 290 2
108 345 2
108 419 2
108 547 2
108 652 2
108 727 2
109 436 2
109 485 2
110 142 2
110 532 2
110 754 2
110 115 2
110 121 2
110 129 2
110 155 2
110 189 2
110 233 2
110 296 2
110 337 2
110 795 2
110 404 2
110 431 2
110 472 2
110 555 2
110 625 2
110 650 2
110 688 2
110 689 2
110 750 2
110 784 2
111 152 2
111 399 2
111 762 2
111 525 2
112 130 2
112 799 2
112 355 2
112 363 2
112 402 2
112 527 2
112 735 2
112 738 2
113 121 2
113 151 2
113 222 2
113 269 2
113 777 2
114 246 2
114 433 2
114 735 2
114 141 2
114 218 2
114 344 2
114 439 2
114 510 2
115 123 2
115 230 2
115 348 2
115 504 2
115 121 2
115 155 2
115 221 2
115 296 2
115 497 2
115 602 2
116 133 2
116 128 2
116 136 2
116 151 2
116 153 2
116 172 2
116 271 2
116 328 2
116 383 2
116 414 2
116 457 2
116 487 2
116 495 2
116 501 2
116 572 2
116 612 2
116 654 2
116 725 2
116 745 2
117 278 2
117 300 2
117 752 2
117 147 2
117 544 2
117 730 2
118 119 2
118 252 2
118 365 2
118 374 2
118 448 2
118 553 2
118 619 2
118 295 2
118 301 2
118 465 2
118 558 2
118 571 2
119 365 2
119 515 2
119 564 2
119 715 2
120 146 2
120 179 2
120 245 2
120 719 2
120 785 2
120 170 2
120 178 2
120 496 2
120 568 2
120 600 2
120 759 2
121 151 2
121 222 2
121 287 2
121 514 2
121 615 2
121 129 2
121 155 2
121 337 2
121 359 2
121 688 2
121 755 2
121 784 2
122 126 2
122 339 2
122 398 2
122 517 2
122 401 2
122 573 2
123 230 2
123 125 2
123 379 2
123 563 2
124 210 2
124 263 2
124 296 2
124 308 2
124 317 2
124 358 2
124 473 2
124 478 2
124 496 2
124 194 2
125 159 2
125 418 2
125 704 2
125 760 2
125 176 2
125 793 2
125 290 2
125 379 2
125 468 2
125 547 2
125 644 2
125 648 2
126 201 2
126 298 2
126 464 2
127 148 2
127 163 2
127 238 2
127 373 2
127 480 2
127 275 2
127 470 2
128 299 2
128 346 2
128 381 2
128 136 2
128 168 2
128 271 2
128 277 2
128 332 2
128 383 2
128 392 2
128 414 2
128 418 2
128 485 2
128 507 2
128 553 2
128 572 2
128 693 2
129 138 2
129 161 2
129 183 2
129 191 2
129 415 2
129 574 2
129 173 2
129 233 2
129 337 2
129 359 2
129 431 2
129 444 2
129 625 2
129 689 2
130 243 2
130 261 2
130 283 2
130 430 2
130 663 2
130 355 2
130 561 2
130 738 2
131 479 2
131 745 2
131 143 2
131 171 2
131 181 2
131 251 2
131 340 2
131 384 2
131 599 2
132 796 2
132 177 2
132 193 2
132 149 2
132 167 2
132 208 2
132 315 2
132 540 2
133 409 2
133 676 2
133 247 2
133 575 2
133 655 2
133 720 2
134 167 2
134 254 2
134 256 2
134 455 2
134 499 2
134 526 2
134 555 2
134 677 2
134 492 2
134 731 2
135 204 2
135 253 2
135 392 2
135 503 2
135 545 2
135 560 2
135 575 2
135 140 2
135 291 2
135 319 2
135 389 2
135 397 2
135 645 2
135 660 2
136 151 2
136 255 2
136 271 2
136 277 2
136 328 2
136 332 2
136 372 2
136 392 2
136 443 2
136 495 2
136 507 2
136 553 2
136 743 2
137 600 2
137 268 2
138 161 2
138 315 2
138 336 2
138 162 2
138 351 2
138 352 2
138 435 2
138 590 2
139 202 2
139 319 2
139 439 2
139 559 2
139 599 2
139 698 2
139 398 2
139 605 2
140 291 2
140 551 2
140 660 2
141 240 2
141 251 2
141 255 2
141 337 2
141 413 2
141 502 2
141 344 2
142 754 2
142 182 2
142 256 2
142 257 2
142 267 2
142 608 2
142 631 2
142 642 2
142 798 2
143 239 2
143 604 2
143 667 2
143 251 2
143 593 2
144 161 2
144 200 2
144 223 2
144 288 2
144 306 2
144 308 2
144 336 2
144 426 2
144 453 2
144 458 2
144 592 2
144 649 2
144 694 2
145 187 2
145 248 2
145 279 2
145 281 2
145 324 2
145 343 2
145 376 2
145 387 2
145 404 2
145 421 2
145 543 2
145 661 2
145 784 2
145 157 2
145 203 2
145 381 2
145 541 2
145 624 2
145 685 2
145 703 2
146 505 2
146 651 2
146 654 2
146 238 2
146 253 2
147 557 2
147 614 2
147 744 2
147 779 2
147 235 2
147 260 2
148 226 2
148 238 2
148 284 2
148 373 2
148 427 2
148 456 2
148 462 2
148 480 2
148 623 2
148 660 2
148 715 2
148 166 2
148 190 2
148 196 2
148 227 2
148 266 2
148 343 2
148 466 2
148 583 2
148 788 2
149 289 2
149 167 2
149 315 2
149 482 2
149 681 2
150 182 2
150 350 2
150 549 2
150 565 2
150 638 2
150 727 2
150 160 2
150 243 2
150 415 2
150 459 2
151 222 2
151 287 2
151 309 2
151 255 2
151 314 2
151 328 2
151 743 2
152 399 2
152 207 2
152 490 2
152 717 2
152 752 2
153 634 2
153 712 2
153 725 2
154 494 2
154 732 2
154 232 2
154 248 2
154 380 2
154 417 2
154 434 2
154 509 2
154 521 2
154 543 2
154 577 2
154 646 2
154 651 2
154 674 2
154 757 2
155 242 2
155 296 2
155 497 2
155 688 2
155 755 2
156 410 2
156 596 2
157 294 2
157 328 2
157 344 2
157 390 2
157 490 2
157 529 2
157 621 2
157 381 2
159 357 2
159 704 2
159 760 2
159 225 2
159 349 2
159 566 2
159 647 2
159 709 2
160 276 2
160 742 2
160 243 2
160 317 2
160 415 2
160 535 2
160 696 2
160 766 2
161 315 2
161 306 2
162 609 2
162 624 2
162 678 2
162 693 2
162 351 2
162 590 2
163 173 2
163 585 2
164 334 2
164 768 2
164 191 2
164 279 2
164 285 2
164 669 2
165 199 2
165 407 2
165 486 2
165 188 2
165 329 2
166 212 2
166 416 2
166 578 2
166 718 2
166 196 2
166 227 2
166 266 2
166 303 2
166 343 2
166 387 2
166 466 2
166 542 2
166 710 2
167 254 2
167 285 2
167 340 2
167 377 2
167 674 2
167 682 2
167 747 2
168 176 2
168 591 2
168 418 2
169 355 2
169 294 2
169 304 2
169 615 2
169 661 2
169 680 2
169 791 2
170 601 2
170 685 2
170 705 2
170 178 2
170 281 2
170 496 2
170 721 2
171 510 2
171 177 2
171 265 2
171 362 2
171 384 2
171 599 2
171 633 2
171 665 2
172 180 2
172 186 2
172 228 2
172 247 2
172 313 2
172 508 2
172 515 2
172 595 2
173 233 2
173 404 2
173 555 2
173 750 2
174 181 2
174 198 2
174 259 2
174 290 2
174 501 2
174 229 2
175 210 2
175 263 2
175 308 2
175 535 2
175 797 2
175 335 2
175 342 2
175 707 2
176 793 2
176 290 2
176 419 2
176 468 2
176 644 2
177 265 2
177 362 2
177 446 2
177 534 2
177 634 2
178 338 2
178 493 2
178 496 2
179 245 2
179 375 2
179 719 2
179 736 2
179 785 2
179 198 2
179 220 2
179 442 2
179 576 2
179 691 2
180 228 2
180 247 2
180 298 2
180 385 2
180 465 2
180 512 2
180 595 2
180 605 2
180 763 2
180 246 2
180 263 2
180 480 2
180 552 2
180 700 2
181 259 2
181 563 2
181 765 2
181 484 2
181 529 2
181 546 2
182 727 2
182 256 2
182 257 2
182 267 2
182 310 2
182 422 2
182 532 2
182 623 2
182 770 2
183 242 2
183 556 2
184 616 2
184 494 2
184 635 2
185 295 2
185 498 2
185 545 2
185 582 2
186 313 2
186 798 2
186 508 2
186 520 2
186 533 2
186 224 2
186 254 2
186 273 2
186 368 2
186 416 2
186 659 2
186 667 2
186 723 2
186 751 2
187 248 2
187 343 2
187 404 2
187 293 2
187 370 2
187 378 2
187 385 2
187 399 2
187 440 2
187 570 2
187 746 2
188 697 2
188 329 2
189 195 2
189 318 2
189 424 2
189 472 2
189 764 2
189 650 2
190 219 2
190 406 2
190 564 2
190 726 2
190 360 2
190 519 2
191 792 2
191 415 2
191 574 2
191 279 2
191 669 2
192 367 2
192 369 2
192 524 2
193 796 2
193 214 2
193 307 2
193 331 2
193 481 2
193 662 2
194 197 2
194 363 2
194 551 2
194 589 2
194 358 2
194 765 2
195 472 2
195 316 2
196 347 2
196 444 2
196 227 2
196 303 2
196 387 2
196 421 2
196 589 2
197 366 2
197 551 2
197 396 2
197 533 2
197 670 2
198 212 2
198 220 2
198 259 2
199 544 2
199 638 2
200 229 2
200 241 2
200 273 2
200 434 2
200 527 2
200 223 2
200 288 2
200 326 2
200 426 2
200 560 2
200 588 2
200 722 2
200 778 2
201 205 2
201 217 2
201 277 2
201 324 2
201 357 2
201 445 2
201 474 2
201 475 2
201 780 2
202 599 2
202 649 2
202 274 2
202 284 2
202 302 2
202 309 2
202 327 2
202 354 2
202 365 2
202 375 2
202 408 2
202 537 2
202 548 2
202 598 2
202 610 2
202 658 2
202 736 2
203 220 2
203 306 2
203 323 2
203 353 2
203 447 2
203 523 2
203 576 2
203 662 2
203 691 2
203 734 2
203 283 2
203 685 2
204 491 2
204 565 2
205 217 2
205 277 2
205 445 2
205 579 2
205 653 2
206 232 2
206 408 2
206 250 2
207 687 2
207 738 2
207 752 2
209 378 2
209 299 2
209 586 2
209 727 2
210 535 2
210 789 2
210 737 2
211 577 2
211 593 2
211 700 2
211 346 2
211 388 2
211 630 2
212 718 2
212 259 2
212 305 2
212 491 2
212 632 2
213 244 2
213 274 2
213 359 2
213 393 2
213 412 2
213 547 2
213 369 2
213 494 2
214 227 2
214 271 2
214 477 2
214 572 2
214 307 2
214 481 2
215 672 2
215 757 2
215 538 2
215 706 2
216 422 2
217 445 2
217 312 2
217 753 2
218 224 2
218 249 2
218 341 2
218 361 2
218 431 2
218 458 2
218 482 2
218 746 2
218 510 2
218 714 2
219 564 2
219 686 2
219 776 2
219 244 2
220 306 2
220 795 2
220 353 2
220 691 2
220 783 2
221 225 2
221 602 2
222 245 2
222 330 2
222 525 2
223 266 2
223 351 2
223 666 2
223 308 2
223 326 2
223 426 2
223 560 2
224 249 2
224 495 2
224 669 2
224 746 2
224 393 2
224 416 2
224 659 2
224 751 2
225 349 2
225 450 2
225 566 2
225 601 2
226 284 2
226 405 2
226 427 2
226 462 2
227 271 2
227 586 2
227 266 2
227 387 2
227 421 2
227 542 2
227 678 2
228 247 2
228 512 2
228 552 2
228 605 2
228 650 2
228 763 2
229 361 2
230 511 2
231 237 2
231 288 2
232 332 2
232 408 2
232 467 2
232 518 2
232 556 2
232 603 2
232 248 2
232 374 2
232 417 2
232 434 2
232 471 2
232 521 2
233 364 2
233 550 2
233 606 2
233 622 2
233 636 2
233 404 2
233 431 2
233 472 2
233 591 2
234 314 2
234 396 2
234 446 2
234 538 2
234 588 2
234 648 2
234 499 2
235 391 2
235 688 2
235 260 2
235 643 2
235 708 2
235 781 2
236 388 2
236 791 2
237 288 2
237 451 2
237 548 2
237 775 2
237 240 2
237 286 2
237 386 2
237 437 2
237 567 2
237 682 2
238 456 2
238 502 2
238 618 2
239 604 2
239 794 2
239 516 2
239 656 2
239 749 2
240 286 2
240 437 2
241 273 2
241 451 2
241 699 2
242 706 2
242 721 2
242 556 2
243 316 2
243 394 2
243 317 2
243 350 2
244 393 2
244 547 2
244 710 2
245 375 2
245 736 2
245 785 2
245 330 2
245 333 2
245 704 2
245 761 2
246 433 2
246 480 2
247 595 2
247 763 2
247 575 2
248 404 2
248 784 2
248 374 2
248 417 2
248 584 2
248 636 2
248 651 2
248 729 2
248 733 2
248 747 2
248 787 2
249 746 2
249 264 2
249 425 2
249 518 2
249 705 2
250 461 2
251 255 2
251 337 2
251 502 2
251 340 2
252 267 2
252 374 2
252 448 2
252 539 2
252 553 2
253 503 2
253 560 2
253 562 2
253 620 2
253 748 2
253 750 2
253 741 2
254 340 2
254 561 2
254 674 2
254 737 2
254 273 2
254 456 2
254 523 2
254 616 2
254 667 2
255 314 2
256 362 2
256 464 2
256 499 2
256 555 2
256 679 2
256 696 2
256 711 2
256 769 2
256 267 2
256 798 2
256 422 2
256 608 2
256 631 2
256 770 2
257 567 2
257 310 2
258 334 2
258 376 2
258 438 2
258 441 2
258 463 2
258 776 2
258 782 2
258 790 2
259 305 2
259 491 2
259 632 2
259 756 2
260 643 2
260 781 2
261 283 2
261 291 2
261 430 2
261 554 2
261 613 2
261 663 2
261 347 2
261 524 2
261 597 2
262 297 2
262 642 2
262 403 2
262 549 2
262 639 2
262 771 2
263 797 2
263 308 2
263 317 2
263 403 2
263 540 2
263 700 2
264 272 2
264 518 2
264 530 2
264 705 2
265 435 2
265 568 2
265 707 2
265 781 2
265 362 2
265 446 2
266 343 2
266 542 2
266 678 2
266 788 2
267 269 2
267 379 2
267 432 2
267 539 2
267 573 2
267 731 2
268 342 2
268 508 2
269 379 2
269 386 2
269 432 2
269 440 2
269 487 2
269 585 2
269 610 2
269 625 2
269 673 2
269 695 2
270 321 2
270 372 2
270 401 2
270 457 2
270 497 2
270 630 2
270 709 2
270 413 2
270 488 2
271 477 2
271 277 2
271 372 2
271 383 2
271 495 2
271 501 2
271 612 2
271 654 2
272 282 2
272 486 2
272 675 2
273 368 2
273 523 2
273 667 2
274 359 2
274 370 2
274 284 2
274 598 2
274 658 2
275 571 2
275 658 2
276 742 2
276 348 2
276 405 2
276 627 2
276 657 2
276 677 2
277 332 2
277 372 2
278 300 2
278 722 2
278 479 2
278 763 2
279 281 2
279 303 2
279 371 2
279 387 2
279 611 2
279 661 2
279 669 2
280 511 2
280 641 2
280 739 2
280 773 2
280 424 2
280 528 2
280 604 2
280 774 2
281 421 2
281 611 2
281 661 2
281 721 2
282 311 2
282 528 2
282 635 2
282 486 2
282 503 2
283 430 2
284 405 2
284 660 2
284 767 2
284 309 2
284 354 2
284 598 2
285 682 2
286 386 2
287 309 2
287 333 2
287 720 2
288 548 2
288 336 2
288 722 2
288 778 2
289 580 2
290 501 2
290 419 2
290 468 2
290 547 2
290 652 2
291 352 2
291 554 2
291 613 2
291 389 2
291 551 2
291 660 2
292 724 2
292 311 2
292 550 2
293 380 2
293 531 2
293 399 2
293 512 2
293 570 2
294 328 2
294 621 2
294 304 2
294 615 2
294 661 2
294 791 2
295 301 2
296 473 2
296 521 2
296 497 2
297 797 2
298 385 2
298 465 2
299 345 2
299 394 2
299 586 2
299 697 2
299 740 2
300 752 2
300 322 2
300 325 2
301 558 2
301 571 2
302 537 2
302 327 2
302 339 2
302 365 2
302 408 2
302 663 2
303 371 2
303 589 2
304 402 2
304 411 2
304 584 2
304 661 2
304 680 2
305 491 2
305 756 2
306 662 2
306 691 2
306 734 2
306 783 2
306 649 2
307 566 2
307 708 2
307 331 2
307 477 2
307 481 2
307 505 2
307 662 2
308 317 2
308 403 2
308 540 2
308 458 2
308 694 2
308 789 2
309 333 2
309 519 2
309 607 2
309 354 2
309 548 2
310 312 2
310 326 2
310 513 2
310 749 2
310 532 2
311 528 2
311 635 2
311 391 2
311 550 2
311 619 2
312 326 2
313 515 2
313 533 2
313 483 2
314 384 2
316 394 2
316 756 2
317 403 2
317 350 2
318 424 2
318 764 2
320 356 2
320 383 2
320 481 2
320 628 2
320 645 2
320 657 2
320 712 2
320 717 2
320 743 2
321 438 2
321 525 2
321 366 2
321 371 2
321 373 2
322 469 2
322 683 2
323 523 2
323 683 2
324 376 2
324 445 2
324 475 2
324 744 2
324 780 2
326 560 2
327 330 2
327 339 2
327 375 2
327 408 2
327 537 2
327 663 2
327 719 2
328 390 2
328 621 2
328 743 2
329 449 2
329 476 2
330 333 2
330 613 2
330 621 2
330 761 2
331 468 2
331 477 2
331 505 2
331 513 2
332 518 2
332 392 2
332 443 2
333 519 2
333 607 2
333 720 2
333 613 2
333 704 2
333 761 2
334 438 2
334 463 2
335 450 2
335 665 2
335 476 2
336 453 2
337 413 2
337 502 2
337 444 2
337 625 2
338 493 2
338 423 2
338 622 2
339 517 2
339 663 2
339 719 2
340 377 2
340 561 2
340 674 2
340 747 2
341 349 2
341 361 2
341 431 2
341 458 2
341 482 2
342 500 2
342 579 2
342 476 2
342 707 2
343 543 2
343 466 2
343 583 2
343 641 2
343 668 2
343 684 2
343 710 2
343 788 2
344 490 2
344 529 2
345 563 2
346 381 2
346 633 2
346 780 2
346 630 2
347 730 2
347 524 2
347 711 2
349 450 2
349 647 2
350 549 2
350 638 2
351 352 2
351 590 2
352 759 2
352 435 2
353 447 2
353 552 2
354 507 2
355 738 2
356 481 2
356 628 2
356 712 2
356 772 2
356 449 2
356 478 2
356 517 2
356 581 2
358 364 2
358 467 2
358 765 2
359 412 2
360 580 2
360 597 2
360 429 2
360 519 2
362 464 2
362 446 2
363 397 2
363 589 2
363 462 2
363 520 2
363 786 2
364 606 2
364 612 2
364 639 2
364 467 2
364 726 2
366 389 2
366 411 2
367 369 2
367 441 2
367 430 2
369 441 2
369 524 2
370 378 2
370 385 2
370 526 2
371 373 2
371 748 2
372 793 2
372 457 2
373 480 2
373 420 2
373 578 2
373 748 2
374 448 2
374 584 2
374 636 2
375 736 2
377 747 2
377 666 2
377 768 2
378 385 2
378 440 2
378 746 2
379 386 2
379 440 2
379 585 2
379 610 2
379 646 2
379 648 2
380 509 2
380 543 2
380 577 2
380 676 2
381 633 2
381 799 2
381 541 2
381 624 2
381 640 2
381 671 2
381 687 2
381 772 2
381 773 2
382 659 2
382 617 2
383 645 2
383 657 2
383 414 2
383 457 2
383 485 2
384 633 2
386 585 2
386 625 2
386 646 2
386 682 2
387 421 2
388 716 2
388 762 2
389 397 2
390 554 2
390 679 2
390 779 2
391 619 2
392 575 2
392 443 2
392 507 2
393 547 2
393 710 2
393 778 2
393 504 2
394 697 2
395 546 2
395 664 2
395 432 2
395 514 2
395 695 2
396 446 2
396 648 2
396 690 2
396 692 2
397 645 2
398 417 2
398 506 2
399 762 2
399 512 2
399 570 2
400 681 2
400 698 2
401 630 2
401 709 2
401 595 2
402 584 2
402 527 2
402 735 2
403 540 2
404 784 2
404 472 2
404 591 2
405 767 2
405 657 2
405 677 2
405 690 2
406 414 2
406 723 2
406 726 2
406 460 2
407 486 2
407 702 2
408 467 2
408 556 2
408 537 2
409 676 2
410 452 2
411 509 2
414 723 2
414 457 2
414 485 2
414 487 2
414 693 2
415 792 2
415 766 2
416 578 2
416 659 2
417 506 2
417 434 2
417 646 2
418 425 2
419 453 2
419 470 2
419 652 2
420 578 2
420 748 2
422 753 2
422 623 2
422 770 2
423 426 2
424 604 2
425 542 2
425 570 2
425 614 2
427 462 2
427 623 2
427 715 2
427 664 2
428 569 2
429 488 2
429 733 2
429 790 2
430 663 2
430 489 2
431 458 2
431 689 2
432 440 2
432 514 2
432 522 2
432 695 2
433 735 2
433 594 2
433 686 2
434 527 2
434 646 2
436 485 2
436 771 2
438 525 2
438 441 2
438 463 2
438 767 2
438 776 2
439 463 2
439 559 2
440 610 2
440 746 2
441 767 2
441 782 2
441 790 2
442 471 2
442 541 2
442 675 2
442 680 2
442 536 2
442 576 2
442 626 2
443 689 2
444 483 2
445 474 2
445 744 2
446 690 2
446 692 2
447 718 2
448 473 2
448 500 2
449 517 2
450 601 2
451 534 2
451 775 2
452 643 2
452 671 2
452 796 2
454 506 2
455 493 2
456 616 2
457 497 2
457 487 2
458 482 2
458 694 2
458 789 2
459 713 2
460 469 2
461 474 2
462 623 2
462 520 2
462 786 2
463 776 2
464 696 2
466 489 2
466 583 2
466 641 2
466 710 2
466 742 2
467 556 2
467 603 2
467 792 2
467 726 2
468 644 2
469 683 2
469 629 2
471 675 2
471 680 2
471 701 2
472 591 2
473 478 2
473 521 2
473 500 2
475 780 2
477 572 2
477 794 2
477 505 2
477 513 2
477 562 2
478 496 2
479 763 2
481 662 2
482 681 2
482 692 2
484 529 2
484 546 2
484 611 2
485 693 2
487 673 2
488 733 2
490 717 2
491 632 2
492 731 2
492 764 2
494 522 2
494 618 2
494 732 2
494 635 2
495 669 2
495 741 2
495 501 2
499 526 2
499 555 2
499 679 2
499 574 2
500 579 2
501 612 2
502 618 2
503 545 2
503 560 2
503 583 2
504 531 2
505 651 2
505 652 2
505 654 2
505 513 2
505 562 2
507 553 2
509 670 2
511 558 2
511 739 2
512 552 2
512 605 2
513 749 2
513 562 2
514 615 2
514 522 2
514 695 2
515 564 2
516 794 2
518 530 2
519 607 2
520 798 2
520 703 2
522 618 2
524 711 2
526 587 2
526 627 2
526 677 2
529 546 2
529 611 2
530 602 2
531 760 2
534 634 2
535 789 2
535 696 2
538 588 2
538 656 2
538 706 2
540 769 2
541 624 2
541 640 2
541 671 2
541 703 2
542 570 2
542 678 2
543 577 2
543 674 2
543 676 2
544 730 2
545 583 2
545 582 2
545 606 2
548 610 2
549 565 2
549 639 2
550 612 2
550 639 2
552 650 2
554 779 2
555 750 2
556 603 2
557 614 2
557 744 2
558 739 2
558 571 2
561 737 2
562 620 2
562 748 2
562 750 2
562 761 2
563 765 2
564 776 2
565 603 2
566 740 2
568 707 2
568 607 2
572 794 2
573 731 2
576 626 2
576 691 2
577 674 2
577 757 2
580 597 2
580 653 2
581 694 2
582 725 2
583 641 2
583 668 2
583 742 2
584 636 2
584 729 2
584 733 2
584 747 2
585 646 2
586 740 2
587 627 2
587 777 2
587 754 2
590 655 2
592 766 2
594 626 2
594 686 2
597 653 2
598 714 2
599 649 2
599 698 2
600 759 2
601 705 2
604 667 2
604 702 2
608 631 2
609 624 2
609 678 2
612 639 2
612 654 2
613 621 2
614 779 2
615 791 2
617 631 2
620 750 2
624 671 2
624 687 2
627 777 2
628 712 2
628 743 2
628 772 2
628 775 2
631 637 2
631 684 2
631 798 2
633 799 2
633 665 2
636 733 2
637 684 2
641 773 2
641 774 2
641 668 2
641 684 2
641 742 2
643 671 2
643 781 2
644 793 2
645 657 2
647 709 2
650 795 2
655 787 2
655 720 2
656 749 2
657 677 2
657 690 2
661 680 2
662 734 2
663 719 2
666 758 2
666 788 2
666 768 2
667 702 2
668 684 2
671 687 2
671 772 2
672 757 2
672 728 2
672 734 2
673 695 2
674 757 2
675 680 2
677 690 2
679 711 2
681 692 2
687 738 2
687 772 2
687 773 2
688 755 2
688 784 2
690 692 2
691 783 2
694 728 2
694 789 2
696 769 2
704 760 2
706 721 2
710 778 2
712 743 2
712 772 2
713 739 2
716 762 2
722 778 2
725 745 2
726 792 2
729 747 2
729 787 2
731 764 2
733 790 2
735 799 2
748 761 2
758 788 2
772 773 2
773 774 2
782 790 2
0 0 -103
1 1 -81
2 2 -83
3 3 -143
4 4 -64
5 5 -74
6 6 -49
7 7 -118
8 8 -64
9 9 -84
10 10 -23
11 11 -40
12 12 -70
13 13 -58
14 14 -53
15 15 -37
16 16 -49
17 17 -71
18 18 -42
19 19 -30
20 20 -28
21 21 -29
22 22 -40
23 23 -20
24 24 -36
25 25 -34
26 26 -28
27 27 -36
28 28 -32
29 29 -26
30 30 -45
31 31 -44
32 32 -35
33 33 -49
34 34 -32
35 35 -20
36 36 -29
37 37 -14
38 38 -26
39 39 -25
40 40 -21
41 41 -33
42 42 -31
43 43 -25
44 44 -15
45 45 -27
46 46 -23
47 47 -21
48 48 -36
49 49 -19
50 50 -29
51 51 -20
52 52 -21
53 53 -48
54 54 -29
55 55 -17
56 56 -30
57 57 -39
58 58 -20
59 59 -23
60 60 -16
61 61 -27
62 62 -21
63 63 -14
64 64 -21
65 65 -23
66 66 -15
67 67 -30
68 68 -12
69 69 -30
70 70 -23
71 71 -32
72 72 -27
73 73 -11
74 74 -22
75 75 -16
76 76 -24
77 77 -17
78 78 -13
79 79 -22
80 80 -12
81 81 -26
82 82 -9
83 83 -13
84 84 -25
85 85 -19
86 86 -22
87 87 -10
88 88 -25
89 89 -15
90 90 -24
91 91 -20
92 92 -23
93 93 -17
94 94 -19
95 95 -10
96 96 -22
97 97 -28
98 98 -23
99 99 -15
100 100 -16
101 101 -14
102 102 -8
103 103 -18
104 104 -11
105 105 -10
106 106 -12
107 107 -18
108 108 -19
109 109 -8
110 110 -28
111 111 -10
112 112 -14
113 113 -11
114 114 -14
115 115 -16
116 116 -25
117 117 -12
118 118 -18
119 119 -9
120 120 -17
121 121 -18
122 122 -12
123 123 -10
124 124 -16
125 125 -18
126 126 -9
127 127 -12
128 128 -23
129 129 -20
130 130 -13
131 131 -15
132 132 -14
133 133 -12
134 134 -16
135 135 -19
136 136 -18
137 137 -8
138 138 -14
139 139 -14
140 140 -9
141 141 -13
142 142 -15
143 143 -11
144 144 -18
145 145 -26
146 146 -11
147 147 -11
148 148 -26
149 149 -11
150 150 -16
151 151 -13
152 152 -11
153 153 -9
154 154 -20
155 155 -10
156 156 -8
157 157 -13
158 158 -6
159 159 -14
160 160 -14
161 161 -8
162 162 -12
163 163 -7
164 164 -12
165 165 -11
166 166 -19
167 167 -13
168 168 -9
169 169 -13
170 170 -13
171 171 -13
172 172 -14
173 173 -9
174 174 -12
175 175 -13
176 176 -11
177 177 -11
178 178 -9
179 179 -15
180 180 -20
181 181 -12
182 182 -15
183 183 -8
184 184 -9
185 185 -10
186 186 -20
187 187 -17
188 188 -8
189 189 -12
190 190 -12
191 191 -11
192 192 -9
193 193 -12
194 194 -11
195 195 -8
196 196 -13
197 197 -11
198 198 -9
199 199 -7
200 200 -18
201 201 -15
202 202 -22
203 203 -18
204 204 -8
205 205 -11
206 206 -9
207 207 -9
208 208 -6
209 209 -10
210 210 -8
211 211 -11
212 212 -11
213 213 -13
214 214 -12
215 215 -9
216 216 -7
217 217 -9
218 218 -15
219 219 -10
220 220 -11
221 221 -8
222 222 -7
223 223 -13
224 224 -14
225 225 -10
226 226 -10
227 227 -13
228 228 -12
229 229 -7
230 230 -7
231 231 -8
232 232 -18
233 233 -15
234 234 -13
235 235 -12
236 236 -8
237 237 -16
238 238 -9
239 239 -11
240 240 -8
241 241 -9
242 242 -9
243 243 -10
244 244 -9
245 245 -13
246 246 -8
247 247 -9
248 248 -17
249 249 -11
250 250 -7
251 251 -9
252 252 -10
253 253 -13
254 254 -15
255 255 -7
256 256 -19
257 257 -8
258 258 -14
259 259 -10
260 260 -8
261 261 -15
262 262 -12
263 263 -12
264 264 -10
265 265 -12
266 266 -10
267 267 -12
268 268 -8
269 269 -16
270 270 -14
271 271 -14
272 272 -9
273 273 -9
274 274 -11
275 275 -7
276 276 -12
277 277 -8
278 278 -10
279 279 -13
280 280 -14
281 281 -10
282 282 -11
283 283 -7
284 284 -12
285 285 -7
286 286 -7
287 287 -9
288 288 -9
289 289 -7
290 290 -11
291 291 -12
292 292 -9
293 293 -11
294 294 -12
295 295 -6
296 296 -9
297 297 -7
298 298 -8
299 299 -11
300 300 -9
301 301 -8
302 302 -12
303 303 -8
304 304 -10
305 305 -8
306 306 -11
307 307 -13
308 308 -12
309 309 -11
310 310 -11
311 311 -11
312 312 -7
313 313 -9
314 314 -7
315 315 -6
316 316 -8
317 317 -8
318 318 -8
319 319 -6
320 320 -15
321 321 -11
322 322 -8
323 323 -8
324 324 -11
325 325 -6
326 326 -7
327 327 -13
328 328 -9
329 329 -7
330 330 -10
331 331 -10
332 332 -9
333 333 -12
334 334 -8
335 335 -9
336 336 -7
337 337 -10
338 338 -9
339 339 -9
340 340 -10
341 341 -11
342 342 -9
343 343 -14
344 344 -8
345 345 -6
346 346 -10
347 347 -9
348 348 -5
349 349 -8
350 350 -8
351 351 -8
352 352 -8
353 353 -7
354 354 -6
355 355 -7
356 356 -14
357 357 -6
358 358 -9
359 359 -7
360 360 -9
361 361 -6
362 362 -7
363 363 -11
364 364 -11
365 365 -6
366 366 -8
367 367 -9
368 368 -6
369 369 -8
370 370 -9
371 371 -8
372 372 -8
373 373 -10
374 374 -8
375 375 -7
376 376 -6
377 377 -9
378 378 -9
379 379 -12
380 380 -9
381 381 -15
382 382 -8
383 383 -11
384 384 -7
385 385 -6
386 386 -10
387 387 -7
388 388 -8
389 389 -7
390 390 -9
391 391 -7
392 392 -9
393 393 -10
394 394 -7
395 395 -10
396 396 -9
397 397 -7
398 398 -8
399 399 -9
400 400 -7
401 401 -9
402 402 -9
403 403 -7
404 404 -9
405 405 -10
406 406 -10
407 407 -7
408 408 -9
409 409 -7
410 410 -7
411 411 -7
412 412 -6
413 413 -6
414 414 -11
415 415 -8
416 416 -8
417 417 -9
418 418 -7
419 419 -9
420 420 -7
421 421 -6
422 422 -9
423 423 -7
424 424 -7
425 425 -9
426 426 -6
427 427 -10
428 428 -7
429 429 -9
430 430 -8
431 431 -8
432 432 -9
433 433 -9
434 434 -8
435 435 -6
436 436 -8
437 437 -6
438 438 -11
439 439 -8
440 440 -8
441 441 -9
442 442 -13
443 443 -7
444 444 -6
445 445 -8
446 446 -8
447 447 -7
448 448 -8
449 449 -7
450 450 -7
451 451 -8
452 452 -9
453 453 -6
454 454 -7
455 455 -7
456 456 -7
457 457 -8
458 458 -9
459 459 -7
460 460 -7
461 461 -7
462 462 -9
463 463 -7
464 464 -7
465 465 -6
466 466 -11
467 467 -10
468 468 -7
469 469 -8
470 470 -6
471 471 -9
472 472 -7
473 473 -9
474 474 -6
475 475 -7
476 476 -6
477 477 -11
478 478 -7
479 479 -7
480 480 -6
481 481 -7
482 482 -8
483 483 -6
484 484 -9
485 485 -7
486 486 -6
487 487 -7
488 488 -7
489 489 -6
490 490 -7
491 491 -7
492 492 -8
493 493 -6
494 494 -10
495 495 -9
496 496 -6
497 497 -6
498 498 -6
499 499 -10
500 500 -7
501 501 -7
502 502 -7
503 503 -9
504 504 -7
505 505 -11
506 506 -6
507 507 -7
508 508 -6
509 509 -7
510 510 -6
511 511 -8
512 512 -7
513 513 -8
514 514 -9
515 515 -7
516 516 -7
517 517 -6
518 518 -7
519 519 -7
520 520 -8
521 521 -6
522 522 -7
523 523 -6
524 524 -7
525 525 -6
526 526 -9
527 527 -6
528 528 -6
529 529 -8
530 530 -7
531 531 -7
532 532 -6
533 533 -6
534 534 -7
535 535 -8
536 536 -6
537 537 -6
538 538 -9
539 539 -6
540 540 -7
541 541 -10
542 542 -8
543 543 -9
544 544 -7
545 545 -9
546 546 -6
547 547 -6
548 548 -7
549 549 -8
550 550 -7
551 551 -6
552 552 -7
553 553 -6
554 554 -7
555 555 -7
556 556 -7
557 557 -8
558 558 -7
559 559 -6
560 560 -6
561 561 -7
562 562 -10
563 563 -7
564 564 -7
565 565 -7
566 566 -7
567 567 -6
568 568 -8
569 569 -6
570 570 -6
571 571 -6
572 572 -7
573 573 -6
574 574 -6
575 575 -6
576 576 -8
577 577 -8
578 578 -6
579 579 -6
580 580 -8
581 581 -7
582 582 -7
583 583 -9
584 584 -10
585 585 -7
586 586 -7
587 587 -8
588 588 -6
589 589 -6
590 590 -7
591 591 -6
592 592 -7
593 593 -5
594 594 -8
595 595 -6
596 596 -6
597 597 -6
598 598 -7
599 599 -8
600 600 -7
601 601 -7
602 602 -6
603 603 -6
604 604 -8
605 605 -6
606 606 -6
607 607 -6
608 608 -7
609 609 -8
610 610 -6
611 611 -6
612 612 -8
613 613 -7
614 614 -7
615 615 -7
616 616 -6
617 617 -6
618 618 -6
619 619 -6
620 620 -7
621 621 -6
622 622 -6
623 623 -6
624 624 -8
625 625 -6
626 626 -6
627 627 -7
628 628 -10
629 629 -6
630 630 -6
631 631 -9
632 632 -6
633 633 -8
634 634 -6
635 635 -6
636 636 -7
637 637 -6
638 638 -5
639 639 -6
640 640 -6
641 641 -11
642 642 -6
643 643 -8
644 644 -7
645 645 -7
646 646 -6
647 647 -7
648 648 -6
649 649 -6
650 650 -7
651 651 -6
652 652 -6
653 653 -6
654 654 -6
655 655 -8
656 656 -7
657 657 -8
658 658 -6
659 659 -6
660 660 -6
661 661 -7
662 662 -7
663 663 -7
664 664 -6
665 665 -6
666 666 -9
667 667 -7
668 668 -7
669 669 -6
670 670 -6
671 671 -8
672 672 -9
673 673 -7
674 674 -7
675 675 -7
676 676 -6
677 677 -7
678 678 -6
679 679 -7
680 680 -6
681 681 -6
682 682 -6
683 683 -6
684 684 -6
685 685 -6
686 686 -6
687 687 -9
688 688 -8
689 689 -6
690 690 -7
691 691 -7
692 692 -6
693 693 -5
694 694 -8
695 695 -6
696 696 -7
697 697 -6
698 698 -6
699 699 -5
700 700 -6
701 701 -6
702 702 -6
703 703 -6
704 704 -7
705 705 -6
706 706 -7
707 707 -6
708 708 -5
709 709 -6
710 710 -7
711 711 -6
712 712 -8
713 713 -7
714 714 -6
715 715 -6
716 716 -7
717 717 -6
718 718 -5
719 719 -6
720 720 -6
721 721 -6
722 722 -7
723 723 -6
724 724 -6
725 725 -7
726 726 -7
727 727 -6
728 728 -6
729 729 -8
730 730 -6
731 731 -7
732 732 -6
733 733 -7
734 734 -6
735 735 -7
736 736 -5
737 737 -6
738 738 -6
739 739 -6
740 740 -5
741 741 -6
742 742 -6
743 743 -6
744 744 -6
745 745 -5
746 746 -6
747 747 -6
748 748 -6
749 749 -6
750 750 -6
751 751 -6
752 752 -6
753 753 -6
754 754 -6
755 755 -6
756 756 -6
757 757 -6
758 758 -7
759 759 -6
760 760 -6
761 761 -6
762 762 -6
763 763 -6
764 764 -6
765 765 -6
766 766 -6
767 767 -5
768 768 -6
769 769 -6
770 770 -6
771 771 -6
772 772 -7
773 773 -7
774 774 -6
775 775 -6
776 776 -6
777 777 -6
778 778 -6
779 779 -6
780 780 -6
781 781 -6
782 782 -7
783 783 -6
784 784 -6
785 785 -6
786 786 -6
787 787 -6
788 788 -6
789 789 -6
790 790 -6
791 791 -5
792 792 -6
793 793 -6
794 794 -6
795 795 -6
796 796 -6
797 797 -6
798 798 -6
799 799 -6