800 5373 -15 12
0 7 -2
0 8 2
0 12 -2
0 14 -2
0 15 -2
0 16 -2
0 17 -2
0 23 2
0 26 -2
0 29 2
0 44 2
0 52 -2
0 56 2
0 61 -2
0 74 -2
0 88 2
0 90 2
0 93 2
0 118 2
0 132 2
0 133 -2
0 139 2
0 146 2
0 154 -2
0 163 2
0 176 2
0 198 -2
0 203 -2
0 215 -2
0 220 -2
0 223 -2
0 233 2
0 240 -2
0 244 -2
0 255 -2
0 264 2
0 270 -2
0 287 2
0 302 -2
0 303 2
0 310 -2
0 315 -2
0 318 2
0 328 2
0 331 -2
0 341 2
0 366 2
0 376 -2
0 384 2
0 393 -2
0 394 2
0 432 2
0 445 2
0 458 2
0 498 -2
0 500 2
0 505 2
0 514 -2
0 524 2
0 525 -2
0 526 -2
0 560 2
0 586 -2
0 587 2
0 601 2
0 604 2
0 613 2
0 614 2
0 755 2
0 1 2
0 2 -2
0 3 -2
0 4 -2
0 5 -2
0 6 2
0 10 -2
0 11 -2
0 18 2
0 25 2
0 31 2
0 33 -2
0 43 -2
0 117 2
0 131 -2
0 141 -2
0 161 2
0 258 2
0 263 2
0 285 -2
0 305 -2
0 450 2
0 511 -2
0 561 2
0 562 2
0 603 2
0 612 2
0 627 2
0 634 2
0 680 -2
0 686 -2
0 722 2
0 738 -2
0 742 2
0 753 -2
0 766 2
0 777 -2
0 785 2
1 6 -2
1 8 -2
1 9 -2
1 10 -2
1 13 -2
1 19 2
1 20 2
1 22 -2
1 24 2
1 27 -2
1 51 -2
1 60 2
1 62 2
1 72 -2
1 98 -2
1 100 2
1 114 2
1 125 -2
1 131 -2
1 150 -2
1 151 -2
1 193 -2
1 234 -2
1 238 2
1 273 -2
1 285 2
1 297 -2
1 307 2
1 323 2
1 333 2
1 349 -2
1 381 -2
1 395 2
1 407 2
1 490 -2
1 494 -2
1 495 -2
1 542 2
1 713 2
1 732 -2
1 2 -2
1 3 2
1 4 -2
1 5 -2
1 7 -2
1 17 -2
1 18 2
1 35 2
1 56 -2
1 68 -2
1 75 2
1 82 -2
1 88 2
1 93 2
1 99 2
1 115 -2
1 129 2
1 146 2
1 158 2
1 214 -2
1 217 2
1 242 2
1 252 -2
1 257 -2
1 283 2
1 286 -2
1 316 2
1 325 -2
1 331 -2
1 401 2
1 415 -2
1 423 2
1 435 2
1 446 2
1 461 2
1 474 -2
1 517 -2
1 539 -2
1 552 2
1 675 -2
1 714 2
1 761 2
1 779 2
2 6 -2
2 9 -2
2 10 -2
2 15 -2
2 22 2
2 37 2
2 46 -2
2 52 -2
2 53 2
2 55 -2
2 56 2
2 58 2
2 67 -2
2 71 2
2 79 2
2 80 2
2 83 -2
2 90 -2
2 105 -2
2 113 -2
2 116 -2
2 155 -2
2 165 2
2 183 -2
2 205 2
2 216 2
2 229 -2
2 249 -2
2 260 -2
2 295 -2
2 320 -2
2 321 2
2 330 -2
2 337 -2
2 345 -2
2 417 -2
2 436 2
2 443 2
2 476 2
2 479 -2
2 528 2
2 530 -2
2 593 2
2 618 -2
2 622 -2
2 634 2
2 637 -2
2 672 -2
2 688 2
2 760 -2
2 768 -2
2 3 2
2 11 -2
2 68 2
2 82 2
2 92 2
2 135 2
2 141 2
2 185 -2
2 192 -2
2 258 -2
2 263 2
2 278 -2
2 280 -2
2 375 2
2 381 2
2 408 2
2 434 2
2 499 2
2 652 -2
2 756 2
3 6 -2
3 13 2
3 17 -2
3 18 2
3 21 2
3 30 2
3 36 -2
3 38 -2
3 48 2
3 51 2
3 62 2
3 66 -2
3 71 2
3 72 2
3 73 2
3 87 -2
3 94 -2
3 98 -2
3 102 2
3 106 2
3 121 2
3 138 -2
3 139 -2
3 141 -2
3 154 -2
3 155 2
3 185 -2
3 197 -2
3 207 -2
3 211 -2
3 225 2
3 270 2
3 276 -2
3 280 2
3 283 2
3 307 -2
3 309 -2
3 356 2
3 357 2
3 363 2
3 366 -2
3 370 -2
3 378 2
3 406 2
3 435 -2
3 460 2
3 474 2
3 476 -2
3 522 2
3 536 2
3 561 2
3 591 -2
3 595 -2
3 597 2
3 624 2
3 664 2
3 686 2
3 4 2
3 7 2
3 8 2
3 9 -2
3 11 -2
3 12 -2
3 14 -2
3 15 2
3 19 2
3 23 2
3 24 2
3 25 2
3 28 2
3 31 2
3 32 -2
3 34 -2
3 55 2
3 63 2
3 65 -2
3 68 -2
3 77 2
3 84 -2
3 89 2
3 114 2
3 122 -2
3 130 2
3 148 -2
3 161 2
3 168 -2
3 188 -2
3 193 -2
3 196 -2
3 200 -2
3 219 2
3 224 -2
3 230 -2
3 242 -2
3 266 2
3 268 -2
3 299 -2
3 306 -2
3 329 -2
3 375 2
3 382 -2
3 390 2
3 391 -2
3 408 2
3 431 -2
3 434 -2
3 487 2
3 510 -2
3 511 2
3 571 2
3 573 2
3 578 -2
3 625 2
3 704 2
3 774 2
4 13 -2
4 70 2
4 84 2
4 85 -2
4 91 -2
4 95 -2
4 100 2
4 107 2
4 139 -2
4 156 -2
4 219 -2
4 234 -2
4 240 -2
4 304 2
4 344 -2
4 369 -2
4 453 2
4 471 2
4 484 -2
4 491 -2
4 516 -2
4 540 2
4 545 -2
4 548 -2
4 551 2
4 558 2
4 690 -2
4 704 2
4 5 2
4 6 -2
4 7 -2
4 8 2
4 10 2
4 12 2
4 17 2
4 19 -2
4 21 -2
4 22 -2
4 23 2
4 27 -2
4 32 2
4 33 -2
4 34 -2
4 35 2
4 37 2
4 38 2
4 39 2
4 40 -2
4 42 -2
4 45 2
4 48 -2
4 49 2
4 50 2
4 51 -2
4 54 2
4 55 2
4 59 2
4 71 2
4 73 -2
4 75 -2
4 87 -2
4 94 -2
4 106 2
4 115 2
4 119 -2
4 129 -2
4 144 2
4 145 -2
4 148 2
4 155 2
4 157 -2
4 160 -2
4 164 2
4 173 -2
4 187 2
4 211 -2
4 212 -2
4 220 2
4 231 2
4 233 -2
4 237 -2
4 306 -2
4 340 -2
4 343 2
4 373 -2
4 386 2
4 397 2
4 400 2
4 407 -2
4 422 -2
4 428 2
4 446 -2
4 455 -2
4 472 2
4 474 -2
4 475 2
4 479 -2
4 489 -2
4 505 2
4 522 -2
4 537 2
4 563 2
4 564 2
4 598 2
4 633 2
4 655 -2
4 656 2
4 665 -2
4 670 -2
4 678 2
4 683 -2
4 688 -2
4 695 2
4 708 2
4 715 2
4 723 -2
4 735 -2
4 768 -2
4 774 -2
4 786 2
5 7 2
5 8 -2
5 11 -2
5 12 -2
5 24 2
5 29 2
5 32 2
5 39 2
5 40 2
5 43 -2
5 64 2
5 65 -2
5 86 -2
5 100 -2
5 114 -2
5 119 2
5 120 2
5 124 2
5 145 2
5 147 2
5 161 2
5 167 2
5 169 2
5 174 2
5 175 2
5 184 2
5 187 -2
5 191 2
5 231 -2
5 244 2
5 282 2
5 318 -2
5 344 2
5 399 2
5 419 2
5 446 -2
5 484 2
5 516 2
5 540 -2
5 578 2
5 584 2
5 677 2
5 680 -2
5 713 2
5 781 -2
5 789 -2
5 18 -2
5 33 2
5 35 2
5 42 -2
5 46 -2
5 49 2
5 54 2
5 56 -2
5 66 -2
5 87 -2
5 93 -2
5 99 2
5 107 2
5 123 2
5 137 -2
5 143 2
5 158 -2
5 177 -2
5 211 2
5 222 -2
5 333 2
5 357 -2
5 401 -2
5 441 2
5 442 2
5 445 -2
5 452 2
5 470 2
5 480 -2
5 569 2
5 576 2
5 609 -2
5 633 2
5 648 2
5 663 -2
5 748 2
6 20 2
6 37 -2
6 46 2
6 47 -2
6 51 2
6 55 2
6 63 2
6 66 2
6 155 2
6 164 -2
6 196 -2
6 221 2
6 251 -2
6 256 2
6 268 -2
6 313 -2
6 335 2
6 354 -2
6 367 -2
6 385 2
6 395 -2
6 456 -2
6 470 2
6 486 2
6 537 -2
6 544 -2
6 577 -2
6 593 2
6 624 -2
6 655 -2
6 667 2
6 686 2
6 687 -2
6 8 2
6 9 2
6 10 2
6 13 2
6 28 2
6 31 -2
6 43 2
6 76 -2
6 168 2
6 182 -2
6 332 2
6 336 -2
6 792 2
6 411 -2
6 417 2
6 494 2
6 561 -2
6 601 -2
6 623 2
6 627 -2
6 721 -2
7 12 -2
7 14 -2
7 16 2
7 23 2
7 25 -2
7 26 2
7 32 2
7 40 -2
7 42 -2
7 45 -2
7 59 -2
7 61 2
7 65 2
7 68 -2
7 70 -2
7 77 -2
7 84 2
7 97 2
7 126 -2
7 135 2
7 171 -2
7 189 -2
7 212 2
7 219 -2
7 220 2
7 242 2
7 248 2
7 264 2
7 291 -2
7 296 -2
7 312 -2
7 339 2
7 374 2
7 384 -2
7 398 -2
7 410 -2
7 414 -2
7 421 -2
7 422 -2
7 482 2
7 487 2
7 509 2
7 541 2
7 546 -2
7 559 -2
7 564 2
7 640 2
7 648 -2
7 651 -2
7 661 -2
7 662 2
7 665 2
7 666 2
7 690 -2
7 716 -2
7 799 -2
7 749 -2
7 770 -2
7 783 2
7 17 2
7 19 2
7 21 2
7 71 2
7 118 2
7 214 -2
7 251 2
7 265 -2
7 289 -2
7 489 2
7 708 2
7 714 -2
8 11 -2
8 27 2
8 39 2
8 41 2
8 50 2
8 54 -2
8 57 -2
8 60 -2
8 78 -2
8 129 -2
8 132 2
8 191 2
8 204 -2
8 215 2
8 231 -2
8 236 2
8 243 2
8 261 -2
8 289 -2
8 391 2
8 448 2
8 461 2
8 553 -2
8 632 2
8 643 2
8 684 -2
8 9 2
8 12 -2
8 13 2
8 14 -2
8 15 -2
8 16 2
8 20 -2
8 24 -2
8 26 -2
8 36 -2
8 51 -2
8 76 2
8 79 -2
8 86 -2
8 96 -2
8 100 -2
8 101 -2
8 106 2
8 125 2
8 126 2
8 145 -2
8 151 -2
8 188 -2
8 207 2
8 210 -2
8 239 -2
8 287 2
8 315 2
8 319 2
8 321 2
8 329 -2
8 359 -2
8 365 2
8 369 2
8 404 2
8 798 2
8 512 -2
9 10 -2
9 20 -2
9 37 -2
9 164 2
9 221 2
9 345 2
9 652 2
9 13 2
9 15 2
9 16 -2
9 28 2
9 29 -2
9 91 2
9 96 -2
9 101 2
9 142 -2
9 152 2
9 182 2
9 230 -2
9 267 2
9 336 2
9 338 2
9 351 -2
9 390 2
9 411 -2
9 417 2
9 427 2
9 451 -2
9 482 2
9 494 -2
9 534 2
9 541 -2
9 566 -2
9 584 -2
9 599 2
9 636 2
9 658 -2
9 664 2
9 672 2
9 705 2
9 719 -2
10 22 2
10 151 2
10 316 2
10 330 -2
10 337 2
10 345 -2
10 507 -2
10 646 -2
10 671 2
10 744 2
10 561 -2
10 634 2
10 746 2
11 132 2
11 176 -2
11 236 -2
11 318 -2
11 328 -2
11 419 -2
11 514 -2
11 515 -2
11 654 2
11 25 -2
11 117 2
11 141 2
11 193 -2
11 317 -2
11 408 -2
11 448 2
11 562 -2
11 603 2
11 652 2
11 687 2
12 29 2
12 42 2
12 43 2
12 64 -2
12 119 -2
12 161 2
12 171 -2
12 181 2
12 182 2
12 250 2
12 253 2
12 399 2
12 425 -2
12 468 2
12 790 2
12 14 -2
12 32 -2
12 38 2
12 45 -2
12 51 -2
12 98 -2
12 125 -2
12 319 -2
12 343 2
12 373 -2
12 395 -2
12 440 -2
12 492 -2
12 532 2
12 546 2
12 548 2
12 557 -2
12 582 2
12 788 -2
13 18 2
13 28 -2
13 38 -2
13 69 2
13 206 2
13 474 2
13 491 -2
13 495 -2
13 522 2
13 538 -2
13 543 -2
13 595 -2
13 617 2
13 675 -2
13 16 2
13 20 -2
13 26 -2
13 29 -2
13 36 -2
13 47 -2
13 64 -2
13 76 2
13 81 2
13 95 -2
13 142 -2
13 147 -2
13 152 2
13 153 -2
13 170 -2
13 182 2
13 236 -2
13 259 -2
13 267 2
13 272 2
13 276 -2
13 282 2
13 291 -2
13 296 -2
13 360 2
13 409 -2
13 412 2
13 799 -2
13 534 2
13 566 2
13 614 2
13 620 -2
13 651 -2
13 658 2
13 696 -2
13 703 -2
13 725 -2
13 732 -2
13 772 2
13 787 -2
14 16 2
14 77 2
14 88 -2
14 93 2
14 97 2
14 294 -2
14 398 2
14 441 2
14 640 2
14 661 -2
14 662 2
14 716 2
14 188 2
14 319 -2
14 798 -2
14 492 -2
15 17 2
15 33 2
15 34 -2
15 52 2
15 53 -2
15 67 2
15 71 -2
15 83 2
15 105 2
15 106 -2
15 141 -2
15 172 2
15 178 -2
15 186 -2
15 241 -2
15 299 2
15 303 2
15 320 2
15 359 2
15 530 2
15 560 2
15 579 2
15 774 -2
15 24 2
15 287 2
15 404 2
16 25 -2
16 31 2
16 68 -2
16 77 2
16 88 2
16 92 -2
16 101 2
16 122 -2
16 123 -2
16 134 -2
16 149 -2
16 157 -2
16 166 2
16 233 2
16 291 2
16 294 -2
16 302 -2
16 305 2
16 346 -2
16 352 2
16 402 -2
16 416 2
16 438 2
16 441 2
16 459 2
16 463 -2
16 502 -2
16 505 2
16 509 -2
16 518 -2
16 523 2
16 525 2
16 612 2
16 775 -2
16 20 -2
16 29 2
16 47 -2
16 64 2
16 72 -2
16 91 2
16 95 2
16 96 2
16 97 -2
16 100 -2
16 109 2
16 139 -2
16 151 2
16 226 -2
16 234 -2
16 290 2
16 315 -2
16 326 2
16 412 -2
16 437 2
16 471 -2
16 482 2
16 491 -2
16 514 -2
16 541 2
16 543 2
16 580 2
16 677 -2
16 679 -2
17 33 2
17 34 -2
17 74 2
17 81 -2
17 99 -2
17 108 -2
17 133 2
17 137 -2
17 154 2
17 158 2
17 173 -2
17 180 2
17 258 -2
17 265 -2
17 319 2
17 390 2
17 432 2
17 445 2
17 465 2
17 497 -2
17 596 2
17 21 -2
17 22 -2
17 30 2
17 62 2
17 102 -2
17 115 -2
17 118 -2
17 124 2
17 127 -2
17 160 2
17 184 2
17 214 2
17 254 -2
17 289 2
17 310 -2
17 313 -2
17 325 2
17 348 -2
17 379 -2
17 415 -2
17 472 2
17 597 2
17 655 2
17 676 2
17 711 -2
17 729 2
17 730 -2
17 754 -2
17 761 -2
18 19 -2
18 21 2
18 28 2
18 73 2
18 82 2
18 207 -2
18 267 -2
18 452 2
18 455 2
18 460 -2
18 495 2
18 650 2
18 658 2
18 723 -2
18 93 -2
19 21 -2
19 30 -2
19 62 2
19 89 2
19 197 2
19 239 -2
19 280 2
19 350 2
19 396 2
19 403 2
19 429 -2
19 452 2
19 529 -2
19 597 -2
19 23 -2
19 48 2
19 71 -2
19 111 -2
19 130 -2
19 221 2
19 237 2
19 301 -2
19 361 2
19 418 2
19 493 -2
19 507 2
19 508 2
19 617 2
19 678 -2
20 221 2
20 395 -2
20 494 -2
20 652 -2
20 718 2
20 26 2
20 47 2
20 79 -2
20 81 2
20 97 2
20 103 2
20 113 -2
20 116 -2
20 132 2
20 150 2
20 151 -2
20 194 2
20 203 -2
20 206 2
20 236 2
20 253 2
20 272 2
20 291 -2
20 297 -2
20 420 2
20 458 -2
20 466 2
20 610 -2
20 629 -2
21 48 2
21 73 2
21 82 2
21 138 -2
21 143 -2
21 177 2
21 286 2
21 375 -2
21 431 2
21 452 -2
21 608 -2
21 728 -2
21 22 2
21 27 2
21 30 -2
21 40 -2
21 41 -2
21 50 2
21 52 2
21 58 -2
21 60 -2
21 61 2
21 62 -2
21 67 2
21 102 -2
21 105 -2
21 108 2
21 118 2
21 124 2
21 133 -2
21 136 -2
21 154 -2
21 169 -2
21 172 -2
21 176 -2
21 205 -2
21 208 -2
21 251 2
21 254 -2
21 262 -2
21 265 2
21 298 -2
21 308 2
21 312 2
21 334 2
21 345 2
21 353 2
21 414 -2
21 416 2
21 478 -2
21 489 -2
21 498 2
21 583 2
21 666 2
21 737 2
21 740 2
21 752 -2
21 757 -2
21 770 -2
21 778 2
22 151 2
22 330 2
22 646 2
22 27 -2
22 30 2
22 41 -2
22 52 -2
22 58 -2
22 61 2
22 112 -2
22 218 2
22 232 2
22 235 2
22 277 -2
22 312 -2
22 324 -2
22 414 -2
22 428 2
22 453 2
22 501 -2
22 655 2
23 70 2
23 85 -2
23 91 2
23 110 -2
23 156 -2
23 220 2
23 226 2
23 331 2
23 368 -2
23 393 -2
23 487 2
23 551 -2
23 589 -2
23 766 2
23 48 2
23 111 -2
23 130 2
23 148 -2
23 187 -2
23 221 2
23 233 2
23 256 -2
23 301 -2
23 361 2
23 397 -2
23 507 2
23 523 -2
23 695 -2
23 699 2
24 27 -2
24 35 -2
24 39 2
24 41 2
24 49 -2
24 50 -2
24 57 -2
24 103 2
24 125 2
24 179 -2
24 190 -2
24 193 2
24 238 -2
24 269 -2
24 334 2
24 347 -2
24 377 2
24 512 2
24 534 2
24 677 -2
24 682 2
24 689 2
24 714 2
24 724 -2
24 759 2
24 781 -2
24 65 2
24 86 2
24 287 2
24 295 2
24 346 2
24 365 -2
24 510 2
25 26 2
25 31 -2
25 44 2
25 45 -2
25 68 2
25 76 2
25 92 2
25 122 -2
25 126 -2
25 135 2
25 168 -2
25 188 2
25 194 2
25 198 -2
25 223 2
25 254 2
25 292 2
25 298 -2
25 301 2
25 308 -2
25 311 2
25 389 2
25 451 2
25 454 -2
25 467 -2
25 482 -2
25 526 -2
25 556 2
25 559 -2
25 572 2
25 621 -2
25 647 -2
25 683 2
25 694 -2
25 779 -2
25 117 2
25 131 2
25 161 -2
25 193 2
25 196 2
25 285 2
25 305 -2
25 317 -2
25 330 2
25 448 2
25 457 -2
25 495 2
25 702 -2
25 742 2
25 771 2
25 785 -2
26 45 2
26 61 -2
26 76 -2
26 109 2
26 127 -2
26 142 2
26 144 2
26 222 -2
26 223 2
26 232 -2
26 242 -2
26 246 -2
26 287 -2
26 353 -2
26 361 -2
26 519 2
26 575 -2
26 712 -2
26 755 -2
26 36 -2
26 79 -2
26 153 -2
26 236 -2
26 239 2
26 651 -2
26 732 -2
27 60 2
27 238 2
27 714 2
27 40 2
27 41 -2
27 67 2
27 73 2
27 108 -2
27 112 2
27 144 -2
27 159 -2
27 178 2
27 186 2
27 228 -2
27 262 -2
27 277 -2
27 368 2
27 396 -2
27 421 2
27 424 -2
27 428 -2
27 453 -2
27 463 2
27 527 2
27 619 -2
27 782 2
28 36 2
28 69 2
28 87 -2
28 96 -2
28 104 2
28 206 2
28 207 2
28 208 -2
28 262 2
28 357 2
28 363 2
28 437 2
28 485 2
28 563 -2
28 650 -2
28 675 2
28 721 -2
28 729 -2
28 336 -2
28 664 2
29 161 -2
29 244 2
29 253 2
29 472 2
29 64 -2
29 72 -2
29 91 -2
29 109 2
29 142 2
29 163 -2
29 202 -2
29 213 -2
29 226 -2
29 282 -2
29 338 2
29 351 -2
29 358 -2
29 410 2
29 427 2
29 433 -2
29 467 -2
29 615 2
29 705 -2
29 772 2
29 775 2
30 48 2
30 89 2
30 177 -2
30 239 2
30 375 -2
30 561 2
30 580 2
30 615 2
30 52 2
30 62 2
30 133 2
30 140 2
30 310 -2
30 379 -2
30 597 2
30 690 -2
30 752 -2
30 755 2
31 44 -2
31 92 2
31 101 -2
31 117 -2
31 146 2
31 302 2
31 346 -2
31 394 2
31 416 2
31 556 2
31 572 -2
31 590 2
31 775 -2
31 43 -2
31 168 2
31 266 -2
31 332 -2
31 511 -2
31 612 -2
31 680 2
31 685 2
31 721 2
32 42 2
32 43 -2
32 147 2
32 327 2
32 425 -2
32 442 -2
32 475 -2
32 600 2
32 619 -2
32 630 -2
32 790 2
32 34 -2
32 37 -2
32 38 -2
32 39 2
32 44 -2
32 53 -2
32 59 2
32 69 2
32 74 -2
32 175 2
32 179 -2
32 180 -2
32 190 2
32 197 2
32 212 -2
32 245 2
32 255 2
32 444 2
32 473 -2
32 487 -2
32 542 -2
32 546 2
32 553 -2
32 585 2
32 631 2
32 640 -2
32 662 2
32 681 -2
32 712 2
32 715 2
32 747 2
32 788 -2
33 74 -2
33 81 -2
33 99 2
33 115 2
33 213 -2
33 303 -2
33 319 2
33 341 -2
33 42 2
33 46 2
33 57 -2
33 107 -2
33 121 2
33 243 -2
33 349 -2
33 356 -2
33 371 -2
33 452 2
33 528 2
33 575 -2
33 591 2
34 390 2
34 406 2
34 440 2
34 480 -2
34 565 2
34 583 -2
34 625 2
34 693 2
34 37 2
34 44 2
34 55 -2
34 63 2
34 83 -2
34 90 2
34 180 2
34 190 -2
34 320 -2
34 340 2
34 399 2
34 439 -2
34 479 2
34 487 2
34 505 2
34 526 2
34 598 2
34 613 -2
34 645 2
34 649 -2
34 670 2
34 716 2
34 790 2
35 114 2
35 125 -2
35 131 -2
35 145 -2
35 175 -2
35 269 -2
35 285 2
35 297 -2
35 380 2
35 381 -2
35 423 -2
35 478 -2
35 603 2
35 677 2
35 742 -2
35 54 2
35 56 2
35 75 2
35 88 -2
35 119 2
35 123 -2
35 146 -2
35 529 -2
35 564 -2
35 569 -2
35 776 2
36 69 -2
36 87 2
36 96 2
36 208 2
36 224 2
36 262 2
36 356 -2
36 362 -2
36 401 -2
36 531 -2
36 563 -2
36 598 2
36 602 -2
36 659 -2
36 738 2
36 772 2
36 153 -2
36 239 2
36 369 2
37 46 2
37 63 -2
37 80 2
37 136 2
37 164 -2
37 165 2
37 200 2
37 202 -2
37 217 2
37 227 -2
37 278 -2
37 290 2
37 306 2
37 385 -2
37 433 2
37 527 -2
37 562 -2
37 715 2
37 39 -2
37 44 2
37 53 -2
37 69 2
37 70 -2
37 74 2
37 78 -2
37 83 2
37 155 2
37 179 -2
37 181 2
37 183 2
37 195 -2
37 204 2
37 250 2
37 261 -2
37 270 -2
37 271 2
37 335 -2
37 430 -2
37 439 2
37 444 -2
37 464 2
37 519 2
37 536 -2
37 670 2
37 712 2
37 723 -2
37 736 2
37 769 -2
38 474 -2
38 491 -2
38 538 -2
38 617 2
38 642 2
38 45 -2
38 98 -2
38 269 2
38 546 2
38 551 -2
38 582 -2
38 585 -2
38 715 -2
38 735 2
38 762 -2
39 49 2
39 50 -2
39 54 -2
39 86 -2
39 103 2
39 112 2
39 120 -2
39 129 2
39 148 2
39 153 -2
39 169 -2
39 243 2
39 279 -2
39 288 2
39 365 -2
39 446 2
39 464 2
39 493 2
39 532 2
39 534 -2
39 552 2
39 632 2
39 649 2
39 794 -2
39 702 2
39 727 2
39 757 -2
39 53 -2
39 59 2
39 155 2
39 181 -2
39 183 -2
39 197 2
39 475 2
39 621 2
39 631 -2
39 642 -2
40 65 2
40 107 -2
40 219 -2
40 248 2
40 471 -2
40 535 -2
40 584 -2
40 770 -2
40 50 -2
40 60 2
40 67 2
40 73 -2
40 136 2
40 164 -2
40 167 2
40 173 2
40 216 2
40 223 2
40 229 -2
40 231 -2
40 260 -2
40 279 2
40 292 2
40 302 2
40 318 2
40 345 2
40 396 -2
40 490 2
40 498 -2
40 509 -2
40 666 2
40 667 2
40 710 2
40 718 -2
40 734 -2
40 773 -2
41 57 2
41 190 2
41 214 2
41 263 2
41 753 2
41 58 -2
41 112 -2
41 154 2
41 218 -2
41 228 -2
41 235 2
41 339 2
41 497 2
41 757 2
42 59 -2
42 171 2
42 181 -2
42 182 -2
42 327 -2
42 339 -2
42 421 2
42 600 2
42 619 2
42 46 2
42 49 -2
42 57 2
42 66 -2
42 143 -2
42 177 -2
42 356 -2
42 362 2
42 371 -2
42 386 -2
42 407 -2
42 522 -2
42 549 -2
42 577 2
42 590 2
42 713 2
43 64 -2
43 147 2
43 425 -2
43 468 -2
43 332 2
43 601 2
43 612 2
43 623 -2
44 117 2
44 146 -2
44 198 2
44 203 -2
44 266 -2
44 301 -2
44 308 -2
44 364 -2
44 418 2
44 426 2
44 539 2
44 569 -2
44 571 2
44 590 -2
44 616 2
44 644 -2
44 691 2
44 745 2
44 69 -2
44 70 -2
44 78 -2
44 83 -2
44 85 -2
44 175 2
44 244 2
44 245 2
44 273 2
44 307 -2
44 394 2
44 525 -2
44 538 -2
44 553 -2
44 595 -2
45 76 -2
45 109 -2
45 126 2
45 140 -2
45 142 -2
45 188 2
45 222 2
45 311 2
45 336 2
45 343 2
45 389 2
45 547 2
45 626 2
45 683 -2
45 761 -2
45 763 2
45 98 2
45 269 2
45 373 -2
45 440 -2
45 532 2
45 551 2
45 579 2
45 688 -2
45 735 2
46 47 -2
46 55 2
46 58 2
46 79 -2
46 80 -2
46 217 -2
46 218 2
46 237 2
46 249 2
46 251 2
46 256 -2
46 259 -2
46 335 -2
46 382 2
46 397 2
46 411 2
46 499 -2
46 537 2
46 768 -2
46 66 -2
46 107 -2
46 121 2
46 137 -2
46 243 -2
46 333 -2
46 349 2
46 352 2
46 354 -2
46 357 -2
46 371 2
46 793 -2
46 445 -2
46 480 2
46 528 -2
46 550 -2
46 575 2
46 590 -2
46 594 -2
46 689 -2
46 709 2
46 748 -2
47 63 2
47 136 -2
47 159 -2
47 217 2
47 237 -2
47 256 2
47 290 2
47 433 -2
47 692 -2
47 81 2
47 95 -2
47 97 -2
47 103 2
47 113 -2
47 116 -2
47 147 -2
47 149 2
47 276 -2
47 296 2
47 370 -2
47 405 2
47 409 2
47 502 2
47 515 -2
47 635 -2
47 637 2
47 671 -2
48 177 -2
48 580 -2
48 608 2
48 711 2
48 728 -2
48 111 -2
48 233 -2
48 256 -2
48 383 -2
48 630 -2
48 678 2
49 112 2
49 169 2
49 174 -2
49 179 -2
49 274 2
49 680 -2
49 781 -2
49 87 -2
49 94 -2
49 442 2
50 54 -2
50 78 2
50 261 -2
50 448 2
50 532 2
50 534 -2
50 649 2
50 727 2
50 767 -2
50 60 -2
50 105 -2
50 110 2
50 167 -2
50 191 2
50 231 2
50 292 -2
50 509 2
50 537 -2
50 644 2
50 684 2
50 737 -2
51 66 -2
51 72 2
51 75 -2
51 94 -2
51 150 2
51 185 2
51 192 -2
51 370 -2
51 378 2
51 444 -2
51 655 -2
51 785 2
51 106 -2
51 125 -2
51 157 -2
51 198 -2
51 210 -2
51 343 2
51 376 2
51 395 -2
51 419 -2
51 548 2
51 727 2
52 53 2
52 56 -2
52 118 2
52 255 2
52 310 -2
52 443 -2
52 550 2
52 660 2
52 726 2
52 61 -2
52 133 -2
52 140 -2
52 172 -2
52 176 -2
52 241 -2
52 275 -2
52 294 2
52 327 2
52 416 2
52 425 2
52 556 -2
52 641 -2
52 682 2
52 755 2
53 67 -2
53 172 2
53 201 -2
53 348 2
53 479 -2
53 707 2
53 74 2
53 181 2
53 195 2
53 255 2
53 271 -2
53 631 -2
53 642 2
53 681 -2
53 701 2
54 78 -2
54 204 -2
54 289 -2
54 322 -2
54 466 -2
54 532 2
54 553 -2
54 569 -2
54 633 -2
55 58 2
55 218 -2
55 251 2
55 313 -2
55 481 -2
55 593 -2
55 618 -2
55 63 2
55 77 -2
55 80 -2
55 90 -2
55 224 -2
55 240 -2
55 304 2
55 306 2
55 340 -2
55 374 2
55 385 -2
55 393 -2
55 436 2
55 496 2
55 518 -2
55 520 -2
55 526 -2
55 596 2
55 600 2
55 608 -2
55 656 -2
55 660 -2
55 790 2
56 90 2
56 118 -2
56 163 -2
56 443 2
56 660 2
56 99 -2
56 123 -2
56 146 -2
56 331 -2
56 441 2
56 461 2
56 570 2
56 779 -2
57 190 2
57 214 2
57 263 2
57 334 2
57 347 -2
57 377 -2
57 512 -2
57 674 -2
57 788 -2
57 356 2
57 386 -2
57 400 -2
57 455 -2
57 531 2
57 535 2
57 558 2
57 591 -2
58 79 2
58 113 2
58 116 -2
58 235 -2
58 259 -2
58 411 2
58 481 -2
58 610 -2
58 752 2
58 154 -2
58 218 2
58 232 -2
58 324 -2
58 339 -2
58 414 -2
58 497 2
58 524 2
58 628 -2
58 741 -2
58 789 2
59 327 2
59 339 -2
59 442 2
59 197 -2
59 212 2
59 220 2
59 475 2
60 105 -2
60 110 -2
60 136 2
60 167 -2
60 191 -2
60 223 -2
60 302 2
60 308 2
60 337 -2
60 432 -2
60 454 -2
60 476 -2
60 547 2
61 242 -2
61 264 2
61 287 2
61 353 2
61 546 -2
61 172 2
61 312 -2
61 478 2
61 501 2
61 740 -2
61 770 2
62 197 -2
62 252 2
62 283 -2
62 350 2
62 102 -2
62 127 -2
62 205 2
62 310 2
62 314 2
62 516 2
62 752 -2
63 136 2
63 159 -2
63 200 2
63 202 -2
63 385 2
63 456 2
63 470 -2
63 581 2
63 77 -2
63 80 -2
63 84 2
63 89 -2
63 90 2
63 114 2
63 134 -2
63 165 2
63 225 2
63 322 2
63 377 2
63 378 2
63 382 2
63 426 2
63 429 -2
63 436 -2
63 496 2
63 520 2
63 660 2
63 758 2
63 791 2
64 119 2
64 468 2
64 72 -2
64 139 -2
64 163 2
64 282 2
64 284 -2
64 433 -2
64 543 -2
64 555 -2
64 567 2
65 184 2
65 248 2
65 422 2
65 86 2
65 295 2
65 346 -2
65 510 2
66 185 2
66 577 -2
66 624 2
66 137 2
66 143 -2
66 594 2
67 83 2
67 172 2
67 178 -2
67 201 2
67 210 2
67 228 -2
67 260 2
67 373 2
67 479 -2
67 634 2
67 707 2
67 791 -2
67 108 -2
67 159 2
67 298 -2
67 345 2
67 396 2
67 483 2
67 583 -2
68 122 -2
68 134 2
68 157 -2
68 162 2
68 254 -2
68 405 -2
68 415 2
68 420 2
68 430 2
68 82 -2
68 92 -2
68 185 -2
68 242 2
68 274 -2
68 299 2
68 316 2
68 375 2
68 387 2
68 431 -2
68 552 -2
69 96 2
69 104 2
69 130 -2
69 206 -2
69 224 -2
69 437 -2
69 531 2
69 576 -2
69 598 2
69 659 2
69 747 -2
69 70 2
69 175 2
69 244 -2
69 273 -2
69 293 2
69 444 -2
69 525 2
69 560 2
69 717 2
69 733 -2
70 84 -2
70 110 -2
70 304 -2
70 332 2
70 368 2
70 487 2
70 589 2
70 648 2
70 708 2
70 78 -2
70 85 2
70 104 2
70 156 -2
70 162 2
70 227 2
70 430 -2
70 560 2
70 653 -2
71 106 -2
71 320 2
71 321 -2
71 476 2
71 579 -2
71 672 2
71 760 -2
71 237 -2
71 418 2
71 563 2
71 673 -2
71 708 2
72 75 -2
72 94 2
72 98 -2
72 102 2
72 170 -2
72 192 2
72 323 -2
72 324 -2
72 349 -2
72 388 2
72 511 2
72 639 -2
72 139 2
72 163 2
72 202 2
72 284 -2
72 341 2
72 567 -2
73 82 -2
73 138 -2
73 143 -2
73 267 2
73 286 2
73 300 -2
73 431 2
73 455 -2
73 460 -2
73 566 2
73 144 2
73 164 -2
73 178 -2
73 186 -2
73 189 -2
73 229 2
73 279 -2
73 323 -2
73 368 -2
73 459 -2
73 533 2
73 654 2
73 726 -2
73 786 -2
74 81 -2
74 108 2
74 128 -2
74 133 -2
74 137 -2
74 160 2
74 258 2
74 351 -2
74 497 -2
74 596 -2
74 629 2
74 737 2
74 179 2
74 250 -2
74 255 2
74 335 -2
74 473 2
74 542 -2
75 150 2
75 192 2
75 323 -2
75 388 2
75 542 -2
75 785 -2
75 88 -2
75 119 -2
75 129 2
75 217 -2
75 257 2
75 675 -2
75 776 2
76 109 -2
76 127 -2
76 188 2
76 195 -2
76 232 2
76 271 -2
76 272 -2
76 277 -2
76 298 -2
76 326 -2
76 434 -2
76 703 -2
76 750 2
77 97 -2
77 291 2
77 294 2
77 312 2
77 402 -2
77 414 2
77 459 -2
77 503 2
77 80 2
77 84 2
77 122 2
77 134 -2
77 224 -2
77 240 2
77 304 2
77 322 -2
77 374 -2
77 378 2
77 393 -2
77 398 -2
77 465 2
77 578 -2
77 588 2
77 661 2
77 765 -2
78 204 2
78 261 -2
78 322 2
78 391 2
78 643 -2
78 684 2
78 700 -2
78 767 2
78 85 2
78 104 -2
78 120 -2
78 156 -2
78 162 -2
78 201 2
78 389 2
78 430 2
78 503 -2
78 624 -2
79 113 -2
79 183 2
79 235 2
79 249 -2
79 259 -2
79 473 -2
79 528 -2
79 555 -2
79 679 -2
79 701 2
79 752 2
80 165 -2
80 216 -2
80 227 -2
80 306 2
80 322 -2
80 374 -2
80 426 -2
80 436 2
80 465 2
80 588 -2
80 596 2
80 758 2
81 99 -2
81 108 -2
81 128 -2
81 213 2
81 427 2
81 462 -2
81 570 -2
81 638 -2
81 103 -2
81 147 -2
81 272 2
81 629 2
82 267 -2
82 92 -2
82 135 2
82 249 -2
82 274 -2
82 278 -2
82 300 -2
82 316 -2
82 344 -2
82 499 -2
83 105 -2
83 205 2
83 260 2
83 373 -2
83 307 -2
83 320 -2
83 399 -2
83 439 2
83 736 2
84 648 -2
84 690 -2
84 89 2
84 122 2
84 134 -2
84 165 2
84 225 -2
84 268 -2
84 377 -2
84 625 2
84 704 2
85 91 -2
85 95 2
85 110 -2
85 111 2
85 304 2
85 332 2
85 400 2
85 408 -2
85 453 -2
85 606 2
85 681 2
85 708 -2
85 104 2
85 120 -2
85 138 -2
85 624 -2
85 639 -2
85 739 -2
86 120 2
86 129 -2
86 153 -2
86 187 -2
86 191 2
86 199 -2
86 247 2
86 279 2
86 284 2
86 288 2
86 314 -2
86 404 2
86 424 -2
86 533 2
86 628 2
86 717 -2
86 746 -2
86 295 2
86 365 -2
87 262 -2
87 356 -2
87 362 -2
87 772 2
87 94 2
87 211 2
87 442 2
87 609 2
87 648 -2
88 93 2
88 233 2
88 217 -2
88 252 2
88 574 2
88 776 -2
89 239 -2
89 280 2
89 403 -2
89 536 2
89 561 2
89 114 -2
89 219 -2
89 225 2
89 429 2
89 791 2
90 163 -2
90 496 -2
90 790 2
91 95 2
91 111 -2
91 156 -2
91 226 2
91 109 -2
91 482 -2
91 677 -2
91 679 -2
92 101 -2
92 123 2
92 305 -2
92 438 -2
92 135 -2
92 185 -2
92 192 -2
92 249 2
92 274 -2
92 311 -2
92 344 -2
92 381 2
92 387 -2
92 581 2
92 706 2
92 763 2
93 158 2
93 222 -2
93 286 -2
93 488 2
94 378 2
95 111 2
95 400 -2
95 453 -2
95 506 -2
95 606 2
95 653 -2
95 681 -2
95 736 2
95 276 -2
95 405 2
95 412 -2
95 437 2
95 502 2
95 614 -2
95 618 -2
95 696 -2
95 703 -2
96 104 -2
96 130 2
96 208 2
96 224 2
96 401 -2
96 576 2
96 602 2
96 641 2
96 748 2
96 100 2
96 101 2
96 126 -2
96 128 2
96 199 -2
96 207 -2
96 247 2
96 485 2
96 530 2
96 749 -2
96 764 2
97 312 2
97 398 -2
97 116 2
97 132 -2
97 194 -2
97 264 -2
97 303 -2
97 458 -2
97 460 2
97 468 -2
97 565 2
97 731 -2
97 781 -2
98 102 -2
98 121 2
98 170 2
98 307 -2
98 386 2
98 582 2
98 639 -2
98 269 -2
98 440 2
98 579 2
99 115 -2
99 213 2
99 427 -2
99 462 2
99 588 -2
99 706 2
99 776 -2
99 331 -2
99 570 -2
100 234 -2
100 484 -2
100 548 -2
100 315 2
100 321 2
100 491 2
100 606 2
101 123 2
101 149 2
101 152 -2
101 346 -2
101 352 -2
101 392 -2
101 450 2
101 504 -2
101 523 -2
101 573 2
101 656 2
101 126 2
101 128 2
101 199 2
101 512 2
102 121 2
102 170 -2
102 211 -2
102 281 2
102 340 2
102 386 2
102 511 -2
102 582 2
102 664 2
102 719 2
102 758 2
102 127 2
102 205 2
102 314 2
102 372 2
102 504 -2
102 521 2
102 586 2
102 657 -2
102 659 2
103 112 -2
103 148 -2
103 179 2
103 230 -2
103 365 -2
103 439 2
103 483 -2
103 552 -2
103 793 2
103 645 2
103 663 -2
103 669 2
103 689 2
103 113 -2
103 149 2
103 171 -2
103 203 2
103 206 2
103 209 2
103 246 2
103 297 -2
103 363 2
103 367 2
103 392 -2
103 406 -2
103 481 -2
103 629 -2
103 650 2
103 728 -2
103 780 -2
104 130 -2
104 120 2
104 138 2
104 156 -2
104 166 -2
104 227 2
104 248 2
104 350 2
104 503 -2
104 647 2
105 205 2
105 229 -2
105 530 2
105 774 -2
105 110 2
105 308 2
105 337 -2
105 456 2
105 737 -2
105 778 2
106 141 -2
106 435 -2
106 579 2
106 145 -2
106 157 -2
106 198 2
106 376 2
106 559 2
107 167 -2
107 344 2
107 471 2
107 535 2
107 558 2
107 631 -2
107 765 -2
107 121 -2
107 333 -2
107 352 2
107 452 -2
107 663 -2
108 796 2
108 128 -2
108 137 2
108 158 -2
108 275 -2
108 351 2
108 568 -2
108 159 -2
108 262 2
108 298 2
108 424 2
108 463 -2
109 127 -2
109 140 2
109 142 -2
109 144 2
109 195 2
109 246 2
109 271 2
109 519 -2
109 575 2
109 226 -2
109 234 2
109 679 2
110 332 2
110 368 2
110 191 -2
110 454 2
110 476 -2
110 684 -2
111 400 2
111 408 -2
111 506 -2
111 653 2
111 301 -2
112 148 -2
112 230 -2
112 439 -2
112 464 -2
112 645 -2
112 784 -2
112 228 2
112 235 2
112 277 -2
112 421 2
112 545 2
112 782 -2
113 116 2
113 183 -2
113 235 -2
113 295 -2
113 449 -2
113 473 -2
113 622 2
113 688 -2
113 701 -2
113 149 2
113 171 2
113 203 2
113 370 -2
113 406 -2
113 515 2
113 650 -2
113 728 -2
114 124 2
114 297 -2
114 490 -2
114 713 -2
114 219 -2
114 382 -2
114 791 2
115 319 -2
115 160 -2
115 184 -2
115 313 -2
115 325 -2
115 422 2
115 435 -2
115 446 -2
115 517 -2
115 602 -2
116 295 -2
116 449 -2
116 637 -2
116 132 -2
116 150 -2
116 264 2
116 438 -2
116 610 -2
117 168 -2
117 266 -2
117 301 -2
117 418 -2
117 621 -2
117 691 -2
117 754 -2
117 131 2
117 317 2
117 330 -2
117 450 2
117 495 2
118 255 2
118 550 2
118 660 2
118 726 2
118 124 -2
118 169 2
118 208 -2
118 215 -2
118 251 2
118 289 2
118 309 -2
118 334 2
118 348 -2
118 353 -2
118 364 -2
118 403 -2
118 443 -2
118 587 -2
118 730 -2
118 744 -2
118 760 -2
119 529 -2
119 564 -2
120 187 -2
120 199 2
120 247 -2
120 279 2
120 284 2
120 314 -2
120 404 2
120 424 -2
120 446 -2
120 627 2
120 696 2
120 717 2
120 725 -2
120 786 2
120 138 2
120 166 -2
120 174 2
120 624 -2
120 639 -2
120 647 2
120 743 -2
121 211 -2
121 225 -2
121 281 -2
121 386 2
121 496 -2
121 620 -2
121 243 2
122 134 2
122 254 -2
122 415 2
122 430 2
122 451 -2
122 454 2
122 467 2
122 268 2
122 571 -2
122 578 2
123 149 2
123 152 -2
123 305 2
123 329 2
123 657 -2
123 678 2
123 771 -2
123 441 -2
124 145 -2
124 380 -2
124 169 2
124 254 -2
124 348 -2
124 403 -2
124 443 -2
124 587 -2
124 674 -2
125 131 -2
125 193 2
125 269 -2
125 273 -2
125 423 -2
125 478 -2
125 682 -2
125 724 -2
125 756 2
125 210 -2
125 359 2
125 395 2
126 135 -2
126 189 2
126 194 -2
126 292 -2
126 293 2
126 296 -2
126 325 2
126 355 -2
126 372 2
126 389 2
126 413 -2
126 501 2
126 647 -2
126 740 -2
126 769 2
126 787 2
126 128 2
126 207 -2
126 247 2
126 485 -2
126 512 2
126 530 2
126 607 -2
126 749 -2
127 232 -2
127 246 -2
127 314 2
127 372 -2
127 384 -2
127 504 -2
127 516 2
128 351 2
128 737 2
128 199 2
128 247 -2
128 607 2
128 764 2
129 153 -2
129 243 2
129 493 -2
129 533 -2
129 257 -2
129 283 -2
129 474 2
130 221 2
130 523 -2
130 617 2
130 699 2
131 285 -2
131 407 2
131 423 2
131 305 2
131 330 -2
131 450 2
131 686 2
131 722 -2
132 176 2
132 215 2
132 236 2
132 461 2
132 515 2
132 557 2
132 150 2
132 194 2
132 253 -2
132 264 -2
132 281 2
132 288 2
132 303 2
132 438 -2
132 565 -2
132 781 -2
133 160 -2
133 180 -2
133 140 2
133 176 -2
133 241 -2
133 275 -2
133 388 -2
133 425 -2
133 462 -2
133 556 2
133 611 2
133 641 -2
133 669 2
133 784 -2
134 795 2
134 157 -2
134 162 2
134 166 -2
134 415 -2
134 420 2
134 477 2
134 520 2
134 585 2
134 165 2
135 189 -2
135 194 2
135 325 2
135 355 2
135 358 2
135 374 -2
135 410 -2
135 413 -2
135 457 -2
135 482 -2
135 492 2
135 740 2
135 192 2
135 249 2
135 278 -2
135 300 2
135 311 2
135 706 2
135 750 2
136 159 2
136 200 -2
136 290 -2
136 562 -2
136 692 -2
136 734 2
136 216 -2
136 223 2
136 547 2
136 773 -2
137 158 -2
137 173 2
137 209 -2
137 258 -2
137 265 2
137 275 -2
137 409 2
137 554 -2
137 796 -2
137 568 -2
137 609 -2
137 357 -2
137 576 -2
137 594 -2
138 143 -2
138 166 2
138 174 2
138 639 2
138 739 -2
139 240 2
139 369 2
139 498 -2
139 545 -2
139 567 -2
139 605 -2
139 284 2
139 341 -2
139 506 -2
139 543 -2
139 555 -2
139 604 2
139 643 -2
140 195 -2
140 272 -2
140 326 -2
140 709 -2
140 425 -2
140 682 2
140 755 2
141 435 -2
141 258 -2
141 280 2
141 484 2
141 562 -2
141 572 -2
141 738 -2
141 756 -2
141 777 2
142 144 -2
142 222 2
142 336 2
142 343 -2
142 361 -2
142 152 2
142 170 -2
142 259 -2
142 338 -2
142 584 2
142 772 -2
143 286 -2
143 300 2
143 698 -2
143 177 -2
143 362 2
144 519 -2
144 178 -2
144 189 -2
144 328 2
144 355 2
144 459 2
145 175 -2
145 282 2
145 317 -2
145 380 2
145 603 -2
145 730 -2
145 741 2
146 203 -2
146 315 -2
146 364 -2
147 296 2
147 620 2
147 725 -2
148 793 2
148 230 2
148 365 2
148 464 -2
148 483 2
148 757 -2
148 784 -2
148 187 2
148 774 2
149 152 -2
149 329 2
149 352 -2
149 392 2
149 488 2
149 504 2
149 521 2
149 573 -2
149 574 -2
149 636 -2
149 710 -2
149 720 2
149 743 2
149 171 2
149 209 -2
149 238 2
149 246 2
149 366 2
149 370 -2
149 540 -2
149 605 2
149 724 -2
150 785 2
150 438 2
150 610 2
151 316 -2
152 329 -2
152 488 2
152 521 -2
152 657 -2
152 678 2
152 170 -2
152 534 -2
153 794 -2
153 288 2
153 493 2
153 533 -2
153 651 -2
154 270 -2
154 432 2
154 458 -2
154 586 2
154 792 -2
154 623 -2
154 757 -2
155 196 -2
155 309 2
155 360 -2
155 687 2
155 762 -2
155 773 2
155 723 2
156 226 -2
156 551 -2
156 766 2
156 162 2
156 201 2
156 227 2
156 248 -2
156 503 2
156 653 -2
157 162 2
157 166 -2
157 520 2
157 585 -2
157 198 -2
157 419 2
157 751 -2
158 173 -2
158 209 -2
158 275 -2
158 371 2
158 383 -2
158 508 2
158 554 2
158 222 -2
158 286 -2
158 488 2
158 539 -2
159 692 2
159 734 -2
159 424 2
160 180 2
160 497 -2
160 629 2
160 184 -2
160 422 -2
160 472 2
161 253 -2
161 399 -2
161 472 -2
161 196 2
161 200 2
161 285 -2
161 457 2
161 592 -2
161 668 2
161 707 2
162 405 2
162 477 2
162 685 -2
162 201 -2
162 389 2
162 653 -2
162 700 -2
162 795 2
163 202 -2
163 213 -2
163 433 2
163 467 2
163 567 -2
164 173 -2
164 229 -2
164 260 2
164 447 2
164 490 2
164 786 -2
165 216 2
165 227 2
165 417 2
165 611 -2
165 377 -2
166 520 2
166 174 -2
166 647 -2
166 743 -2
167 535 2
167 584 2
167 631 2
167 302 -2
167 432 2
167 509 -2
168 621 2
168 779 -2
168 266 2
168 685 2
168 721 2
169 174 2
169 274 -2
169 789 2
169 208 2
169 215 2
169 309 -2
170 582 2
170 639 -2
170 259 2
171 181 2
171 250 -2
171 257 -2
171 342 -2
171 421 -2
171 731 2
171 209 -2
171 238 2
171 724 2
172 178 -2
172 201 -2
172 210 -2
172 228 -2
172 245 2
172 348 -2
172 379 -2
172 517 -2
172 592 -2
172 740 -2
173 209 -2
173 371 2
173 508 2
173 796 2
173 260 2
173 318 2
173 447 -2
173 667 -2
174 274 2
174 680 -2
174 789 2
174 743 -2
175 282 2
175 317 -2
175 412 2
175 578 2
175 705 -2
175 244 -2
175 293 2
175 342 -2
175 477 -2
175 538 -2
175 553 2
175 589 2
175 694 -2
175 733 2
175 747 2
175 767 -2
176 328 -2
176 515 -2
176 557 -2
176 241 2
176 327 -2
176 416 2
177 375 2
177 580 -2
177 615 -2
177 711 -2
177 728 2
177 362 2
177 549 2
178 210 2
178 241 -2
178 245 -2
178 379 2
178 387 -2
178 447 -2
178 633 2
178 791 2
178 186 -2
178 189 -2
178 328 2
179 689 -2
179 250 -2
179 712 -2
180 190 2
180 245 2
180 640 -2
180 716 -2
181 182 2
181 250 2
181 257 -2
181 338 2
181 342 -2
181 739 -2
181 183 2
181 195 2
181 204 -2
181 270 -2
181 413 -2
181 621 2
182 267 2
182 411 -2
182 451 2
182 626 2
183 473 2
183 528 2
183 555 -2
183 688 -2
183 777 2
183 780 -2
183 270 2
183 464 2
183 536 -2
183 621 -2
184 313 -2
184 676 2
184 691 2
185 370 -2
185 444 -2
186 241 2
186 299 2
186 633 -2
186 791 2
186 368 -2
186 533 2
187 199 -2
187 627 -2
187 786 2
187 397 2
187 768 2
188 298 2
188 311 2
188 329 2
188 798 2
189 296 -2
189 325 2
189 374 -2
189 541 -2
189 697 -2
189 769 2
189 328 2
189 355 -2
189 459 2
190 214 -2
190 334 2
190 716 -2
191 231 2
191 454 -2
191 684 -2
192 324 2
192 388 2
192 311 -2
192 381 -2
192 581 -2
193 273 2
193 333 -2
193 724 2
193 448 -2
194 292 -2
194 293 -2
194 413 -2
194 457 -2
194 492 -2
194 501 -2
194 253 -2
194 281 -2
194 288 2
194 303 2
194 420 -2
194 458 -2
194 460 -2
194 622 -2
194 692 -2
195 272 -2
195 277 -2
195 434 -2
195 797 -2
195 703 -2
195 709 -2
195 722 2
195 204 2
195 261 2
195 271 2
195 413 2
195 513 2
195 769 -2
196 268 -2
196 276 2
196 309 -2
196 360 2
196 428 -2
196 687 2
196 762 2
196 773 -2
196 200 2
196 457 2
197 350 2
197 396 -2
197 469 -2
198 526 2
198 376 -2
198 419 -2
198 559 2
198 727 -2
198 751 -2
199 247 2
199 627 2
199 746 -2
200 202 2
200 278 2
201 228 2
201 348 2
201 517 -2
201 707 2
201 795 2
201 389 2
201 700 2
202 278 -2
202 213 -2
202 358 -2
203 315 2
203 364 2
203 539 -2
203 569 -2
203 571 -2
203 745 2
203 206 2
203 367 -2
203 406 2
203 466 -2
204 289 2
204 322 -2
204 391 2
204 466 -2
204 700 2
204 778 -2
204 261 -2
204 413 2
204 513 2
205 229 2
206 437 2
206 675 -2
206 721 -2
206 297 -2
206 363 2
206 367 -2
206 392 2
206 466 -2
207 357 2
207 485 -2
207 513 2
207 650 -2
207 530 -2
208 602 -2
208 215 -2
208 334 -2
209 371 -2
209 238 2
209 246 2
209 366 2
209 540 2
210 245 2
210 387 -2
210 592 -2
210 359 -2
211 225 -2
211 281 2
211 340 2
211 496 2
211 664 -2
211 758 2
211 609 2
212 220 2
213 427 2
213 358 -2
214 263 2
214 415 -2
214 711 -2
214 714 2
215 461 -2
215 309 -2
215 364 -2
216 417 2
216 611 2
216 498 -2
216 773 -2
217 237 -2
217 382 2
217 397 2
217 433 2
217 499 -2
217 252 2
217 574 -2
217 675 2
218 411 -2
218 232 -2
218 339 2
218 628 2
218 720 -2
219 770 -2
220 331 2
220 384 -2
220 613 2
220 651 2
221 652 2
221 718 -2
221 507 -2
221 523 2
221 617 2
222 336 2
222 361 2
222 547 -2
222 763 -2
222 764 -2
222 488 -2
223 547 2
224 401 2
224 531 -2
224 576 2
224 641 -2
224 747 -2
224 240 -2
224 398 2
225 429 -2
226 766 2
226 234 2
226 290 2
226 380 -2
226 402 2
226 449 2
226 469 -2
226 471 2
226 544 2
226 554 2
226 580 2
226 616 -2
226 693 2
226 697 2
227 306 2
227 527 -2
227 715 -2
227 248 -2
227 350 2
229 279 -2
229 323 -2
229 490 2
229 718 -2
230 439 2
230 483 2
230 663 -2
230 669 -2
230 390 2
230 391 -2
230 672 2
231 292 2
231 537 2
231 644 2
231 734 -2
232 324 -2
232 628 -2
232 720 2
232 741 2
232 789 -2
233 505 -2
233 518 2
233 256 2
233 383 2
233 593 2
233 695 2
234 548 -2
234 290 -2
234 326 -2
234 380 2
234 402 -2
234 500 -2
234 544 -2
234 697 2
236 732 -2
237 382 -2
237 418 -2
237 493 -2
237 563 2
237 673 2
238 714 2
238 366 2
238 605 2
238 724 2
239 369 2
240 369 -2
240 498 -2
240 500 2
240 304 2
240 398 2
241 299 -2
241 359 2
241 549 2
241 633 2
241 275 2
241 294 -2
241 327 -2
241 347 2
241 388 2
241 462 -2
241 568 2
241 784 2
242 353 -2
242 546 2
242 783 -2
242 299 -2
243 349 2
243 354 -2
243 486 -2
243 689 2
244 273 -2
244 293 -2
244 342 -2
244 394 2
244 477 2
244 694 2
244 717 2
245 379 2
245 387 -2
245 447 2
245 592 2
245 640 -2
247 284 2
247 746 -2
247 485 2
247 607 -2
247 764 2
248 422 2
248 564 -2
248 666 2
248 673 -2
248 350 -2
249 768 2
249 300 2
249 344 -2
249 706 -2
249 750 2
250 257 -2
250 338 2
250 731 2
250 335 -2
251 313 -2
251 265 2
252 283 -2
252 574 -2
253 472 -2
253 281 2
253 420 -2
254 430 -2
254 451 -2
254 694 2
255 310 2
255 550 2
255 473 2
256 335 -2
256 354 -2
256 544 2
256 383 -2
256 593 2
256 630 2
257 338 -2
257 342 2
257 731 -2
257 739 -2
257 283 2
257 423 -2
258 265 2
258 409 -2
258 465 -2
258 596 -2
258 635 2
258 263 -2
258 280 2
258 484 2
259 752 2
260 373 -2
260 318 2
261 448 2
261 643 2
261 767 -2
261 513 -2
261 769 2
262 362 2
262 563 2
262 738 2
263 753 -2
265 409 2
265 465 -2
265 635 -2
266 590 -2
266 685 2
267 455 -2
267 723 2
267 451 2
267 566 -2
267 626 2
268 276 -2
268 428 2
268 571 -2
268 625 2
269 478 2
269 682 -2
269 756 2
269 551 2
269 579 -2
270 366 -2
270 458 -2
270 510 2
270 614 -2
270 623 -2
270 464 2
270 519 2
271 277 2
271 594 -2
271 797 2
272 326 2
272 703 2
272 709 -2
272 291 2
272 360 2
272 787 2
273 333 -2
273 525 -2
274 387 -2
275 383 -2
275 568 -2
275 294 -2
275 347 2
275 388 2
276 428 2
276 405 2
276 614 -2
276 635 -2
276 637 -2
277 434 -2
277 594 2
277 722 -2
277 750 2
277 421 2
277 453 -2
277 545 2
277 619 -2
278 499 2
279 314 -2
279 323 2
279 654 2
280 403 -2
280 536 -2
280 597 -2
280 484 2
280 572 -2
280 756 -2
281 340 -2
281 496 -2
281 288 2
281 692 2
282 317 2
282 412 2
282 578 -2
282 705 2
282 741 2
282 751 -2
283 423 -2
284 424 2
284 628 2
284 696 2
284 341 2
284 506 -2
284 555 2
284 604 -2
284 632 -2
285 407 2
285 785 2
286 300 2
286 431 2
286 566 -2
286 698 -2
286 539 -2
287 755 -2
287 404 2
288 692 2
289 553 2
289 730 -2
289 744 2
289 754 2
290 562 -2
290 326 2
290 380 2
290 471 2
290 500 2
290 514 2
290 554 -2
290 693 -2
291 402 2
291 414 2
291 503 -2
291 509 2
291 782 2
291 360 -2
292 293 2
292 647 -2
292 734 -2
293 694 -2
293 717 2
293 733 2
294 441 2
294 347 2
295 449 -2
295 622 -2
295 637 2
295 346 2
296 409 2
296 620 2
297 381 2
297 490 -2
297 363 -2
298 583 2
299 359 -2
299 549 2
300 566 2
300 698 2
300 750 -2
301 308 -2
301 418 -2
301 426 2
301 616 -2
301 361 -2
302 394 2
302 416 -2
302 502 2
302 432 2
303 341 -2
303 376 2
303 560 -2
303 587 -2
303 460 2
303 468 2
303 565 2
303 622 2
303 731 2
304 393 2
305 438 2
305 686 2
305 702 2
306 527 -2
307 320 -2
308 616 2
308 337 2
308 456 -2
309 360 2
309 364 -2
310 379 2
311 683 -2
311 761 -2
311 581 2
311 763 -2
312 478 2
312 501 -2
313 676 2
313 691 -2
314 404 -2
314 725 2
314 372 -2
314 384 -2
314 516 2
314 586 -2
314 657 -2
315 321 -2
315 491 2
315 606 2
316 798 2
316 646 2
316 671 2
316 552 -2
317 412 -2
317 741 -2
318 419 2
318 514 -2
318 604 -2
318 654 -2
318 668 2
318 796 -2
318 667 -2
318 710 2
319 492 -2
320 321 2
320 399 -2
321 760 -2
322 466 -2
322 378 -2
322 426 -2
322 588 -2
322 661 2
323 349 2
323 542 -2
323 654 -2
323 726 2
324 741 -2
325 355 -2
325 358 -2
325 372 -2
325 676 2
325 769 2
325 787 -2
325 435 -2
325 602 2
326 500 2
327 442 2
327 475 2
327 600 -2
328 355 -2
329 488 2
330 337 -2
330 507 -2
330 495 2
331 393 2
331 461 -2
331 570 -2
332 708 2
332 601 2
332 792 -2
333 352 2
333 445 2
333 470 -2
333 663 -2
334 347 -2
335 354 -2
335 367 -2
335 486 2
335 489 2
335 537 -2
336 343 2
336 547 2
336 626 2
336 764 -2
336 417 -2
336 636 -2
336 664 2
337 507 2
337 456 2
338 739 2
338 351 -2
338 410 2
338 584 2
339 497 -2
339 524 2
340 385 2
340 518 -2
340 656 2
341 376 2
341 524 2
341 506 2
341 632 2
341 646 2
342 394 2
342 477 2
342 538 2
342 589 2
342 595 2
342 767 2
343 626 -2
343 548 2
343 557 -2
344 516 2
344 558 -2
346 523 -2
346 612 2
347 377 2
347 788 -2
348 517 2
348 403 2
348 674 2
348 760 -2
349 354 2
349 486 2
349 528 -2
349 550 2
350 396 2
350 469 2
350 529 2
351 737 -2
351 410 -2
351 427 2
351 599 2
351 615 2
352 392 -2
352 450 2
352 710 -2
354 367 -2
354 544 -2
354 797 -2
354 793 2
354 486 -2
354 550 -2
354 689 2
354 709 -2
355 358 2
355 372 2
355 676 2
356 772 2
356 591 -2
357 363 2
357 485 -2
357 513 2
357 729 2
357 576 2
359 549 2
360 762 2
360 787 2
362 549 -2
363 392 2
363 481 -2
364 539 -2
364 644 2
365 793 2
365 552 -2
366 510 -2
366 614 -2
366 540 -2
366 605 2
367 486 2
367 489 -2
367 667 -2
368 589 2
368 533 2
369 545 -2
369 567 -2
369 605 -2
370 444 -2
370 515 -2
371 508 -2
371 590 -2
371 713 -2
372 676 2
372 384 -2
372 504 2
372 521 2
372 586 -2
373 688 -2
374 410 -2
374 541 2
374 697 -2
374 465 2
374 596 2
374 765 2
375 615 2
375 431 2
375 434 2
376 524 -2
376 601 -2
376 559 -2
377 512 -2
377 674 2
377 759 -2
377 788 2
379 597 2
379 690 -2
380 603 -2
380 730 -2
380 742 -2
380 402 -2
380 449 -2
380 469 2
380 554 -2
380 638 2
382 397 -2
383 554 -2
383 609 -2
383 593 -2
383 630 -2
384 613 2
384 651 2
385 456 2
385 581 2
385 518 -2
385 526 2
385 608 -2
385 645 2
385 698 -2
385 759 2
386 620 2
386 719 -2
386 400 2
386 407 2
386 531 2
386 535 2
387 447 -2
388 462 2
388 568 2
388 611 2
389 700 -2
390 406 -2
390 440 2
390 480 2
390 599 2
390 693 2
390 699 2
390 391 2
390 573 2
391 684 -2
391 700 -2
391 778 2
391 573 2
392 450 -2
392 504 -2
392 574 2
392 636 2
392 656 2
392 710 2
392 481 2
396 469 2
396 529 2
396 483 -2
396 527 2
397 499 -2
397 768 2
398 640 -2
398 749 -2
400 408 2
400 506 -2
400 606 2
400 531 -2
402 459 -2
402 463 2
402 503 -2
402 782 -2
402 449 2
402 544 -2
402 616 -2
403 429 2
403 443 2
403 674 -2
403 760 2
404 725 -2
405 420 -2
405 477 2
405 685 -2
405 502 2
405 618 -2
405 635 2
406 440 -2
406 583 2
406 599 2
406 695 2
406 650 2
407 522 -2
407 577 -2
407 683 2
408 652 -2
408 687 2
411 494 -2
412 705 2
412 733 2
412 751 2
412 437 -2
413 501 -2
413 740 -2
415 711 -2
415 729 2
415 761 2
416 502 2
416 775 2
417 611 2
417 636 -2
417 719 -2
418 426 -2
418 691 -2
418 754 2
418 493 2
418 508 2
418 673 2
419 727 2
419 751 -2
421 545 2
421 619 2
421 782 2
422 564 -2
422 673 2
424 628 -2
424 696 -2
424 717 -2
424 463 2
425 790 -2
425 556 2
425 669 -2
425 682 -2
427 462 -2
427 638 2
427 599 2
427 615 2
427 705 2
427 775 2
432 792 -2
432 445 2
432 586 -2
433 467 2
434 722 -2
434 750 -2
435 602 2
436 481 -2
436 610 -2
436 618 2
436 735 2
436 520 -2
436 600 -2
436 745 -2
436 758 -2
439 645 2
439 669 2
439 736 2
440 480 -2
440 565 -2
440 583 2
440 599 2
440 607 2
440 625 2
440 670 -2
440 695 2
440 532 2
442 475 2
442 630 -2
443 587 -2
445 470 2
445 480 -2
446 517 2
449 469 2
449 616 -2
449 638 -2
450 722 2
451 454 2
451 694 -2
451 626 2
454 467 2
454 476 -2
455 723 -2
456 470 2
456 581 -2
457 492 2
457 592 -2
457 668 -2
458 623 2
459 463 -2
460 468 2
460 622 2
461 779 -2
462 570 -2
462 588 -2
462 638 2
462 706 -2
462 568 -2
462 611 2
462 784 -2
464 757 -2
464 784 -2
464 519 2
464 536 2
465 635 -2
465 765 -2
469 638 -2
471 514 2
471 580 2
473 701 2
473 542 2
473 662 -2
474 522 2
475 630 -2
476 672 -2
477 685 -2
477 767 2
478 756 2
478 770 -2
479 634 -2
479 505 2
479 649 2
479 665 -2
480 565 -2
480 607 2
480 670 -2
480 693 2
480 699 -2
480 748 -2
481 735 -2
482 559 -2
482 541 2
482 677 -2
483 663 2
483 527 2
484 572 -2
485 513 -2
485 729 -2
485 749 2
486 489 -2
486 667 -2
488 521 -2
490 718 2
491 538 -2
491 543 -2
491 642 -2
491 606 2
493 794 -2
493 508 2
495 658 2
495 732 2
497 629 2
497 524 2
498 500 -2
498 666 -2
502 618 -2
503 782 2
504 573 2
504 574 -2
504 656 2
504 743 -2
504 521 -2
504 659 -2
505 518 -2
505 525 2
505 598 -2
505 613 2
505 649 2
505 665 -2
506 653 2
506 604 -2
506 632 -2
506 643 -2
506 646 -2
510 591 2
512 674 2
512 759 2
514 604 2
514 654 -2
514 668 2
515 557 2
516 540 -2
519 575 -2
519 712 -2
520 795 -2
520 585 -2
520 600 -2
520 660 2
520 745 2
521 659 2
522 595 2
522 577 -2
522 683 -2
524 601 -2
526 608 -2
526 645 -2
526 698 2
526 759 -2
527 715 2
528 555 -2
528 679 -2
528 780 2
528 575 -2
530 774 -2
531 598 2
531 535 2
531 558 -2
532 727 -2
534 649 -2
534 702 -2
535 631 2
535 765 2
535 558 -2
537 644 -2
538 543 2
538 617 -2
538 642 -2
538 589 2
538 595 -2
539 569 -2
539 644 2
541 697 2
542 662 2
544 697 -2
545 567 -2
546 783 -2
546 582 -2
546 585 2
546 762 -2
546 788 2
547 763 2
547 764 2
548 557 -2
550 709 -2
553 747 2
554 609 -2
554 693 -2
555 679 2
555 780 2
556 572 2
556 779 -2
556 641 -2
556 669 2
560 587 2
561 627 2
561 634 -2
561 746 -2
561 753 -2
562 603 2
562 738 2
562 766 2
563 738 2
564 666 -2
564 673 -2
565 607 -2
565 625 -2
565 731 2
565 781 -2
566 658 -2
567 605 2
568 796 -2
569 571 2
570 588 2
571 745 2
574 636 -2
574 720 -2
574 743 -2
575 712 -2
576 641 -2
576 747 2
576 748 -2
577 655 -2
580 711 2
581 763 2
585 795 2
585 762 -2
586 792 -2
586 657 2
588 706 -2
588 776 -2
588 661 -2
590 713 -2
592 668 2
592 707 -2
594 797 -2
597 690 2
598 659 -2
598 613 -2
599 695 2
600 619 -2
600 745 2
601 792 2
601 623 2
603 730 2
603 742 -2
603 766 -2
604 668 2
604 643 2
606 681 2
606 736 -2
607 670 -2
608 698 2
609 648 -2
610 735 -2
612 680 2
614 799 2
614 696 -2
620 719 -2
624 686 2
625 704 -2
627 786 2
628 720 -2
628 789 2
631 765 2
631 642 2
631 681 2
631 701 -2
631 783 -2
632 646 2
634 746 -2
634 753 2
635 637 -2
635 671 -2
636 720 2
636 719 -2
637 671 2
639 739 -2
640 661 2
640 749 -2
641 748 -2
645 759 2
646 798 -2
646 671 2
646 744 -2
649 702 2
650 794 2
650 780 2
652 718 -2
652 687 -2
654 726 2
657 678 2
657 771 -2
661 662 -2
661 665 -2
662 799 -2
662 665 -2
662 716 -2
664 758 -2
665 799 2
667 710 2
667 796 2
668 707 -2
671 798 -2
671 744 -2
675 721 -2
676 691 2
678 771 -2
681 736 -2
681 701 -2
681 783 -2
683 761 -2
688 777 2
690 704 -2
691 754 2
692 734 -2
693 699 -2
696 799 -2
696 703 2
700 778 -2
700 795 2
701 783 2
702 742 2
702 771 -2
705 733 2
705 751 2
705 775 2
706 776 2
709 793 2
709 797 -2
711 729 2
728 794 2
728 780 -2
730 744 -2
730 754 2
737 778 2
738 777 2
742 771 -2
762 773 -2
769 787 -2
793 797 2
0 0 -7
1 1 4
2 2 9
3 3 -8
4 4 7
5 5 -15
6 6 1
7 7 4
8 8 1
9 9 -6
10 10 -1
11 11 9
12 12 4
13 13 10
14 14 1
15 15 -7
16 16 -1
18 18 -6
19 19 -4
20 20 -1
21 21 2
22 22 -1
23 23 -2
24 24 -8
25 25 -4
26 26 12
28 28 -7
29 29 1
30 30 -7
31 31 -1
33 33 2
34 34 -8
35 35 4
36 36 2
37 37 -4
38 38 6
39 39 -9
40 40 1
41 41 -5
42 42 5
43 43 2
44 44 3
45 45 -5
46 46 5
47 47 6
48 48 1
49 49 1
50 50 -1
51 51 7
53 53 -1
54 54 7
55 55 6
56 56 1
57 57 2
58 58 4
59 59 -4
60 60 5
61 61 -3
62 62 -5
63 63 -15
64 64 3
65 65 -6
66 66 2
67 67 -7
68 68 2
69 69 -3
70 70 -4
71 71 -2
72 72 2
73 73 6
74 74 2
75 75 2
76 76 7
77 77 -3
78 78 4
79 79 5
80 80 2
81 81 4
82 82 8
83 83 1
84 84 -1
85 85 3
87 87 3
88 88 -2
89 89 -5
90 90 -1
91 91 4
92 92 4
93 93 -2
94 94 1
95 95 5
96 96 -8
97 97 5
98 98 2
99 99 3
100 100 -1
101 101 -3
102 102 -8
103 103 -1
104 104 -4
105 105 2
107 107 3
108 108 2
109 109 -4
110 110 2
111 111 3
112 112 4
113 113 9
114 114 1
115 115 9
116 116 8
117 117 1
118 118 3
119 119 2
120 120 -1
121 121 -1
122 122 -2
124 124 4
125 125 6
127 127 7
128 128 -4
129 129 3
130 130 -2
132 132 -8
133 133 8
134 134 -2
135 135 -7
137 137 10
138 138 1
139 139 7
140 140 2
141 141 5
142 142 5
143 143 5
144 144 -2
145 145 5
146 146 3
147 147 -1
148 148 -1
149 149 -6
150 150 -5
151 151 1
152 152 3
153 153 7
154 154 5
155 155 -5
156 156 5
157 157 7
158 158 3
159 159 1
160 160 1
161 161 -2
162 162 -4
163 163 1
164 164 2
165 165 -5
166 166 4
167 167 -1
168 168 -2
169 169 -4
170 170 3
171 171 1
172 172 6
174 174 -2
175 175 -2
176 176 4
177 177 3
178 178 5
179 179 5
180 180 -1
181 181 -2
182 182 -4
184 184 -2
185 185 4
187 187 1
188 188 -6
189 189 5
190 190 -1
191 191 -1
192 192 1
194 194 9
195 195 1
196 196 -1
197 197 1
198 198 4
199 199 -1
200 200 -4
201 201 -5
202 202 5
203 203 2
204 204 -1
205 205 -5
206 206 -2
207 207 3
208 208 3
209 209 1
210 210 4
211 211 -1
212 212 -1
213 213 2
215 215 3
216 216 -1
217 217 -2
219 219 5
220 220 -6
221 221 -7
222 222 4
223 223 -3
224 224 3
225 225 1
226 226 -6
227 227 -1
228 228 2
229 229 4
230 230 2
231 231 -2
232 232 3
233 233 -6
234 234 6
235 235 -2
236 236 1
237 237 3
238 238 -8
239 239 -1
240 240 1
241 241 -2
242 242 2
243 243 -2
244 244 -1
245 245 -5
246 246 -2
247 247 -3
248 248 -1
249 249 -1
251 251 -4
253 253 1
254 254 5
255 255 -7
257 257 6
258 258 2
259 259 3
260 260 -2
261 261 3
262 262 -3
263 263 -3
264 264 -2
265 265 -1
266 266 1
267 267 -3
268 268 3
269 269 1
270 270 3
271 271 -2
272 272 -4
273 273 4
274 274 3
275 275 5
276 276 5
277 277 4
278 278 3
279 279 -1
281 281 -2
282 282 -6
283 283 1
284 284 -4
285 285 -2
286 286 3
287 287 -4
288 288 -7
289 289 -2
290 290 -4
291 291 -2
292 292 1
293 293 -3
297 297 7
298 298 1
300 300 -3
301 301 7
302 302 -2
303 303 -5
304 304 -5
305 305 -3
306 306 -1
307 307 4
308 308 -1
309 309 4
310 310 1
313 313 6
314 314 3
315 315 -1
316 316 -3
317 317 4
319 319 1
320 320 2
321 321 -1
322 322 5
323 323 2
324 324 4
326 326 -1
327 327 -1
328 328 -1
329 329 -1
330 330 3
331 331 3
332 332 -5
333 333 2
334 334 -3
335 335 5
336 336 -3
338 338 -4
340 340 -1
341 341 -5
342 342 -3
343 343 -3
344 344 2
345 345 -2
346 346 2
349 349 -2
350 350 -7
351 351 1
352 352 -1
353 353 1
354 354 8
355 355 -1
356 356 2
357 357 -3
358 358 2
359 359 -1
360 360 -4
362 362 -1
363 363 -4
364 364 4
365 365 2
367 367 5
368 368 -2
369 369 1
370 370 8
371 371 3
372 372 -1
373 373 5
375 375 -5
376 376 1
378 378 -4
380 380 2
382 382 1
383 383 7
384 384 2
385 385 -3
386 386 -6
387 387 5
388 388 -7
389 389 -5
390 390 -11
391 391 -2
392 392 -3
393 393 2
394 394 -6
395 395 2
396 396 -2
397 397 -2
398 398 2
400 400 -2
401 401 1
402 402 5
404 404 -3
405 405 -3
406 406 -3
407 407 -1
409 409 -2
410 410 2
411 411 3
412 412 -2
413 413 4
414 414 2
415 415 1
416 416 -6
417 417 -1
418 418 -2
421 421 -5
423 423 2
424 424 2
425 425 6
427 427 -8
428 428 -2
429 429 1
431 431 -2
432 432 -3
433 433 -1
434 434 4
435 435 3
436 436 2
437 437 -2
439 439 -5
440 440 -3
441 441 -4
442 442 -4
443 443 1
444 444 4
445 445 -2
446 446 1
447 447 1
448 448 -4
449 449 3
450 450 -5
451 451 -1
452 452 -2
453 453 2
455 455 4
456 456 -2
457 457 2
458 458 3
459 459 1
460 460 -2
461 461 -1
462 462 5
464 464 -2
466 466 4
467 467 -2
468 468 -2
469 469 -1
470 470 -2
471 471 -4
472 472 -2
473 473 -1
474 474 -1
475 475 -3
476 476 3
477 477 -4
479 479 3
480 480 4
481 481 5
482 482 1
483 483 -3
484 484 -1
485 485 1
487 487 -4
488 488 -3
489 489 2
490 490 -1
491 491 4
492 492 2
494 494 3
495 495 -4
498 498 6
499 499 2
500 500 -2
501 501 2
502 502 -3
503 503 1
504 504 4
505 505 -4
506 506 7
508 508 -4
510 510 -2
511 511 1
512 512 -2
513 513 -2
514 514 1
515 515 1
516 516 -3
517 517 2
518 518 4
520 520 -1
521 521 -1
522 522 1
523 523 2
524 524 -3
526 526 2
527 527 -1
528 528 2
529 529 1
530 530 -1
531 531 -1
532 532 -5
533 533 -2
534 534 2
535 535 -5
537 537 1
538 538 5
539 539 4
540 540 2
541 541 -3
542 542 1
543 543 2
544 544 3
545 545 1
546 546 -1
547 547 -6
548 548 1
549 549 -2
550 550 -1
552 552 2
553 553 1
554 554 4
555 555 2
556 556 -3
557 557 2
559 559 2
560 560 -4
562 562 1
563 563 -3
564 564 4
565 565 2
566 566 1
567 567 3
568 568 3
569 569 3
570 570 2
571 571 -1
572 572 2
573 573 -4
574 574 5
575 575 3
576 576 -1
577 577 4
579 579 -2
580 580 -3
581 581 -3
582 582 -2
583 583 -2
584 584 -2
586 586 2
587 587 2
588 588 5
589 589 -4
590 590 3
591 591 1
592 592 3
593 593 -2
594 594 2
595 595 2
596 596 -2
597 597 -3
598 598 -2
599 599 -7
601 601 -2
603 603 -1
604 604 -2
605 605 -2
606 606 -6
607 607 1
608 608 2
609 609 3
610 610 4
611 611 -4
612 612 -4
613 613 -2
614 614 2
615 615 -4
616 616 2
617 617 -4
618 618 4
619 619 2
624 624 1
625 625 -3
626 626 -4
627 627 -3
629 629 -2
630 630 4
631 631 -1
632 632 -2
633 633 -2
634 634 -2
635 635 4
636 636 2
637 637 1
639 639 5
640 640 2
641 641 5
644 644 -2
645 645 -3
646 646 -1
647 647 2
648 648 2
649 649 -3
650 650 -2
651 651 2
652 652 2
653 653 2
654 654 -1
655 655 2
656 656 -4
657 657 3
658 658 -1
660 660 -4
661 661 2
662 662 1
663 663 4
664 664 -3
665 665 3
666 666 -2
668 668 -3
669 669 -2
670 670 2
672 672 -1
675 675 3
676 676 -7
677 677 2
678 678 -3
679 679 2
680 680 2
681 681 3
683 683 3
684 684 2
686 686 -4
687 687 -2
688 688 3
689 689 -2
690 690 5
691 691 -1
692 692 1
693 693 -1
694 694 2
695 695 -4
696 696 2
699 699 -1
700 700 2
701 701 -1
702 702 -1
703 703 2
704 704 -1
705 705 -5
706 706 -1
707 707 -2
708 708 -4
709 709 4
710 710 -2
711 711 1
712 712 2
714 714 -4
715 715 -2
716 716 2
717 717 -2
718 718 2
719 719 4
721 721 2
723 723 2
725 725 3
726 726 -3
727 727 -2
728 728 3
729 729 -2
730 730 4
731 731 -2
732 732 3
733 733 -3
734 734 4
736 736 -2
737 737 -1
738 738 -3
739 739 4
740 740 2
742 742 1
743 743 4
744 744 2
745 745 -4
746 746 4
747 747 -2
748 748 2
749 749 4
750 750 -2
751 751 2
753 753 1
754 754 -2
755 755 -2
756 756 -2
757 757 4
758 758 -2
759 759 -2
760 760 4
761 761 2
762 762 3
763 763 -2
764 764 -2
766 766 -4
769 769 -1
770 770 4
771 771 4
772 772 -4
773 773 4
774 774 2
775 775 -2
777 777 -3
778 778 -2
779 779 4
781 781 6
782 782 -2
783 783 2
784 784 4
785 785 -2
786 786 -2
788 788 2
789 789 -2
790 790 -4
791 791 -4
792 792 2
793 793 -5
794 794 1
795 795 -4
797 797 2
799 799 2