2000 5281 -4 4
0 1980 2
0 20 2
0 19 2
0 1 -2
1 1981 -2
1 21 2
1 2 2
2 1982 -2
2 22 2
2 3 -2
3 1983 2
3 23 2
3 4 2
4 1984 2
4 24 2
4 5 2
5 1985 2
5 25 2
5 6 2
6 1986 2
6 26 -2
6 7 2
7 1987 -2
7 27 2
7 8 -2
8 1988 2
8 28 -2
8 9 2
9 1989 2
9 29 2
9 10 2
10 1990 -2
10 30 -2
10 11 -2
11 1991 2
11 31 2
11 12 2
12 1992 2
12 32 2
12 13 -2
13 1993 2
13 33 2
13 14 -2
14 1994 -2
14 34 2
14 15 2
15 1995 2
15 35 2
15 16 2
16 1996 -2
16 36 2
16 17 -2
17 1997 -2
17 37 2
17 18 2
18 1998 2
18 38 2
18 19 2
19 1999 2
19 39 -2
20 40 2
20 39 -2
20 21 2
21 41 -2
21 22 2
22 42 -2
22 23 -2
23 43 2
23 24 2
24 44 -2
24 25 -2
25 45 -2
25 26 2
26 46 -2
26 27 -2
27 47 -2
27 28 2
28 48 -2
28 29 2
29 49 -2
29 30 -2
30 50 -2
30 31 2
31 51 -2
31 32 -2
32 52 2
32 33 2
33 53 2
33 34 2
34 54 2
34 35 2
35 55 -2
35 36 -2
36 56 2
36 37 2
37 57 2
37 38 -2
38 58 2
38 39 2
39 59 -2
40 60 -2
40 59 -2
40 41 -2
41 61 -2
41 42 2
42 62 -2
42 43 -2
43 63 2
43 44 2
44 64 -2
44 45 -2
45 65 -2
45 46 2
46 66 -2
46 47 -2
47 67 -2
47 48 -2
48 68 2
48 49 -2
49 69 2
49 50 -2
50 70 2
50 51 -2
51 71 2
51 52 -2
52 72 2
52 53 -2
53 73 2
53 54 2
54 74 -2
54 55 2
55 75 2
55 56 -2
56 76 2
56 57 2
57 77 2
57 58 -2
58 78 2
58 59 -2
59 79 2
60 80 -2
60 79 -2
60 61 -2
61 81 -2
61 62 -2
62 82 2
62 63 2
63 83 -2
63 64 -2
64 84 2
64 65 -2
65 85 -2
65 66 2
66 86 -2
66 67 2
67 87 -2
67 68 -2
68 88 -2
68 69 2
69 89 2
69 70 -2
70 90 -2
70 71 -2
71 91 2
71 72 2
72 92 2
72 73 2
73 93 2
73 74 -2
74 94 2
74 75 -2
75 95 -2
75 76 2
76 96 -2
76 77 -2
77 97 -2
77 78 -2
78 98 2
78 79 2
79 99 2
80 100 -2
80 99 2
80 81 2
81 101 2
81 82 -2
82 102 2
82 83 2
83 103 2
83 84 2
84 104 2
84 85 2
85 105 -2
85 86 -2
86 106 2
86 87 -2
87 107 -2
87 88 -2
88 108 -2
88 89 2
89 109 -2
89 90 2
90 110 2
90 91 -2
91 111 2
91 92 2
92 112 2
92 93 -2
93 113 -2
93 94 -2
94 114 -2
94 95 -2
95 115 2
95 96 -2
96 116 -2
96 97 -2
97 117 -2
97 98 2
98 118 2
98 99 2
99 119 2
100 120 2
100 119 2
100 101 2
101 121 -2
101 102 -2
102 122 -2
102 103 2
103 123 -2
103 104 2
104 124 -2
104 105 -2
105 125 -2
105 106 -2
106 126 2
106 107 2
107 127 2
107 108 -2
108 128 2
108 109 2
109 129 2
109 110 -2
110 130 -2
110 111 -2
111 131 -2
111 112 -2
112 132 -2
112 113 -2
113 133 -2
113 114 2
114 134 -2
114 115 2
115 135 2
115 116 2
116 136 -2
116 117 -2
117 137 -2
117 118 2
118 138 -2
118 119 -2
119 139 2
120 140 2
120 139 -2
120 121 -2
121 141 2
121 122 2
122 142 2
122 123 2
123 143 2
123 124 2
124 144 2
124 125 -2
125 145 -2
125 126 -2
126 146 -2
126 127 -2
127 147 2
127 128 2
128 148 -2
128 129 -2
129 149 2
129 130 -2
130 150 2
130 131 -2
131 151 2
131 132 2
132 152 -2
132 133 -2
133 153 2
133 134 -2
134 154 2
134 135 2
135 155 2
135 136 2
136 156 2
136 137 -2
137 157 -2
137 138 -2
138 158 -2
138 139 2
139 159 -2
140 160 -2
140 159 2
140 141 -2
141 161 2
141 142 -2
142 162 -2
142 143 -2
143 163 -2
143 144 2
144 164 -2
144 145 -2
145 165 2
145 146 2
146 166 -2
146 147 -2
147 167 2
147 148 -2
148 168 -2
148 149 2
149 169 -2
149 150 -2
150 170 -2
150 151 2
151 171 -2
151 152 -2
152 172 2
152 153 -2
153 173 -2
153 154 -2
154 174 2
154 155 -2
155 175 -2
155 156 -2
156 176 -2
156 157 -2
157 177 -2
157 158 2
158 178 2
158 159 -2
159 179 -2
160 180 -2
160 179 2
160 161 -2
161 181 -2
161 162 2
162 182 -2
162 163 2
163 183 2
163 164 2
164 184 -2
164 165 -2
165 185 2
165 166 2
166 186 2
166 167 2
167 187 2
167 168 -2
168 188 -2
168 169 2
169 189 -2
169 170 -2
170 190 2
170 171 2
171 191 2
171 172 -2
172 192 2
172 173 2
173 193 -2
173 174 -2
174 194 2
174 175 -2
175 195 -2
175 176 -2
176 196 -2
176 177 -2
177 197 2
177 178 2
178 198 -2
178 179 2
179 199 2
180 200 2
180 199 -2
180 181 -2
181 201 -2
181 182 2
182 202 2
182 183 2
183 203 2
183 184 -2
184 204 -2
184 185 2
185 205 -2
185 186 -2
186 206 2
186 187 2
187 207 -2
187 188 -2
188 208 2
188 189 2
189 209 -2
189 190 2
190 210 2
190 191 2
191 211 -2
191 192 -2
192 212 -2
192 193 2
193 213 -2
193 194 -2
194 214 2
194 195 2
195 215 2
195 196 -2
196 216 -2
196 197 2
197 217 2
197 198 2
198 218 2
198 199 2
199 219 -2
200 220 2
200 219 2
200 201 2
201 221 2
201 202 2
202 222 -2
202 203 -2
203 223 2
203 204 -2
204 224 -2
204 205 -2
205 225 2
205 206 2
206 226 -2
206 207 -2
207 227 2
207 208 -2
208 228 2
208 209 2
209 229 2
209 210 2
210 230 -2
210 211 2
211 231 -2
211 212 -2
212 232 2
212 213 -2
213 233 -2
213 214 2
214 234 2
214 215 -2
215 235 2
215 216 2
216 236 -2
216 217 2
217 237 2
217 218 -2
218 238 2
218 219 2
219 239 2
220 240 2
220 239 2
220 221 -2
221 241 -2
221 222 -2
222 242 2
222 223 -2
223 243 -2
223 224 -2
224 244 -2
224 225 -2
225 245 -2
225 226 -2
226 246 -2
226 227 -2
227 247 2
227 228 -2
228 248 2
228 229 2
229 249 -2
229 230 2
230 250 -2
230 231 2
231 251 2
231 232 2
232 252 -2
232 233 -2
233 253 -2
233 234 2
234 254 -2
234 235 2
235 255 -2
235 236 -2
236 256 2
236 237 2
237 257 2
237 238 -2
238 258 2
238 239 2
239 259 2
240 260 -2
240 259 2
240 241 2
241 261 2
241 242 -2
242 262 -2
242 243 -2
243 263 -2
243 244 2
244 264 -2
244 245 -2
245 265 -2
245 246 2
246 266 2
246 247 2
247 267 -2
247 248 -2
248 268 2
248 249 -2
249 269 -2
249 250 -2
250 270 -2
250 251 2
251 271 2
251 252 2
252 272 2
252 253 2
253 273 -2
253 254 2
254 274 -2
254 255 2
255 275 2
255 256 2
256 276 2
256 257 2
257 277 -2
257 258 -2
258 278 -2
258 259 -2
259 279 2
260 280 2
260 279 2
260 261 -2
261 281 -2
261 262 2
262 282 -2
262 263 2
263 283 2
263 264 2
264 284 2
264 265 -2
265 285 -2
265 266 -2
266 286 2
266 267 2
267 287 2
267 268 2
268 288 2
268 269 2
269 289 -2
269 270 2
270 290 -2
270 271 2
271 291 2
271 272 -2
272 292 -2
272 273 -2
273 293 2
273 274 2
274 294 2
274 275 -2
275 295 2
275 276 -2
276 296 -2
276 277 2
277 297 -2
277 278 2
278 298 -2
278 279 -2
279 299 2
280 300 -2
280 299 -2
280 281 -2
281 301 -2
281 282 2
282 302 -2
282 283 2
283 303 -2
283 284 -2
284 304 -2
284 285 -2
285 305 -2
285 286 -2
286 306 -2
286 287 -2
287 307 2
287 288 2
288 308 -2
288 289 2
289 309 -2
289 290 2
290 310 2
290 291 2
291 311 -2
291 292 2
292 312 2
292 293 2
293 313 2
293 294 -2
294 314 2
294 295 -2
295 315 -2
295 296 2
296 316 2
296 297 -2
297 317 2
297 298 2
298 318 2
298 299 -2
299 319 2
300 320 2
300 319 -2
300 301 -2
301 321 2
301 302 -2
302 322 2
302 303 -2
303 323 2
303 304 -2
304 324 2
304 305 2
305 325 2
305 306 2
306 326 -2
306 307 2
307 327 2
307 308 -2
308 328 -2
308 309 -2
309 329 -2
309 310 2
310 330 -2
310 311 2
311 331 2
311 312 2
312 332 -2
312 313 2
313 333 -2
313 314 2
314 334 2
314 315 2
315 335 2
315 316 -2
316 336 -2
316 317 2
317 337 -2
317 318 2
318 338 -2
318 319 -2
319 339 2
320 340 -2
320 339 -2
320 321 -2
321 341 2
321 322 2
322 342 -2
322 323 -2
323 343 -2
323 324 -2
324 344 2
324 325 2
325 345 2
325 326 2
326 346 2
326 327 2
327 347 2
327 328 -2
328 348 -2
328 329 -2
329 349 -2
329 330 -2
330 350 -2
330 331 2
331 351 -2
331 332 2
332 352 2
332 333 2
333 353 2
333 334 -2
334 354 -2
334 335 -2
335 355 2
335 336 2
336 356 2
336 337 -2
337 357 -2
337 338 -2
338 358 2
338 339 -2
339 359 -2
340 360 -2
340 359 -2
340 341 2
341 361 -2
341 342 2
342 362 -2
342 343 -2
343 363 -2
343 344 -2
344 364 -2
344 345 -2
345 365 -2
345 346 -2
346 366 2
346 347 2
347 367 2
347 348 2
348 368 2
348 349 -2
349 369 2
349 350 -2
350 370 2
350 351 2
351 371 2
351 352 -2
352 372 -2
352 353 -2
353 373 2
353 354 -2
354 374 2
354 355 2
355 375 2
355 356 2
356 376 -2
356 357 2
357 377 -2
357 358 2
358 378 -2
358 359 -2
359 379 2
360 380 2
360 379 2
360 361 2
361 381 -2
361 362 -2
362 382 2
362 363 2
363 383 2
363 364 2
364 384 2
364 365 2
365 385 -2
365 366 2
366 386 -2
366 367 -2
367 387 2
367 368 2
368 388 -2
368 369 2
369 389 -2
369 370 2
370 390 2
370 371 -2
371 391 -2
371 372 -2
372 392 -2
372 373 -2
373 393 -2
373 374 -2
374 394 -2
374 375 2
375 395 -2
375 376 2
376 396 2
376 377 -2
377 397 -2
377 378 2
378 398 2
378 379 2
379 399 -2
380 400 2
380 399 -2
380 381 2
381 401 -2
381 382 -2
382 402 -2
382 383 -2
383 403 -2
383 384 -2
384 404 2
384 385 -2
385 405 2
385 386 -2
386 406 2
386 387 -2
387 407 2
387 388 -2
388 408 2
388 389 2
389 409 -2
389 390 -2
390 410 -2
390 391 -2
391 411 -2
391 392 2
392 412 -2
392 393 -2
393 413 -2
393 394 2
394 414 2
394 395 2
395 415 2
395 396 -2
396 416 -2
396 397 -2
397 417 -2
397 398 -2
398 418 2
398 399 2
399 419 -2
400 420 2
400 419 -2
400 401 2
401 421 -2
401 402 -2
402 422 -2
402 403 2
403 423 2
403 404 -2
404 424 2
404 405 -2
405 425 2
405 406 -2
406 426 2
406 407 2
407 427 2
407 408 -2
408 428 2
408 409 2
409 429 -2
409 410 -2
410 430 2
410 411 -2
411 431 -2
411 412 -2
412 432 -2
412 413 2
413 433 -2
413 414 -2
414 434 2
414 415 2
415 435 -2
415 416 2
416 436 2
416 417 -2
417 437 -2
417 418 2
418 438 -2
418 419 2
419 439 -2
420 440 -2
420 439 -2
420 421 2
421 441 -2
421 422 -2
422 442 2
422 423 -2
423 443 -2
423 424 2
424 444 -2
424 425 -2
425 445 -2
425 426 2
426 446 2
426 427 -2
427 447 -2
427 428 -2
428 448 -2
428 429 -2
429 449 -2
429 430 -2
430 450 -2
430 431 2
431 451 2
431 432 2
432 452 -2
432 433 2
433 453 2
433 434 -2
434 454 2
434 435 2
435 455 2
435 436 2
436 456 2
436 437 -2
437 457 2
437 438 2
438 458 2
438 439 -2
439 459 -2
440 460 2
440 459 2
440 441 -2
441 461 -2
441 442 -2
442 462 2
442 443 -2
443 463 2
443 444 -2
444 464 -2
444 445 -2
445 465 2
445 446 2
446 466 -2
446 447 -2
447 467 2
447 448 -2
448 468 -2
448 449 -2
449 469 2
449 450 -2
450 470 2
450 451 -2
451 471 -2
451 452 2
452 472 -2
452 453 -2
453 473 -2
453 454 2
454 474 -2
454 455 -2
455 475 -2
455 456 2
456 476 -2
456 457 2
457 477 -2
457 458 2
458 478 2
458 459 2
459 479 2
460 480 -2
460 479 2
460 461 -2
461 481 2
461 462 -2
462 482 -2
462 463 2
463 483 2
463 464 -2
464 484 2
464 465 -2
465 485 -2
465 466 2
466 486 2
466 467 2
467 487 2
467 468 2
468 488 2
468 469 2
469 489 -2
469 470 2
470 490 -2
470 471 -2
471 491 -2
471 472 -2
472 492 -2
472 473 2
473 493 2
473 474 2
474 494 2
474 475 -2
475 495 -2
475 476 2
476 496 2
476 477 2
477 497 2
477 478 -2
478 498 2
478 479 2
479 499 -2
480 500 -2
480 499 2
480 481 2
481 501 -2
481 482 -2
482 502 -2
482 483 2
483 503 -2
483 484 -2
484 504 2
484 485 2
485 505 2
485 486 -2
486 506 2
486 487 -2
487 507 2
487 488 -2
488 508 2
488 489 2
489 509 -2
489 490 -2
490 510 -2
490 491 2
491 511 -2
491 492 -2
492 512 -2
492 493 2
493 513 2
493 494 2
494 514 2
494 495 2
495 515 -2
495 496 -2
496 516 -2
496 497 2
497 517 -2
497 498 2
498 518 -2
498 499 2
499 519 2
500 520 2
500 519 2
500 501 -2
501 521 -2
501 502 -2
502 522 2
502 503 -2
503 523 -2
503 504 2
504 524 -2
504 505 2
505 525 -2
505 506 -2
506 526 -2
506 507 -2
507 527 2
507 508 2
508 528 2
508 509 2
509 529 2
509 510 2
510 530 -2
510 511 2
511 531 2
511 512 2
512 532 -2
512 513 2
513 533 2
513 514 -2
514 534 -2
514 515 2
515 535 -2
515 516 2
516 536 -2
516 517 -2
517 537 2
517 518 2
518 538 -2
518 519 -2
519 539 -2
520 540 2
520 539 -2
520 521 2
521 541 2
521 522 -2
522 542 2
522 523 2
523 543 2
523 524 -2
524 544 2
524 525 -2
525 545 2
525 526 2
526 546 -2
526 527 -2
527 547 -2
527 528 -2
528 548 2
528 529 -2
529 549 2
529 530 2
530 550 2
530 531 -2
531 551 -2
531 532 2
532 552 2
532 533 -2
533 553 -2
533 534 2
534 554 -2
534 535 2
535 555 2
535 536 -2
536 556 -2
536 537 -2
537 557 -2
537 538 2
538 558 2
538 539 2
539 559 2
540 560 -2
540 559 -2
540 541 -2
541 561 2
541 542 -2
542 562 2
542 543 2
543 563 2
543 544 -2
544 564 2
544 545 -2
545 565 -2
545 546 -2
546 566 -2
546 547 2
547 567 -2
547 548 2
548 568 -2
548 549 -2
549 569 2
549 550 2
550 570 -2
550 551 2
551 571 -2
551 552 -2
552 572 2
552 553 2
553 573 2
553 554 -2
554 574 -2
554 555 2
555 575 -2
555 556 -2
556 576 2
556 557 2
557 577 2
557 558 -2
558 578 -2
558 559 2
559 579 2
560 580 2
560 579 2
560 561 2
561 581 2
561 562 -2
562 582 2
562 563 -2
563 583 -2
563 564 2
564 584 2
564 565 -2
565 585 -2
565 566 -2
566 586 -2
566 567 -2
567 587 2
567 568 -2
568 588 -2
568 569 2
569 589 -2
569 570 -2
570 590 2
570 571 2
571 591 -2
571 572 -2
572 592 -2
572 573 2
573 593 2
573 574 2
574 594 2
574 575 2
575 595 2
575 576 2
576 596 2
576 577 -2
577 597 2
577 578 -2
578 598 2
578 579 2
579 599 2
580 600 -2
580 599 -2
580 581 -2
581 601 -2
581 582 2
582 602 -2
582 583 -2
583 603 -2
583 584 2
584 604 -2
584 585 2
585 605 2
585 586 2
586 606 -2
586 587 2
587 607 -2
587 588 2
588 608 2
588 589 2
589 609 -2
589 590 -2
590 610 -2
590 591 2
591 611 2
591 592 2
592 612 2
592 593 2
593 613 -2
593 594 2
594 614 2
594 595 -2
595 615 -2
595 596 2
596 616 2
596 597 -2
597 617 2
597 598 2
598 618 -2
598 599 -2
599 619 2
600 620 2
600 619 -2
600 601 -2
601 621 2
601 602 -2
602 622 -2
602 603 2
603 623 -2
603 604 2
604 624 -2
604 605 -2
605 625 2
605 606 -2
606 626 2
606 607 2
607 627 -2
607 608 2
608 628 -2
608 609 -2
609 629 2
609 610 -2
610 630 2
610 611 -2
611 631 2
611 612 2
612 632 2
612 613 2
613 633 -2
613 614 2
614 634 2
614 615 -2
615 635 2
615 616 -2
616 636 -2
616 617 2
617 637 2
617 618 2
618 638 -2
618 619 -2
619 639 -2
620 640 2
620 639 -2
620 621 -2
621 641 -2
621 622 2
622 642 2
622 623 2
623 643 2
623 624 2
624 644 2
624 625 -2
625 645 -2
625 626 2
626 646 -2
626 627 2
627 647 2
627 628 2
628 648 -2
628 629 -2
629 649 2
629 630 2
630 650 -2
630 631 -2
631 651 2
631 632 -2
632 652 -2
632 633 -2
633 653 2
633 634 -2
634 654 2
634 635 2
635 655 -2
635 636 -2
636 656 2
636 637 2
637 657 2
637 638 2
638 658 -2
638 639 -2
639 659 -2
640 660 2
640 659 -2
640 641 2
641 661 2
641 642 2
642 662 2
642 643 -2
643 663 -2
643 644 -2
644 664 -2
644 645 2
645 665 2
645 646 2
646 666 -2
646 647 2
647 667 2
647 648 -2
648 668 2
648 649 -2
649 669 -2
649 650 -2
650 670 -2
650 651 -2
651 671 2
651 652 2
652 672 -2
652 653 -2
653 673 2
653 654 2
654 674 -2
654 655 -2
655 675 2
655 656 -2
656 676 2
656 657 2
657 677 -2
657 658 -2
658 678 2
658 659 -2
659 679 -2
660 680 -2
660 679 -2
660 661 2
661 681 2
661 662 2
662 682 2
662 663 2
663 683 -2
663 664 -2
664 684 -2
664 665 -2
665 685 -2
665 666 2
666 686 2
666 667 2
667 687 -2
667 668 -2
668 688 2
668 669 -2
669 689 2
669 670 -2
670 690 2
670 671 2
671 691 -2
671 672 -2
672 692 -2
672 673 -2
673 693 2
673 674 -2
674 694 -2
674 675 2
675 695 -2
675 676 2
676 696 2
676 677 -2
677 697 -2
677 678 2
678 698 -2
678 679 2
679 699 -2
680 700 -2
680 699 -2
680 681 2
681 701 -2
681 682 2
682 702 -2
682 683 -2
683 703 -2
683 684 -2
684 704 -2
684 685 -2
685 705 -2
685 686 -2
686 706 -2
686 687 -2
687 707 2
687 688 2
688 708 2
688 689 -2
689 709 -2
689 690 2
690 710 -2
690 691 -2
691 711 2
691 692 -2
692 712 -2
692 693 -2
693 713 2
693 694 2
694 714 -2
694 695 2
695 715 -2
695 696 2
696 716 2
696 697 -2
697 717 -2
697 698 2
698 718 -2
698 699 -2
699 719 2
700 720 2
700 719 -2
700 701 2
701 721 2
701 702 -2
702 722 2
702 703 -2
703 723 2
703 704 -2
704 724 2
704 705 2
705 725 -2
705 706 2
706 726 -2
706 707 2
707 727 2
707 708 -2
708 728 2
708 709 -2
709 729 -2
709 710 2
710 730 2
710 711 -2
711 731 2
711 712 -2
712 732 -2
712 713 2
713 733 2
713 714 -2
714 734 -2
714 715 -2
715 735 -2
715 716 2
716 736 2
716 717 2
717 737 2
717 718 2
718 738 2
718 719 2
719 739 2
720 740 -2
720 739 -2
720 721 -2
721 741 2
721 722 2
722 742 2
722 723 -2
723 743 2
723 724 -2
724 744 -2
724 725 2
725 745 2
725 726 -2
726 746 -2
726 727 2
727 747 2
727 728 -2
728 748 2
728 729 2
729 749 -2
729 730 2
730 750 2
730 731 -2
731 751 2
731 732 -2
732 752 -2
732 733 2
733 753 2
733 734 -2
734 754 -2
734 735 -2
735 755 2
735 736 -2
736 756 -2
736 737 -2
737 757 -2
737 738 2
738 758 2
738 739 -2
739 759 2
740 760 -2
740 759 -2
740 741 2
741 761 2
741 742 -2
742 762 -2
742 743 2
743 763 2
743 744 2
744 764 2
744 745 2
745 765 -2
745 746 -2
746 766 2
746 747 2
747 767 2
747 748 2
748 768 -2
748 749 -2
749 769 2
749 750 -2
750 770 2
750 751 2
751 771 2
751 752 -2
752 772 2
752 753 -2
753 773 2
753 754 -2
754 774 -2
754 755 2
755 775 -2
755 756 -2
756 776 -2
756 757 -2
757 777 2
757 758 2
758 778 -2
758 759 -2
759 779 2
760 780 -2
760 779 2
760 761 -2
761 781 2
761 762 -2
762 782 -2
762 763 -2
763 783 2
763 764 2
764 784 2
764 765 2
765 785 2
765 766 -2
766 786 -2
766 767 -2
767 787 -2
767 768 2
768 788 2
768 769 2
769 789 2
769 770 -2
770 790 2
770 771 2
771 791 2
771 772 -2
772 792 -2
772 773 2
773 793 2
773 774 -2
774 794 -2
774 775 2
775 795 2
775 776 2
776 796 2
776 777 2
777 797 -2
777 778 2
778 798 -2
778 779 2
779 799 -2
780 800 2
780 799 -2
780 781 -2
781 801 2
781 782 -2
782 802 -2
782 783 -2
783 803 -2
783 784 2
784 804 2
784 785 2
785 805 2
785 786 2
786 806 2
786 787 2
787 807 -2
787 788 2
788 808 2
788 789 2
789 809 -2
789 790 -2
790 810 -2
790 791 -2
791 811 2
791 792 -2
792 812 2
792 793 2
793 813 2
793 794 -2
794 814 -2
794 795 2
795 815 2
795 796 -2
796 816 -2
796 797 -2
797 817 -2
797 798 2
798 818 2
798 799 -2
799 819 -2
800 820 -2
800 819 2
800 801 -2
801 821 -2
801 802 -2
802 822 -2
802 803 2
803 823 -2
803 804 2
804 824 -2
804 805 -2
805 825 2
805 806 -2
806 826 -2
806 807 2
807 827 -2
807 808 2
808 828 2
808 809 2
809 829 -2
809 810 -2
810 830 -2
810 811 2
811 831 -2
811 812 -2
812 832 -2
812 813 2
813 833 -2
813 814 -2
814 834 2
814 815 -2
815 835 2
815 816 -2
816 836 -2
816 817 2
817 837 2
817 818 2
818 838 2
818 819 -2
819 839 -2
820 840 -2
820 839 2
820 821 -2
821 841 -2
821 822 -2
822 842 2
822 823 2
823 843 -2
823 824 -2
824 844 -2
824 825 -2
825 845 2
825 826 -2
826 846 -2
826 827 -2
827 847 -2
827 828 2
828 848 2
828 829 2
829 849 2
829 830 2
830 850 2
830 831 2
831 851 -2
831 832 2
832 852 -2
832 833 2
833 853 -2
833 834 -2
834 854 -2
834 835 -2
835 855 -2
835 836 -2
836 856 -2
836 837 -2
837 857 -2
837 838 2
838 858 -2
838 839 -2
839 859 -2
840 860 -2
840 859 2
840 841 2
841 861 2
841 842 -2
842 862 -2
842 843 2
843 863 2
843 844 -2
844 864 -2
844 845 2
845 865 2
845 846 -2
846 866 -2
846 847 -2
847 867 2
847 848 -2
848 868 -2
848 849 2
849 869 2
849 850 2
850 870 2
850 851 -2
851 871 2
851 852 -2
852 872 -2
852 853 2
853 873 -2
853 854 2
854 874 -2
854 855 -2
855 875 2
855 856 -2
856 876 2
856 857 -2
857 877 -2
857 858 2
858 878 -2
858 859 -2
859 879 2
860 880 2
860 879 -2
860 861 2
861 881 2
861 862 -2
862 882 -2
862 863 -2
863 883 2
863 864 -2
864 884 -2
864 865 -2
865 885 -2
865 866 2
866 886 -2
866 867 -2
867 887 -2
867 868 2
868 888 -2
868 869 2
869 889 2
869 870 -2
870 890 -2
870 871 -2
871 891 2
871 872 -2
872 892 -2
872 873 2
873 893 2
873 874 2
874 894 2
874 875 -2
875 895 2
875 876 2
876 896 2
876 877 -2
877 897 2
877 878 2
878 898 2
878 879 -2
879 899 -2
880 900 2
880 899 -2
880 881 2
881 901 2
881 882 -2
882 902 2
882 883 2
883 903 2
883 884 -2
884 904 2
884 885 -2
885 905 2
885 886 2
886 906 2
886 887 2
887 907 2
887 888 2
888 908 -2
888 889 2
889 909 -2
889 890 -2
890 910 2
890 891 2
891 911 -2
891 892 2
892 912 2
892 893 2
893 913 -2
893 894 -2
894 914 2
894 895 -2
895 915 2
895 896 2
896 916 2
896 897 2
897 917 2
897 898 -2
898 918 2
898 899 -2
899 919 2
900 920 2
900 919 -2
900 901 -2
901 921 -2
901 902 -2
902 922 -2
902 903 -2
903 923 -2
903 904 -2
904 924 -2
904 905 -2
905 925 -2
905 906 -2
906 926 -2
906 907 2
907 927 2
907 908 2
908 928 2
908 909 -2
909 929 2
909 910 -2
910 930 2
910 911 2
911 931 2
911 912 2
912 932 2
912 913 2
913 933 2
913 914 2
914 934 -2
914 915 2
915 935 2
915 916 2
916 936 -2
916 917 2
917 937 2
917 918 2
918 938 -2
918 919 2
919 939 -2
920 940 2
920 939 -2
920 921 2
921 941 2
921 922 2
922 942 -2
922 923 -2
923 943 2
923 924 -2
924 944 -2
924 925 2
925 945 2
925 926 2
926 946 -2
926 927 -2
927 947 2
927 928 -2
928 948 -2
928 929 2
929 949 -2
929 930 -2
930 950 -2
930 931 -2
931 951 2
931 932 -2
932 952 2
932 933 2
933 953 2
933 934 -2
934 954 -2
934 935 2
935 955 -2
935 936 2
936 956 2
936 937 -2
937 957 2
937 938 -2
938 958 -2
938 939 2
939 959 -2
940 960 -2
940 959 -2
940 941 2
941 961 -2
941 942 -2
942 962 -2
942 943 -2
943 963 2
943 944 -2
944 964 2
944 945 2
945 965 2
945 946 -2
946 966 2
946 947 -2
947 967 2
947 948 -2
948 968 2
948 949 2
949 969 2
949 950 2
950 970 2
950 951 -2
951 971 2
951 952 2
952 972 2
952 953 2
953 973 -2
953 954 -2
954 974 2
954 955 2
955 975 -2
955 956 2
956 976 2
956 957 2
957 977 -2
957 958 -2
958 978 2
958 959 -2
959 979 -2
960 980 2
960 979 -2
960 961 -2
961 981 -2
961 962 2
962 982 -2
962 963 2
963 983 -2
963 964 2
964 984 -2
964 965 -2
965 985 2
965 966 -2
966 986 2
966 967 -2
967 987 -2
967 968 2
968 988 -2
968 969 2
969 989 -2
969 970 -2
970 990 2
970 971 2
971 991 -2
971 972 -2
972 992 2
972 973 2
973 993 -2
973 974 2
974 994 2
974 975 2
975 995 2
975 976 -2
976 996 -2
976 977 2
977 997 2
977 978 -2
978 998 -2
978 979 -2
979 999 -2
980 1000 2
980 999 -2
980 981 2
981 1001 -2
981 982 2
982 1002 2
982 983 2
983 1003 2
983 984 -2
984 1004 -2
984 985 -2
985 1005 2
985 986 2
986 1006 2
986 987 2
987 1007 -2
987 988 -2
988 1008 2
988 989 -2
989 1009 2
989 990 2
990 1010 -2
990 991 -2
991 1011 2
991 992 -2
992 1012 2
992 993 2
993 1013 -2
993 994 -2
994 1014 -2
994 995 2
995 1015 -2
995 996 2
996 1016 2
996 997 -2
997 1017 2
997 998 -2
998 1018 2
998 999 2
999 1019 2
1000 1020 -2
1000 1019 2
1000 1001 -2
1001 1021 -2
1001 1002 2
1002 1022 2
1002 1003 -2
1003 1023 -2
1003 1004 -2
1004 1024 2
1004 1005 -2
1005 1025 -2
1005 1006 2
1006 1026 -2
1006 1007 2
1007 1027 -2
1007 1008 -2
1008 1028 2
1008 1009 2
1009 1029 -2
1009 1010 2
1010 1030 -2
1010 1011 -2
1011 1031 2
1011 1012 -2
1012 1032 -2
1012 1013 2
1013 1033 -2
1013 1014 2
1014 1034 2
1014 1015 2
1015 1035 -2
1015 1016 -2
1016 1036 2
1016 1017 -2
1017 1037 2
1017 1018 -2
1018 1038 -2
1018 1019 2
1019 1039 2
1020 1040 -2
1020 1039 -2
1020 1021 2
1021 1041 2
1021 1022 -2
1022 1042 2
1022 1023 2
1023 1043 2
1023 1024 -2
1024 1044 -2
1024 1025 -2
1025 1045 2
1025 1026 -2
1026 1046 -2
1026 1027 2
1027 1047 -2
1027 1028 2
1028 1048 2
1028 1029 2
1029 1049 -2
1029 1030 -2
1030 1050 -2
1030 1031 -2
1031 1051 2
1031 1032 2
1032 1052 2
1032 1033 2
1033 1053 2
1033 1034 -2
1034 1054 -2
1034 1035 -2
1035 1055 -2
1035 1036 -2
1036 1056 -2
1036 1037 -2
1037 1057 2
1037 1038 -2
1038 1058 2
1038 1039 -2
1039 1059 2
1040 1060 2
1040 1059 2
1040 1041 -2
1041 1061 2
1041 1042 2
1042 1062 2
1042 1043 -2
1043 1063 2
1043 1044 2
1044 1064 2
1044 1045 -2
1045 1065 2
1045 1046 2
1046 1066 2
1046 1047 -2
1047 1067 -2
1047 1048 2
1048 1068 2
1048 1049 -2
1049 1069 -2
1049 1050 -2
1050 1070 2
1050 1051 2
1051 1071 2
1051 1052 2
1052 1072 -2
1052 1053 -2
1053 1073 -2
1053 1054 -2
1054 1074 -2
1054 1055 -2
1055 1075 2
1055 1056 -2
1056 1076 2
1056 1057 2
1057 1077 2
1057 1058 2
1058 1078 -2
1058 1059 2
1059 1079 -2
1060 1080 2
1060 1079 -2
1060 1061 2
1061 1081 -2
1061 1062 2
1062 1082 -2
1062 1063 2
1063 1083 2
1063 1064 2
1064 1084 -2
1064 1065 -2
1065 1085 -2
1065 1066 -2
1066 1086 2
1066 1067 -2
1067 1087 -2
1067 1068 2
1068 1088 2
1068 1069 2
1069 1089 -2
1069 1070 2
1070 1090 2
1070 1071 2
1071 1091 -2
1071 1072 -2
1072 1092 -2
1072 1073 2
1073 1093 2
1073 1074 2
1074 1094 -2
1074 1075 2
1075 1095 2
1075 1076 2
1076 1096 -2
1076 1077 2
1077 1097 -2
1077 1078 2
1078 1098 2
1078 1079 2
1079 1099 2
1080 1100 -2
1080 1099 2
1080 1081 -2
1081 1101 2
1081 1082 -2
1082 1102 2
1082 1083 -2
1083 1103 2
1083 1084 2
1084 1104 -2
1084 1085 -2
1085 1105 -2
1085 1086 -2
1086 1106 -2
1086 1087 2
1087 1107 -2
1087 1088 -2
1088 1108 -2
1088 1089 2
1089 1109 2
1089 1090 2
1090 1110 2
1090 1091 -2
1091 1111 -2
1091 1092 2
1092 1112 2
1092 1093 2
1093 1113 2
1093 1094 2
1094 1114 -2
1094 1095 -2
1095 1115 2
1095 1096 -2
1096 1116 2
1096 1097 2
1097 1117 -2
1097 1098 -2
1098 1118 2
1098 1099 -2
1099 1119 -2
1100 1120 2
1100 1119 2
1100 1101 -2
1101 1121 -2
1101 1102 2
1102 1122 -2
1102 1103 2
1103 1123 2
1103 1104 2
1104 1124 2
1104 1105 2
1105 1125 2
1105 1106 -2
1106 1126 -2
1106 1107 -2
1107 1127 -2
1107 1108 2
1108 1128 -2
1108 1109 2
1109 1129 2
1109 1110 2
1110 1130 -2
1110 1111 -2
1111 1131 -2
1111 1112 2
1112 1132 -2
1112 1113 2
1113 1133 2
1113 1114 2
1114 1134 2
1114 1115 -2
1115 1135 -2
1115 1116 2
1116 1136 -2
1116 1117 -2
1117 1137 -2
1117 1118 -2
1118 1138 2
1118 1119 -2
1119 1139 -2
1120 1140 -2
1120 1139 2
1120 1121 2
1121 1141 -2
1121 1122 -2
1122 1142 -2
1122 1123 -2
1123 1143 -2
1123 1124 -2
1124 1144 2
1124 1125 -2
1125 1145 2
1125 1126 2
1126 1146 2
1126 1127 -2
1127 1147 2
1127 1128 -2
1128 1148 2
1128 1129 2
1129 1149 2
1129 1130 2
1130 1150 2
1130 1131 -2
1131 1151 2
1131 1132 2
1132 1152 -2
1132 1133 -2
1133 1153 2
1133 1134 -2
1134 1154 -2
1134 1135 2
1135 1155 -2
1135 1136 2
1136 1156 -2
1136 1137 -2
1137 1157 2
1137 1138 -2
1138 1158 2
1138 1139 -2
1139 1159 -2
1140 1160 2
1140 1159 2
1140 1141 2
1141 1161 -2
1141 1142 2
1142 1162 -2
1142 1143 2
1143 1163 -2
1143 1144 -2
1144 1164 2
1144 1145 -2
1145 1165 2
1145 1146 -2
1146 1166 -2
1146 1147 2
1147 1167 -2
1147 1148 2
1148 1168 2
1148 1149 2
1149 1169 2
1149 1150 -2
1150 1170 2
1150 1151 -2
1151 1171 -2
1151 1152 -2
1152 1172 -2
1152 1153 -2
1153 1173 2
1153 1154 -2
1154 1174 -2
1154 1155 2
1155 1175 -2
1155 1156 -2
1156 1176 2
1156 1157 -2
1157 1177 2
1157 1158 2
1158 1178 -2
1158 1159 2
1159 1179 -2
1160 1180 -2
1160 1179 -2
1160 1161 2
1161 1181 2
1161 1162 -2
1162 1182 2
1162 1163 -2
1163 1183 -2
1163 1164 2
1164 1184 -2
1164 1165 2
1165 1185 -2
1165 1166 2
1166 1186 -2
1166 1167 -2
1167 1187 -2
1167 1168 2
1168 1188 -2
1168 1169 2
1169 1189 -2
1169 1170 -2
1170 1190 -2
1170 1171 -2
1171 1191 2
1171 1172 -2
1172 1192 -2
1172 1173 -2
1173 1193 2
1173 1174 2
1174 1194 -2
1174 1175 2
1175 1195 -2
1175 1176 2
1176 1196 2
1176 1177 -2
1177 1197 -2
1177 1178 2
1178 1198 -2
1178 1179 2
1179 1199 -2
1180 1200 2
1180 1199 -2
1180 1181 2
1181 1201 -2
1181 1182 -2
1182 1202 2
1182 1183 -2
1183 1203 2
1183 1184 2
1184 1204 -2
1184 1185 2
1185 1205 2
1185 1186 2
1186 1206 2
1186 1187 2
1187 1207 2
1187 1188 -2
1188 1208 -2
1188 1189 2
1189 1209 -2
1189 1190 -2
1190 1210 -2
1190 1191 2
1191 1211 -2
1191 1192 2
1192 1212 -2
1192 1193 -2
1193 1213 -2
1193 1194 -2
1194 1214 -2
1194 1195 -2
1195 1215 2
1195 1196 -2
1196 1216 -2
1196 1197 -2
1197 1217 -2
1197 1198 2
1198 1218 -2
1198 1199 2
1199 1219 2
1200 1220 2
1200 1219 2
1200 1201 -2
1201 1221 -2
1201 1202 2
1202 1222 -2
1202 1203 2
1203 1223 2
1203 1204 2
1204 1224 -2
1204 1205 2
1205 1225 2
1205 1206 2
1206 1226 -2
1206 1207 2
1207 1227 2
1207 1208 -2
1208 1228 2
1208 1209 2
1209 1229 -2
1209 1210 -2
1210 1230 -2
1210 1211 2
1211 1231 2
1211 1212 2
1212 1232 2
1212 1213 2
1213 1233 2
1213 1214 2
1214 1234 2
1214 1215 2
1215 1235 -2
1215 1216 -2
1216 1236 -2
1216 1217 2
1217 1237 -2
1217 1218 2
1218 1238 2
1218 1219 2
1219 1239 -2
1220 1240 -2
1220 1239 -2
1220 1221 2
1221 1241 -2
1221 1222 2
1222 1242 -2
1222 1223 -2
1223 1243 -2
1223 1224 2
1224 1244 -2
1224 1225 -2
1225 1245 -2
1225 1226 -2
1226 1246 -2
1226 1227 -2
1227 1247 -2
1227 1228 2
1228 1248 2
1228 1229 2
1229 1249 -2
1229 1230 -2
1230 1250 2
1230 1231 -2
1231 1251 -2
1231 1232 -2
1232 1252 -2
1232 1233 -2
1233 1253 -2
1233 1234 -2
1234 1254 2
1234 1235 -2
1235 1255 -2
1235 1236 -2
1236 1256 2
1236 1237 2
1237 1257 2
1237 1238 2
1238 1258 -2
1238 1239 2
1239 1259 2
1240 1260 -2
1240 1259 2
1240 1241 2
1241 1261 2
1241 1242 -2
1242 1262 -2
1242 1243 2
1243 1263 2
1243 1244 -2
1244 1264 2
1244 1245 2
1245 1265 2
1245 1246 -2
1246 1266 -2
1246 1247 2
1247 1267 -2
1247 1248 2
1248 1268 -2
1248 1249 2
1249 1269 2
1249 1250 2
1250 1270 2
1250 1251 -2
1251 1271 -2
1251 1252 2
1252 1272 -2
1252 1253 -2
1253 1273 -2
1253 1254 2
1254 1274 2
1254 1255 2
1255 1275 2
1255 1256 2
1256 1276 2
1256 1257 -2
1257 1277 2
1257 1258 2
1258 1278 2
1258 1259 -2
1259 1279 2
1260 1280 -2
1260 1279 2
1260 1261 2
1261 1281 2
1261 1262 2
1262 1282 2
1262 1263 -2
1263 1283 2
1263 1264 2
1264 1284 -2
1264 1265 -2
1265 1285 2
1265 1266 2
1266 1286 2
1266 1267 2
1267 1287 -2
1267 1268 -2
1268 1288 -2
1268 1269 -2
1269 1289 2
1269 1270 -2
1270 1290 2
1270 1271 -2
1271 1291 2
1271 1272 -2
1272 1292 2
1272 1273 2
1273 1293 2
1273 1274 -2
1274 1294 2
1274 1275 -2
1275 1295 2
1275 1276 -2
1276 1296 2
1276 1277 2
1277 1297 -2
1277 1278 2
1278 1298 -2
1278 1279 -2
1279 1299 -2
1280 1300 2
1280 1299 2
1280 1281 2
1281 1301 2
1281 1282 -2
1282 1302 2
1282 1283 -2
1283 1303 -2
1283 1284 -2
1284 1304 -2
1284 1285 -2
1285 1305 -2
1285 1286 2
1286 1306 2
1286 1287 2
1287 1307 2
1287 1288 -2
1288 1308 2
1288 1289 2
1289 1309 -2
1289 1290 -2
1290 1310 2
1290 1291 -2
1291 1311 -2
1291 1292 -2
1292 1312 -2
1292 1293 -2
1293 1313 2
1293 1294 2
1294 1314 -2
1294 1295 2
1295 1315 2
1295 1296 2
1296 1316 -2
1296 1297 2
1297 1317 2
1297 1298 -2
1298 1318 2
1298 1299 -2
1299 1319 2
1300 1320 2
1300 1319 -2
1300 1301 -2
1301 1321 2
1301 1302 2
1302 1322 2
1302 1303 2
1303 1323 2
1303 1304 -2
1304 1324 -2
1304 1305 2
1305 1325 -2
1305 1306 -2
1306 1326 2
1306 1307 2
1307 1327 2
1307 1308 2
1308 1328 -2
1308 1309 -2
1309 1329 -2
1309 1310 -2
1310 1330 -2
1310 1311 -2
1311 1331 -2
1311 1312 -2
1312 1332 -2
1312 1313 2
1313 1333 -2
1313 1314 -2
1314 1334 2
1314 1315 -2
1315 1335 2
1315 1316 2
1316 1336 2
1316 1317 -2
1317 1337 -2
1317 1318 2
1318 1338 -2
1318 1319 2
1319 1339 2
1320 1340 2
1320 1339 2
1320 1321 2
1321 1341 -2
1321 1322 2
1322 1342 -2
1322 1323 -2
1323 1343 -2
1323 1324 -2
1324 1344 -2
1324 1325 2
1325 1345 2
1325 1326 2
1326 1346 -2
1326 1327 2
1327 1347 2
1327 1328 -2
1328 1348 -2
1328 1329 -2
1329 1349 -2
1329 1330 -2
1330 1350 -2
1330 1331 2
1331 1351 2
1331 1332 2
1332 1352 2
1332 1333 -2
1333 1353 2
1333 1334 2
1334 1354 2
1334 1335 2
1335 1355 2
1335 1336 -2
1336 1356 2
1336 1337 -2
1337 1357 -2
1337 1338 -2
1338 1358 -2
1338 1339 -2
1339 1359 2
1340 1360 -2
1340 1359 -2
1340 1341 2
1341 1361 2
1341 1342 2
1342 1362 2
1342 1343 -2
1343 1363 2
1343 1344 -2
1344 1364 -2
1344 1345 -2
1345 1365 -2
1345 1346 -2
1346 1366 2
1346 1347 2
1347 1367 2
1347 1348 -2
1348 1368 2
1348 1349 -2
1349 1369 -2
1349 1350 -2
1350 1370 -2
1350 1351 -2
1351 1371 2
1351 1352 -2
1352 1372 2
1352 1353 2
1353 1373 2
1353 1354 -2
1354 1374 2
1354 1355 2
1355 1375 -2
1355 1356 2
1356 1376 -2
1356 1357 -2
1357 1377 2
1357 1358 -2
1358 1378 -2
1358 1359 -2
1359 1379 -2
1360 1380 2
1360 1379 -2
1360 1361 -2
1361 1381 2
1361 1362 -2
1362 1382 -2
1362 1363 -2
1363 1383 2
1363 1364 -2
1364 1384 -2
1364 1365 2
1365 1385 2
1365 1366 2
1366 1386 2
1366 1367 2
1367 1387 2
1367 1368 2
1368 1388 -2
1368 1369 -2
1369 1389 2
1369 1370 -2
1370 1390 -2
1370 1371 2
1371 1391 2
1371 1372 2
1372 1392 2
1372 1373 -2
1373 1393 2
1373 1374 2
1374 1394 -2
1374 1375 2
1375 1395 2
1375 1376 2
1376 1396 -2
1376 1377 2
1377 1397 2
1377 1378 2
1378 1398 2
1378 1379 -2
1379 1399 2
1380 1400 2
1380 1399 2
1380 1381 2
1381 1401 -2
1381 1382 2
1382 1402 -2
1382 1383 -2
1383 1403 2
1383 1384 2
1384 1404 2
1384 1385 -2
1385 1405 2
1385 1386 -2
1386 1406 2
1386 1387 -2
1387 1407 2
1387 1388 -2
1388 1408 -2
1388 1389 2
1389 1409 2
1389 1390 2
1390 1410 2
1390 1391 2
1391 1411 2
1391 1392 -2
1392 1412 -2
1392 1393 -2
1393 1413 2
1393 1394 -2
1394 1414 2
1394 1395 -2
1395 1415 -2
1395 1396 -2
1396 1416 -2
1396 1397 -2
1397 1417 -2
1397 1398 2
1398 1418 -2
1398 1399 2
1399 1419 -2
1400 1420 -2
1400 1419 2
1400 1401 -2
1401 1421 2
1401 1402 -2
1402 1422 -2
1402 1403 2
1403 1423 -2
1403 1404 -2
1404 1424 2
1404 1405 2
1405 1425 -2
1405 1406 2
1406 1426 -2
1406 1407 2
1407 1427 2
1407 1408 -2
1408 1428 -2
1408 1409 2
1409 1429 -2
1409 1410 2
1410 1430 2
1410 1411 -2
1411 1431 2
1411 1412 2
1412 1432 2
1412 1413 2
1413 1433 -2
1413 1414 -2
1414 1434 2
1414 1415 -2
1415 1435 2
1415 1416 -2
1416 1436 -2
1416 1417 -2
1417 1437 2
1417 1418 -2
1418 1438 -2
1418 1419 -2
1419 1439 2
1420 1440 2
1420 1439 -2
1420 1421 -2
1421 1441 2
1421 1422 -2
1422 1442 2
1422 1423 2
1423 1443 -2
1423 1424 -2
1424 1444 -2
1424 1425 -2
1425 1445 2
1425 1426 2
1426 1446 2
1426 1427 2
1427 1447 2
1427 1428 -2
1428 1448 2
1428 1429 -2
1429 1449 -2
1429 1430 -2
1430 1450 2
1430 1431 2
1431 1451 2
1431 1432 2
1432 1452 -2
1432 1433 2
1433 1453 2
1433 1434 2
1434 1454 2
1434 1435 2
1435 1455 -2
1435 1436 -2
1436 1456 -2
1436 1437 -2
1437 1457 -2
1437 1438 2
1438 1458 -2
1438 1439 2
1439 1459 2
1440 1460 2
1440 1459 2
1440 1441 2
1441 1461 -2
1441 1442 -2
1442 1462 -2
1442 1443 2
1443 1463 2
1443 1444 -2
1444 1464 2
1444 1445 2
1445 1465 -2
1445 1446 2
1446 1466 -2
1446 1447 2
1447 1467 2
1447 1448 2
1448 1468 -2
1448 1449 -2
1449 1469 2
1449 1450 2
1450 1470 2
1450 1451 2
1451 1471 -2
1451 1452 -2
1452 1472 2
1452 1453 2
1453 1473 2
1453 1454 -2
1454 1474 -2
1454 1455 -2
1455 1475 2
1455 1456 -2
1456 1476 -2
1456 1457 2
1457 1477 2
1457 1458 -2
1458 1478 2
1458 1459 -2
1459 1479 -2
1460 1480 2
1460 1479 -2
1460 1461 2
1461 1481 2
1461 1462 -2
1462 1482 -2
1462 1463 2
1463 1483 -2
1463 1464 -2
1464 1484 2
1464 1465 -2
1465 1485 -2
1465 1466 2
1466 1486 2
1466 1467 2
1467 1487 2
1467 1468 2
1468 1488 -2
1468 1469 2
1469 1489 2
1469 1470 2
1470 1490 -2
1470 1471 2
1471 1491 2
1471 1472 2
1472 1492 2
1472 1473 -2
1473 1493 -2
1473 1474 2
1474 1494 2
1474 1475 -2
1475 1495 2
1475 1476 -2
1476 1496 -2
1476 1477 -2
1477 1497 2
1477 1478 -2
1478 1498 2
1478 1479 2
1479 1499 -2
1480 1500 -2
1480 1499 -2
1480 1481 -2
1481 1501 -2
1481 1482 -2
1482 1502 2
1482 1483 -2
1483 1503 -2
1483 1484 2
1484 1504 2
1484 1485 -2
1485 1505 2
1485 1486 2
1486 1506 -2
1486 1487 2
1487 1507 -2
1487 1488 -2
1488 1508 -2
1488 1489 2
1489 1509 -2
1489 1490 2
1490 1510 -2
1490 1491 2
1491 1511 -2
1491 1492 2
1492 1512 2
1492 1493 2
1493 1513 -2
1493 1494 -2
1494 1514 2
1494 1495 2
1495 1515 -2
1495 1496 2
1496 1516 -2
1496 1497 2
1497 1517 2
1497 1498 -2
1498 1518 -2
1498 1499 2
1499 1519 2
1500 1520 -2
1500 1519 2
1500 1501 -2
1501 1521 -2
1501 1502 2
1502 1522 -2
1502 1503 2
1503 1523 2
1503 1504 2
1504 1524 -2
1504 1505 -2
1505 1525 -2
1505 1506 2
1506 1526 2
1506 1507 -2
1507 1527 2
1507 1508 2
1508 1528 -2
1508 1509 -2
1509 1529 2
1509 1510 2
1510 1530 2
1510 1511 -2
1511 1531 -2
1511 1512 2
1512 1532 2
1512 1513 -2
1513 1533 -2
1513 1514 -2
1514 1534 -2
1514 1515 -2
1515 1535 2
1515 1516 2
1516 1536 -2
1516 1517 2
1517 1537 -2
1517 1518 -2
1518 1538 -2
1518 1519 -2
1519 1539 2
1520 1540 2
1520 1539 -2
1520 1521 -2
1521 1541 2
1521 1522 -2
1522 1542 2
1522 1523 -2
1523 1543 2
1523 1524 -2
1524 1544 2
1524 1525 2
1525 1545 2
1525 1526 -2
1526 1546 2
1526 1527 -2
1527 1547 2
1527 1528 2
1528 1548 2
1528 1529 2
1529 1549 -2
1529 1530 2
1530 1550 2
1530 1531 -2
1531 1551 -2
1531 1532 2
1532 1552 -2
1532 1533 2
1533 1553 2
1533 1534 -2
1534 1554 2
1534 1535 2
1535 1555 -2
1535 1536 -2
1536 1556 -2
1536 1537 2
1537 1557 -2
1537 1538 -2
1538 1558 2
1538 1539 -2
1539 1559 2
1540 1560 -2
1540 1559 -2
1540 1541 -2
1541 1561 2
1541 1542 2
1542 1562 -2
1542 1543 2
1543 1563 2
1543 1544 2
1544 1564 -2
1544 1545 2
1545 1565 -2
1545 1546 2
1546 1566 2
1546 1547 -2
1547 1567 2
1547 1548 -2
1548 1568 -2
1548 1549 -2
1549 1569 2
1549 1550 2
1550 1570 2
1550 1551 -2
1551 1571 -2
1551 1552 2
1552 1572 -2
1552 1553 -2
1553 1573 2
1553 1554 2
1554 1574 -2
1554 1555 -2
1555 1575 -2
1555 1556 2
1556 1576 2
1556 1557 -2
1557 1577 -2
1557 1558 2
1558 1578 -2
1558 1559 2
1559 1579 2
1560 1580 2
1560 1579 -2
1560 1561 -2
1561 1581 -2
1561 1562 -2
1562 1582 2
1562 1563 -2
1563 1583 -2
1563 1564 2
1564 1584 -2
1564 1565 2
1565 1585 -2
1565 1566 2
1566 1586 -2
1566 1567 2
1567 1587 2
1567 1568 2
1568 1588 -2
1568 1569 -2
1569 1589 2
1569 1570 -2
1570 1590 -2
1570 1571 2
1571 1591 -2
1571 1572 2
1572 1592 2
1572 1573 2
1573 1593 -2
1573 1574 2
1574 1594 -2
1574 1575 -2
1575 1595 -2
1575 1576 2
1576 1596 2
1576 1577 2
1577 1597 -2
1577 1578 -2
1578 1598 -2
1578 1579 -2
1579 1599 2
1580 1600 2
1580 1599 -2
1580 1581 2
1581 1601 -2
1581 1582 -2
1582 1602 2
1582 1583 -2
1583 1603 2
1583 1584 2
1584 1604 2
1584 1585 -2
1585 1605 2
1585 1586 -2
1586 1606 2
1586 1587 2
1587 1607 2
1587 1588 2
1588 1608 2
1588 1589 2
1589 1609 2
1589 1590 -2
1590 1610 2
1590 1591 2
1591 1611 -2
1591 1592 2
1592 1612 -2
1592 1593 -2
1593 1613 -2
1593 1594 -2
1594 1614 2
1594 1595 2
1595 1615 -2
1595 1596 2
1596 1616 2
1596 1597 -2
1597 1617 -2
1597 1598 -2
1598 1618 -2
1598 1599 -2
1599 1619 -2
1600 1620 2
1600 1619 2
1600 1601 2
1601 1621 2
1601 1602 2
1602 1622 2
1602 1603 2
1603 1623 2
1603 1604 2
1604 1624 2
1604 1605 -2
1605 1625 2
1605 1606 -2
1606 1626 -2
1606 1607 -2
1607 1627 2
1607 1608 2
1608 1628 2
1608 1609 2
1609 1629 -2
1609 1610 -2
1610 1630 2
1610 1611 -2
1611 1631 2
1611 1612 2
1612 1632 2
1612 1613 2
1613 1633 2
1613 1614 2
1614 1634 2
1614 1615 2
1615 1635 2
1615 1616 -2
1616 1636 2
1616 1617 -2
1617 1637 -2
1617 1618 2
1618 1638 2
1618 1619 -2
1619 1639 2
1620 1640 -2
1620 1639 2
1620 1621 2
1621 1641 2
1621 1622 -2
1622 1642 2
1622 1623 -2
1623 1643 -2
1623 1624 -2
1624 1644 2
1624 1625 -2
1625 1645 2
1625 1626 -2
1626 1646 -2
1626 1627 -2
1627 1647 -2
1627 1628 2
1628 1648 -2
1628 1629 2
1629 1649 -2
1629 1630 -2
1630 1650 -2
1630 1631 -2
1631 1651 -2
1631 1632 -2
1632 1652 2
1632 1633 2
1633 1653 2
1633 1634 2
1634 1654 -2
1634 1635 -2
1635 1655 2
1635 1636 2
1636 1656 2
1636 1637 -2
1637 1657 2
1637 1638 -2
1638 1658 -2
1638 1639 -2
1639 1659 2
1640 1660 -2
1640 1659 -2
1640 1641 2
1641 1661 -2
1641 1642 2
1642 1662 2
1642 1643 -2
1643 1663 -2
1643 1644 -2
1644 1664 -2
1644 1645 2
1645 1665 -2
1645 1646 -2
1646 1666 2
1646 1647 2
1647 1667 2
1647 1648 -2
1648 1668 -2
1648 1649 2
1649 1669 -2
1649 1650 2
1650 1670 2
1650 1651 2
1651 1671 -2
1651 1652 2
1652 1672 2
1652 1653 -2
1653 1673 2
1653 1654 -2
1654 1674 -2
1654 1655 2
1655 1675 -2
1655 1656 2
1656 1676 -2
1656 1657 2
1657 1677 2
1657 1658 2
1658 1678 2
1658 1659 -2
1659 1679 2
1660 1680 2
1660 1679 2
1660 1661 -2
1661 1681 -2
1661 1662 -2
1662 1682 2
1662 1663 2
1663 1683 -2
1663 1664 -2
1664 1684 2
1664 1665 2
1665 1685 2
1665 1666 -2
1666 1686 -2
1666 1667 2
1667 1687 2
1667 1668 2
1668 1688 -2
1668 1669 2
1669 1689 -2
1669 1670 -2
1670 1690 -2
1670 1671 -2
1671 1691 2
1671 1672 2
1672 1692 -2
1672 1673 -2
1673 1693 -2
1673 1674 -2
1674 1694 2
1674 1675 -2
1675 1695 2
1675 1676 -2
1676 1696 2
1676 1677 -2
1677 1697 -2
1677 1678 2
1678 1698 2
1678 1679 -2
1679 1699 2
1680 1700 2
1680 1699 2
1680 1681 2
1681 1701 2
1681 1682 2
1682 1702 -2
1682 1683 -2
1683 1703 2
1683 1684 2
1684 1704 2
1684 1685 -2
1685 1705 -2
1685 1686 2
1686 1706 -2
1686 1687 2
1687 1707 2
1687 1688 -2
1688 1708 -2
1688 1689 -2
1689 1709 2
1689 1690 -2
1690 1710 -2
1690 1691 -2
1691 1711 -2
1691 1692 -2
1692 1712 2
1692 1693 -2
1693 1713 2
1693 1694 2
1694 1714 -2
1694 1695 -2
1695 1715 2
1695 1696 -2
1696 1716 -2
1696 1697 2
1697 1717 2
1697 1698 2
1698 1718 2
1698 1699 2
1699 1719 -2
1700 1720 -2
1700 1719 -2
1700 1701 -2
1701 1721 2
1701 1702 2
1702 1722 -2
1702 1703 2
1703 1723 -2
1703 1704 2
1704 1724 -2
1704 1705 2
1705 1725 -2
1705 1706 2
1706 1726 2
1706 1707 2
1707 1727 -2
1707 1708 -2
1708 1728 2
1708 1709 2
1709 1729 2
1709 1710 2
1710 1730 2
1710 1711 -2
1711 1731 2
1711 1712 -2
1712 1732 -2
1712 1713 -2
1713 1733 2
1713 1714 -2
1714 1734 -2
1714 1715 -2
1715 1735 -2
1715 1716 -2
1716 1736 -2
1716 1717 2
1717 1737 2
1717 1718 -2
1718 1738 2
1718 1719 -2
1719 1739 2
1720 1740 2
1720 1739 -2
1720 1721 -2
1721 1741 -2
1721 1722 2
1722 1742 2
1722 1723 2
1723 1743 2
1723 1724 -2
1724 1744 -2
1724 1725 2
1725 1745 -2
1725 1726 -2
1726 1746 -2
1726 1727 2
1727 1747 -2
1727 1728 2
1728 1748 2
1728 1729 2
1729 1749 -2
1729 1730 2
1730 1750 2
1730 1731 -2
1731 1751 2
1731 1732 -2
1732 1752 2
1732 1733 -2
1733 1753 2
1733 1734 2
1734 1754 2
1734 1735 -2
1735 1755 2
1735 1736 -2
1736 1756 2
1736 1737 -2
1737 1757 2
1737 1738 2
1738 1758 2
1738 1739 2
1739 1759 -2
1740 1760 2
1740 1759 2
1740 1741 -2
1741 1761 2
1741 1742 2
1742 1762 -2
1742 1743 -2
1743 1763 -2
1743 1744 -2
1744 1764 -2
1744 1745 -2
1745 1765 -2
1745 1746 -2
1746 1766 -2
1746 1747 -2
1747 1767 2
1747 1748 2
1748 1768 -2
1748 1749 2
1749 1769 2
1749 1750 -2
1750 1770 -2
1750 1751 2
1751 1771 -2
1751 1752 2
1752 1772 2
1752 1753 -2
1753 1773 -2
1753 1754 -2
1754 1774 2
1754 1755 -2
1755 1775 -2
1755 1756 2
1756 1776 2
1756 1757 2
1757 1777 -2
1757 1758 -2
1758 1778 -2
1758 1759 -2
1759 1779 2
1760 1780 -2
1760 1779 -2
1760 1761 -2
1761 1781 -2
1761 1762 2
1762 1782 2
1762 1763 -2
1763 1783 -2
1763 1764 2
1764 1784 -2
1764 1765 -2
1765 1785 -2
1765 1766 -2
1766 1786 -2
1766 1767 -2
1767 1787 2
1767 1768 -2
1768 1788 -2
1768 1769 2
1769 1789 2
1769 1770 2
1770 1790 -2
1770 1771 2
1771 1791 2
1771 1772 2
1772 1792 -2
1772 1773 2
1773 1793 2
1773 1774 -2
1774 1794 2
1774 1775 2
1775 1795 -2
1775 1776 -2
1776 1796 -2
1776 1777 -2
1777 1797 2
1777 1778 -2
1778 1798 2
1778 1779 -2
1779 1799 -2
1780 1800 2
1780 1799 2
1780 1781 -2
1781 1801 -2
1781 1782 -2
1782 1802 -2
1782 1783 -2
1783 1803 -2
1783 1784 2
1784 1804 -2
1784 1785 2
1785 1805 -2
1785 1786 -2
1786 1806 2
1786 1787 2
1787 1807 -2
1787 1788 2
1788 1808 2
1788 1789 2
1789 1809 2
1789 1790 -2
1790 1810 -2
1790 1791 -2
1791 1811 2
1791 1792 -2
1792 1812 2
1792 1793 -2
1793 1813 -2
1793 1794 2
1794 1814 -2
1794 1795 -2
1795 1815 2
1795 1796 -2
1796 1816 2
1796 1797 2
1797 1817 -2
1797 1798 -2
1798 1818 2
1798 1799 -2
1799 1819 -2
1800 1820 2
1800 1819 2
1800 1801 2
1801 1821 -2
1801 1802 2
1802 1822 -2
1802 1803 -2
1803 1823 -2
1803 1804 -2
1804 1824 -2
1804 1805 -2
1805 1825 -2
1805 1806 -2
1806 1826 -2
1806 1807 -2
1807 1827 -2
1807 1808 -2
1808 1828 2
1808 1809 -2
1809 1829 -2
1809 1810 -2
1810 1830 -2
1810 1811 -2
1811 1831 -2
1811 1812 2
1812 1832 -2
1812 1813 -2
1813 1833 -2
1813 1814 -2
1814 1834 2
1814 1815 2
1815 1835 -2
1815 1816 2
1816 1836 -2
1816 1817 2
1817 1837 -2
1817 1818 2
1818 1838 -2
1818 1819 -2
1819 1839 2
1820 1840 2
1820 1839 2
1820 1821 -2
1821 1841 -2
1821 1822 -2
1822 1842 -2
1822 1823 -2
1823 1843 2
1823 1824 2
1824 1844 2
1824 1825 -2
1825 1845 -2
1825 1826 2
1826 1846 -2
1826 1827 2
1827 1847 2
1827 1828 -2
1828 1848 2
1828 1829 -2
1829 1849 -2
1829 1830 2
1830 1850 -2
1830 1831 2
1831 1851 2
1831 1832 2
1832 1852 2
1832 1833 -2
1833 1853 2
1833 1834 2
1834 1854 2
1834 1835 2
1835 1855 2
1835 1836 -2
1836 1856 -2
1836 1837 -2
1837 1857 -2
1837 1838 -2
1838 1858 -2
1838 1839 2
1839 1859 2
1840 1860 2
1840 1859 -2
1840 1841 -2
1841 1861 2
1841 1842 2
1842 1862 -2
1842 1843 -2
1843 1863 2
1843 1844 2
1844 1864 2
1844 1845 -2
1845 1865 2
1845 1846 2
1846 1866 2
1846 1847 2
1847 1867 2
1847 1848 2
1848 1868 -2
1848 1849 -2
1849 1869 -2
1849 1850 -2
1850 1870 -2
1850 1851 2
1851 1871 -2
1851 1852 2
1852 1872 -2
1852 1853 -2
1853 1873 2
1853 1854 -2
1854 1874 2
1854 1855 -2
1855 1875 -2
1855 1856 2
1856 1876 -2
1856 1857 -2
1857 1877 -2
1857 1858 2
1858 1878 2
1858 1859 -2
1859 1879 2
1860 1880 -2
1860 1879 2
1860 1861 2
1861 1881 2
1861 1862 2
1862 1882 2
1862 1863 2
1863 1883 -2
1863 1864 -2
1864 1884 2
1864 1865 2
1865 1885 2
1865 1866 2
1866 1886 2
1866 1867 2
1867 1887 -2
1867 1868 -2
1868 1888 -2
1868 1869 -2
1869 1889 2
1869 1870 -2
1870 1890 2
1870 1871 -2
1871 1891 -2
1871 1872 2
1872 1892 2
1872 1873 -2
1873 1893 -2
1873 1874 -2
1874 1894 -2
1874 1875 -2
1875 1895 -2
1875 1876 -2
1876 1896 2
1876 1877 2
1877 1897 2
1877 1878 2
1878 1898 -2
1878 1879 -2
1879 1899 2
1880 1900 -2
1880 1899 -2
1880 1881 2
1881 1901 -2
1881 1882 -2
1882 1902 2
1882 1883 2
1883 1903 2
1883 1884 -2
1884 1904 2
1884 1885 2
1885 1905 2
1885 1886 2
1886 1906 2
1886 1887 -2
1887 1907 2
1887 1888 2
1888 1908 2
1888 1889 -2
1889 1909 2
1889 1890 -2
1890 1910 -2
1890 1891 -2
1891 1911 2
1891 1892 2
1892 1912 2
1892 1893 2
1893 1913 2
1893 1894 -2
1894 1914 2
1894 1895 2
1895 1915 2
1895 1896 2
1896 1916 -2
1896 1897 -2
1897 1917 2
1897 1898 2
1898 1918 2
1898 1899 2
1899 1919 2
1900 1920 -2
1900 1919 -2
1900 1901 2
1901 1921 -2
1901 1902 2
1902 1922 2
1902 1903 -2
1903 1923 2
1903 1904 -2
1904 1924 -2
1904 1905 -2
1905 1925 -2
1905 1906 2
1906 1926 -2
1906 1907 2
1907 1927 2
1907 1908 2
1908 1928 -2
1908 1909 2
1909 1929 2
1909 1910 -2
1910 1930 2
1910 1911 2
1911 1931 -2
1911 1912 2
1912 1932 -2
1912 1913 2
1913 1933 -2
1913 1914 2
1914 1934 2
1914 1915 2
1915 1935 -2
1915 1916 2
1916 1936 2
1916 1917 -2
1917 1937 2
1917 1918 2
1918 1938 2
1918 1919 2
1919 1939 -2
1920 1940 2
1920 1939 -2
1920 1921 2
1921 1941 2
1921 1922 2
1922 1942 2
1922 1923 2
1923 1943 2
1923 1924 2
1924 1944 -2
1924 1925 -2
1925 1945 -2
1925 1926 2
1926 1946 2
1926 1927 -2
1927 1947 2
1927 1928 -2
1928 1948 2
1928 1929 2
1929 1949 2
1929 1930 2
1930 1950 2
1930 1931 -2
1931 1951 2
1931 1932 -2
1932 1952 2
1932 1933 -2
1933 1953 2
1933 1934 -2
1934 1954 -2
1934 1935 -2
1935 1955 -2
1935 1936 2
1936 1956 -2
1936 1937 2
1937 1957 2
1937 1938 -2
1938 1958 -2
1938 1939 2
1939 1959 2
1940 1960 -2
1940 1959 -2
1940 1941 2
1941 1961 -2
1941 1942 2
1942 1962 2
1942 1943 2
1943 1963 2
1943 1944 -2
1944 1964 -2
1944 1945 2
1945 1965 2
1945 1946 2
1946 1966 2
1946 1947 -2
1947 1967 -2
1947 1948 2
1948 1968 -2
1948 1949 2
1949 1969 -2
1949 1950 -2
1950 1970 2
1950 1951 -2
1951 1971 -2
1951 1952 2
1952 1972 -2
1952 1953 -2
1953 1973 -2
1953 1954 -2
1954 1974 -2
1954 1955 2
1955 1975 -2
1955 1956 2
1956 1976 -2
1956 1957 -2
1957 1977 -2
1957 1958 -2
1958 1978 -2
1958 1959 -2
1959 1979 2
1960 1980 2
1960 1979 2
1960 1961 -2
1961 1981 2
1961 1962 2
1962 1982 -2
1962 1963 2
1963 1983 2
1963 1964 2
1964 1984 -2
1964 1965 -2
1965 1985 2
1965 1966 2
1966 1986 -2
1966 1967 -2
1967 1987 -2
1967 1968 -2
1968 1988 2
1968 1969 2
1969 1989 2
1969 1970 2
1970 1990 -2
1970 1971 -2
1971 1991 2
1971 1972 2
1972 1992 -2
1972 1973 -2
1973 1993 -2
1973 1974 -2
1974 1994 2
1974 1975 2
1975 1995 -2
1975 1976 -2
1976 1996 -2
1976 1977 -2
1977 1997 -2
1977 1978 2
1978 1998 2
1978 1979 -2
1979 1999 -2
1980 1999 2
1980 1981 -2
1981 1982 2
1982 1983 -2
1983 1984 -2
1984 1985 2
1985 1986 2
1986 1987 2
1987 1988 2
1988 1989 2
1989 1990 2
1990 1991 2
1991 1992 2
1992 1993 2
1993 1994 2
1994 1995 2
1995 1996 -2
1996 1997 2
1997 1998 -2
1998 1999 -2
0 0 -2
3 3 -2
4 4 -4
5 5 -4
6 6 -2
9 9 -4
10 10 2
11 11 -2
12 12 -2
15 15 -4
18 18 -4
19 19 -2
20 20 -2
21 21 -2
23 23 -2
26 26 2
30 30 2
32 32 -2
33 33 -4
34 34 -4
36 36 -2
37 37 -2
38 38 -2
39 39 2
40 40 2
41 41 2
42 42 2
43 43 -2
44 44 2
45 45 2
46 46 2
47 47 4
48 48 2
49 49 2
50 50 2
51 51 2
53 53 -2
54 54 -2
56 56 -2
57 57 -2
59 59 2
60 60 4
61 61 4
64 64 2
65 65 2
67 67 2
69 69 -2
70 70 2
71 71 -2
72 72 -4
73 73 -2
74 74 2
77 77 2
78 78 -2
79 79 -2
82 82 -2
83 83 -2
84 84 -4
85 85 2
86 86 2
87 87 4
88 88 2
89 89 -2
91 91 -2
92 92 -2
93 93 2
94 94 2
95 95 2
96 96 4
97 97 2
98 98 -4
99 99 -4
100 100 -2
103 103 -2
105 105 4
106 106 -2
110 110 2
111 111 2
112 112 2
113 113 2
115 115 -4
116 116 2
117 117 2
119 119 -2
122 122 -2
123 123 -2
125 125 4
126 126 2
127 127 -2
130 130 2
132 132 2
133 133 2
135 135 -4
137 137 4
138 138 2
142 142 2
146 146 2
148 148 2
152 152 2
153 153 2
155 155 2
156 156 2
157 157 2
159 159 2
160 160 2
163 163 -2
164 164 2
165 165 -2
166 166 -2
167 167 -2
168 168 2
169 169 2
172 172 -2
173 173 2
175 175 4
176 176 4
178 178 -2
179 179 -2
180 180 2
181 181 2
182 182 -2
183 183 -2
184 184 2
186 186 -2
190 190 -4
193 193 2
194 194 -2
196 196 2
197 197 -4
198 198 -2
200 200 -4
201 201 -2
204 204 4
207 207 2
208 208 -2
209 209 -2
210 210 -2
211 211 2
212 212 2
213 213 2
214 214 -2
215 215 -2
217 217 -2
218 218 -2
219 219 -2
220 220 -2
221 221 2
222 222 2
223 223 2
224 224 4
225 225 2
226 226 4
228 228 -2
229 229 -2
231 231 -2
233 233 2
234 234 -2
237 237 -2
238 238 -2
239 239 -4
240 240 -2
242 242 2
243 243 2
244 244 2
245 245 2
246 246 -2
249 249 4
250 250 2
251 251 -4
252 252 -2
255 255 -2
256 256 -4
258 258 2
259 259 -2
263 263 -2
265 265 4
266 266 -2
267 267 -2
268 268 -4
271 271 -2
272 272 2
278 278 2
279 279 -2
280 280 2
281 281 2
284 284 2
285 285 4
286 286 2
287 287 -2
288 288 -2
290 290 -2
291 291 -2
292 292 -2
293 293 -2
300 300 2
301 301 2
302 302 2
303 303 2
305 305 -2
307 307 -2
308 308 4
309 309 2
310 310 -2
311 311 -2
312 312 -2
313 313 -2
314 314 -4
317 317 -2
320 320 2
321 321 -2
323 323 2
324 324 -2
325 325 -4
326 326 -2
327 327 -2
328 328 4
329 329 4
330 330 2
331 331 -2
332 332 -2
334 334 2
335 335 -2
337 337 4
338 338 2
339 339 2
340 340 2
341 341 -2
342 342 2
343 343 4
344 344 2
345 345 2
346 346 -2
347 347 -4
349 349 2
352 352 2
355 355 -4
356 356 -2
359 359 2
360 360 -2
361 361 2
363 363 -2
364 364 -2
367 367 -2
368 368 -2
369 369 -2
370 370 -2
371 371 2
372 372 4
373 373 2
375 375 -2
377 377 2
378 378 -2
379 379 -2
380 380 -2
381 381 2
382 382 2
383 383 2
385 385 2
386 386 2
389 389 2
390 390 2
391 391 2
392 392 2
393 393 2
394 394 -2
396 396 2
397 397 4
398 398 -2
399 399 2
400 400 -2
401 401 2
402 402 2
406 406 -2
407 407 -2
408 408 -2
409 409 2
410 410 2
411 411 4
412 412 2
413 413 2
414 414 -2
415 415 -2
417 417 2
418 418 -2
419 419 2
421 421 2
422 422 2
426 426 -2
427 427 2
428 428 2
429 429 4
431 431 -2
434 434 -2
435 435 -2
436 436 -2
439 439 4
441 441 4
443 443 2
444 444 4
447 447 2
448 448 4
449 449 2
450 450 2
452 452 2
456 456 -2
457 457 -2
458 458 -4
459 459 -2
461 461 2
463 463 -2
464 464 2
466 466 -2
467 467 -4
468 468 -2
469 469 -2
471 471 4
472 472 2
473 473 -2
475 475 2
476 476 -2
478 478 -2
479 479 -2
482 482 2
484 484 -2
488 488 -2
489 489 2
490 490 2
491 491 2
492 492 2
493 493 -4
494 494 -4
495 495 2
497 497 -2
498 498 -2
499 499 -2
501 501 4
502 502 2
503 503 2
504 504 -2
506 506 2
507 507 -2
508 508 -4
509 509 -2
511 511 -2
513 513 -2
516 516 2
518 518 2
520 520 -2
522 522 -2
524 524 2
526 526 2
527 527 2
529 529 -2
536 536 4
538 538 -2
540 540 2
542 542 -2
543 543 -2
545 545 2
546 546 2
549 549 -2
550 550 -2
551 551 2
552 552 -2
554 554 2
559 559 -2
560 560 -2
561 561 -2
564 564 -2
565 565 4
566 566 4
567 567 2
568 568 2
571 571 2
573 573 -4
574 574 -2
575 575 -2
576 576 -2
579 579 -4
580 580 2
583 583 2
584 584 -2
585 585 -2
587 587 -2
588 588 -2
589 589 2
591 591 -2
592 592 -2
593 593 -2
594 594 -2
596 596 -2
597 597 -2
600 600 2
601 601 2
602 602 2
604 604 2
609 609 2
610 610 2
611 611 -2
612 612 -4
614 614 -2
615 615 2
617 617 -4
618 618 2
619 619 2
622 622 -2
623 623 -2
626 626 -2
627 627 -2
628 628 2
629 629 -2
632 632 2
633 633 2
634 634 -2
637 637 -4
638 638 2
639 639 4
640 640 -2
641 641 -2
642 642 -2
643 643 2
645 645 -2
647 647 -2
648 648 2
649 649 2
650 650 4
651 651 -2
652 652 2
653 653 -2
655 655 2
656 656 -2
658 658 2
659 659 4
661 661 -4
662 662 -4
663 663 2
664 664 4
666 666 -2
669 669 2
672 672 4
674 674 2
675 675 -2
676 676 -2
677 677 2
678 678 -2
679 679 2
680 680 2
681 681 -2
683 683 4
684 684 4
685 685 4
686 686 2
688 688 -2
691 691 2
692 692 4
693 693 -2
696 696 -2
697 697 2
698 698 2
699 699 2
702 702 2
703 703 2
707 707 -2
709 709 2
712 712 2
713 713 -2
714 714 4
715 715 2
716 716 -4
717 717 -2
718 718 -2
719 719 -2
720 720 2
721 721 -2
722 722 -2
726 726 2
727 727 -2
728 728 -2
730 730 -2
732 732 2
733 733 -2
734 734 4
735 735 2
736 736 2
738 738 -2
740 740 2
741 741 -2
743 743 -4
744 744 -2
747 747 -4
749 749 2
750 750 -2
751 751 -2
752 752 2
754 754 2
756 756 4
760 760 2
762 762 4
763 763 -2
764 764 -4
766 766 2
768 768 -2
769 769 -2
770 770 -2
771 771 -2
773 773 -2
774 774 2
775 775 -2
776 776 -2
777 777 -2
779 779 -2
780 780 2
782 782 4
784 784 -4
785 785 -4
786 786 -2
788 788 -4
790 790 2
793 793 -2
794 794 2
795 795 -2
796 796 2
797 797 2
799 799 4
801 801 2
802 802 2
808 808 -4
809 809 2
810 810 2
814 814 2
816 816 2
817 817 -2
818 818 -2
819 819 2
820 820 2
821 821 4
823 823 2
824 824 4
826 826 4
827 827 2
828 828 -4
829 829 -2
830 830 -2
833 833 2
834 834 2
835 835 2
836 836 4
839 839 2
844 844 2
845 845 -2
846 846 4
847 847 2
849 849 -4
850 850 -2
851 851 2
852 852 2
854 854 2
855 855 2
856 856 2
857 857 2
858 858 2
861 861 -2
862 862 4
864 864 4
866 866 2
869 869 -2
870 870 2
872 872 2
873 873 -2
875 875 -2
876 876 -2
879 879 2
880 880 -2
881 881 -2
883 883 -2
884 884 2
886 886 -2
887 887 -2
891 891 -2
892 892 -2
895 895 -2
896 896 -4
897 897 -2
899 899 2
901 901 2
902 902 2
903 903 2
904 904 2
905 905 2
907 907 -4
909 909 2
910 910 -2
911 911 -2
912 912 -4
913 913 -2
914 914 -2
915 915 -4
916 916 -2
917 917 -4
918 918 -2
920 920 -2
921 921 -2
922 922 2
923 923 2
924 924 2
925 925 -2
926 926 2
930 930 2
932 932 -2
933 933 -2
934 934 2
935 935 -2
938 938 2
939 939 2
942 942 4
945 945 -2
946 946 2
949 949 -2
951 951 -2
952 952 -4
956 956 -4
958 958 2
959 959 4
960 960 2
961 961 2
963 963 -2
968 968 -2
970 970 -2
972 972 -2
974 974 -4
978 978 2
979 979 4
980 980 -2
982 982 -2
984 984 4
985 985 -2
986 986 -4
987 987 2
988 988 2
991 991 2
992 992 -2
993 993 2
995 995 -2
1001 1001 2
1002 1002 -2
1003 1003 2
1004 1004 2
1006 1006 -2
1007 1007 2
1008 1008 -2
1009 1009 -2
1010 1010 2
1014 1014 -2
1015 1015 2
1019 1019 -4
1020 1020 2
1022 1022 -2
1024 1024 2
1025 1025 2
1026 1026 2
1028 1028 -4
1029 1029 2
1030 1030 4
1031 1031 -2
1032 1032 -2
1034 1034 2
1035 1035 4
1036 1036 2
1038 1038 2
1041 1041 -2
1042 1042 -2
1043 1043 -2
1045 1045 -2
1047 1047 2
1048 1048 -2
1049 1049 4
1051 1051 -4
1053 1053 2
1054 1054 4
1055 1055 2
1057 1057 -4
1058 1058 -2
1059 1059 -2
1060 1060 -2
1061 1061 -2
1062 1062 -2
1063 1063 -4
1065 1065 2
1067 1067 2
1068 1068 -4
1070 1070 -4
1072 1072 2
1073 1073 -2
1075 1075 -4
1076 1076 -2
1077 1077 -2
1078 1078 -2
1081 1081 2
1082 1082 2
1083 1083 -2
1084 1084 2
1085 1085 4
1087 1087 2
1089 1089 -2
1090 1090 -2
1091 1091 2
1092 1092 -2
1093 1093 -4
1094 1094 2
1097 1097 2
1102 1102 -2
1103 1103 -4
1104 1104 -2
1106 1106 4
1107 1107 2
1109 1109 -4
1111 1111 2
1112 1112 -2
1113 1113 -4
1117 1117 4
1119 1119 2
1120 1120 -2
1121 1121 2
1122 1122 4
1123 1123 2
1125 1125 -2
1127 1127 2
1129 1129 -4
1132 1132 2
1136 1136 2
1137 1137 2
1139 1139 2
1140 1140 -2
1143 1143 2
1147 1147 -2
1148 1148 -4
1149 1149 -2
1151 1151 2
1152 1152 4
1154 1154 2
1155 1155 2
1156 1156 2
1157 1157 -2
1158 1158 -2
1162 1162 2
1163 1163 2
1164 1164 -2
1165 1165 -2
1166 1166 2
1167 1167 2
1168 1168 -2
1170 1170 2
1171 1171 2
1172 1172 4
1173 1173 -2
1176 1176 -2
1179 1179 2
1185 1185 -2
1186 1186 -2
1188 1188 2
1189 1189 2
1190 1190 2
1191 1191 -2
1192 1192 2
1193 1193 2
1194 1194 4
1195 1195 2
1196 1196 2
1197 1197 2
1200 1200 -2
1201 1201 2
1202 1202 -2
1203 1203 -4
1205 1205 -4
1206 1206 -2
1207 1207 -2
1209 1209 2
1210 1210 2
1211 1211 -2
1212 1212 -2
1213 1213 -2
1214 1214 -2
1216 1216 2
1218 1218 -2
1219 1219 -2
1222 1222 2
1224 1224 2
1225 1225 2
1226 1226 4
1228 1228 -4
1229 1229 2
1230 1230 2
1231 1231 2
1232 1232 2
1233 1233 2
1235 1235 4
1237 1237 -2
1238 1238 -2
1242 1242 2
1246 1246 2
1248 1248 -2
1249 1249 -2
1250 1250 -2
1251 1251 2
1252 1252 2
1253 1253 2
1254 1254 -4
1255 1255 -2
1256 1256 -2
1257 1257 -2
1259 1259 -2
1261 1261 -4
1263 1263 -2
1265 1265 -2
1266 1266 -2
1267 1267 2
1268 1268 4
1271 1271 2
1276 1276 -2
1277 1277 -2
1280 1280 -2
1281 1281 -2
1283 1283 2
1284 1284 4
1286 1286 -4
1291 1291 2
1292 1292 2
1293 1293 -2
1294 1294 -2
1295 1295 -4
1296 1296 -2
1298 1298 2
1301 1301 -2
1302 1302 -4
1304 1304 2
1305 1305 2
1306 1306 -2
1307 1307 -4
1309 1309 4
1310 1310 2
1311 1311 4
1312 1312 2
1314 1314 2
1315 1315 -2
1318 1318 -2
1319 1319 -2
1320 1320 -4
1321 1321 -2
1323 1323 2
1324 1324 2
1325 1325 -2
1326 1326 -2
1327 1327 -2
1328 1328 4
1329 1329 4
1330 1330 2
1331 1331 -2
1334 1334 -4
1335 1335 -2
1337 1337 4
1338 1338 4
1339 1339 -2
1341 1341 -2
1343 1343 2
1344 1344 4
1345 1345 2
1347 1347 -2
1348 1348 2
1349 1349 4
1350 1350 4
1352 1352 -2
1353 1353 -2
1354 1354 -2
1355 1355 -2
1357 1357 2
1358 1358 4
1359 1359 2
1360 1360 2
1362 1362 2
1364 1364 2
1365 1365 -2
1366 1366 -4
1367 1367 -4
1369 1369 2
1370 1370 2
1371 1371 -4
1372 1372 -2
1373 1373 -2
1374 1374 -2
1375 1375 -2
1377 1377 -4
1379 1379 2
1380 1380 -4
1381 1381 -2
1382 1382 2
1383 1383 -2
1388 1388 2
1389 1389 -4
1390 1390 -2
1391 1391 -2
1392 1392 2
1394 1394 2
1395 1395 2
1396 1396 4
1398 1398 -2
1399 1399 -2
1401 1401 2
1402 1402 2
1404 1404 -2
1405 1405 -2
1406 1406 -2
1407 1407 -2
1408 1408 2
1409 1409 -2
1410 1410 -2
1411 1411 -2
1412 1412 -2
1415 1415 2
1416 1416 4
1417 1417 2
1418 1418 4
1420 1420 2
1423 1423 2
1424 1424 2
1426 1426 -2
1427 1427 -2
1428 1428 2
1429 1429 4
1430 1430 -2
1431 1431 -4
1432 1432 -2
1433 1433 -2
1434 1434 -4
1436 1436 4
1439 1439 -2
1440 1440 -4
1445 1445 -2
1446 1446 -2
1447 1447 -4
1450 1450 -4
1453 1453 -2
1454 1454 2
1455 1455 2
1456 1456 2
1458 1458 2
1460 1460 -2
1462 1462 2
1465 1465 2
1466 1466 -2
1467 1467 -4
1469 1469 -4
1470 1470 -2
1471 1471 -2
1472 1472 -2
1476 1476 4
1478 1478 -2
1479 1479 2
1480 1480 2
1481 1481 2
1482 1482 2
1483 1483 2
1484 1484 -2
1486 1486 -2
1488 1488 2
1489 1489 -2
1491 1491 -2
1492 1492 -4
1493 1493 2
1494 1494 -2
1495 1495 -2
1497 1497 -2
1500 1500 2
1501 1501 2
1502 1502 -2
1503 1503 -2
1508 1508 2
1511 1511 2
1512 1512 -2
1513 1513 4
1514 1514 2
1518 1518 4
1519 1519 -2
1520 1520 2
1521 1521 2
1522 1522 2
1527 1527 -2
1528 1528 -2
1529 1529 -2
1530 1530 -2
1531 1531 2
1532 1532 -2
1536 1536 2
1537 1537 2
1538 1538 2
1540 1540 2
1541 1541 -2
1542 1542 -2
1543 1543 -4
1544 1544 -2
1545 1545 -2
1546 1546 -2
1548 1548 2
1550 1550 -2
1551 1551 2
1552 1552 2
1553 1553 -2
1555 1555 2
1557 1557 2
1558 1558 -2
1559 1559 -2
1560 1560 2
1561 1561 2
1562 1562 2
1566 1566 -2
1567 1567 -4
1568 1568 2
1572 1572 -2
1573 1573 -2
1574 1574 2
1575 1575 2
1576 1576 -4
1577 1577 2
1578 1578 4
1580 1580 -2
1581 1581 2
1585 1585 2
1587 1587 -4
1588 1588 -2
1589 1589 -2
1593 1593 4
1596 1596 -2
1597 1597 4
1598 1598 4
1599 1599 2
1600 1600 -4
1601 1601 -2
1602 1602 -4
1603 1603 -4
1604 1604 -2
1606 1606 2
1607 1607 -2
1608 1608 -4
1612 1612 -2
1613 1613 -2
1614 1614 -4
1617 1617 2
1620 1620 -2
1621 1621 -2
1623 1623 2
1626 1626 4
1628 1628 -2
1629 1629 2
1630 1630 2
1631 1631 2
1632 1632 -2
1633 1633 -4
1635 1635 -2
1636 1636 -2
1637 1637 2
1638 1638 2
1639 1639 -2
1640 1640 2
1641 1641 -2
1642 1642 -2
1643 1643 4
1648 1648 2
1650 1650 -2
1652 1652 -2
1654 1654 2
1655 1655 -2
1656 1656 -2
1657 1657 -4
1661 1661 4
1662 1662 -2
1663 1663 2
1667 1667 -4
1669 1669 2
1670 1670 2
1673 1673 2
1674 1674 2
1675 1675 2
1676 1676 2
1678 1678 -2
1679 1679 -2
1680 1680 -4
1681 1681 -2
1684 1684 -2
1687 1687 -2
1688 1688 4
1689 1689 2
1690 1690 4
1691 1691 2
1692 1692 2
1697 1697 -2
1698 1698 -4
1699 1699 -2
1700 1700 2
1701 1701 -2
1703 1703 -2
1704 1704 -2
1706 1706 -2
1709 1709 -4
1711 1711 2
1712 1712 2
1714 1714 4
1715 1715 2
1716 1716 2
1717 1717 -2
1719 1719 2
1720 1720 2
1722 1722 -2
1724 1724 2
1725 1725 2
1728 1728 -4
1729 1729 -2
1730 1730 -2
1732 1732 2
1733 1733 -2
1735 1735 2
1736 1736 2
1737 1737 -2
1738 1738 -4
1740 1740 -2
1743 1743 2
1744 1744 4
1745 1745 4
1746 1746 4
1748 1748 -2
1751 1751 -2
1752 1752 -2
1753 1753 2
1756 1756 -4
1758 1758 2
1760 1760 2
1763 1763 2
1764 1764 2
1765 1765 4
1766 1766 4
1768 1768 2
1769 1769 -4
1771 1771 -2
1772 1772 -2
1774 1774 -2
1775 1775 2
1776 1776 2
1777 1777 2
1778 1778 2
1779 1779 2
1781 1781 4
1782 1782 2
1783 1783 2
1785 1785 2
1787 1787 -2
1788 1788 -2
1789 1789 -2
1790 1790 4
1792 1792 2
1795 1795 2
1799 1799 2
1800 1800 -4
1802 1802 2
1803 1803 4
1804 1804 4
1805 1805 4
1806 1806 2
1807 1807 4
1809 1809 2
1810 1810 4
1813 1813 4
1815 1815 -2
1816 1816 -2
1820 1820 -2
1821 1821 4
1822 1822 4
1825 1825 2
1829 1829 2
1831 1831 -2
1834 1834 -4
1836 1836 4
1837 1837 4
1838 1838 2
1839 1839 -4
1842 1842 2
1843 1843 -2
1844 1844 -2
1846 1846 -2
1847 1847 -4
1849 1849 4
1850 1850 2
1851 1851 -2
1856 1856 2
1857 1857 2
1860 1860 -2
1861 1861 -4
1862 1862 -2
1864 1864 -2
1865 1865 -4
1866 1866 -4
1868 1868 4
1869 1869 2
1870 1870 2
1871 1871 2
1873 1873 2
1874 1874 2
1875 1875 4
1877 1877 -2
1879 1879 -2
1880 1880 2
1882 1882 -2
1884 1884 -2
1885 1885 -4
1886 1886 -2
1890 1890 2
1892 1892 -4
1895 1895 -2
1897 1897 -2
1898 1898 -2
1899 1899 -2
1900 1900 2
1902 1902 -2
1904 1904 2
1906 1906 -2
1907 1907 -4
1908 1908 -2
1909 1909 -2
1911 1911 -2
1912 1912 -2
1913 1913 -2
1914 1914 -4
1915 1915 -2
1917 1917 -2
1918 1918 -4
1921 1921 -2
1922 1922 -4
1923 1923 -4
1924 1924 2
1925 1925 2
1929 1929 -4
1930 1930 -2
1931 1931 2
1932 1932 2
1933 1933 2
1934 1934 2
1935 1935 2
1936 1936 -2
1937 1937 -2
1941 1941 -2
1942 1942 -4
1943 1943 -2
1944 1944 2
1945 1945 -2
1946 1946 -2
1948 1948 -2
1953 1953 2
1954 1954 2
1956 1956 2
1957 1957 2
1958 1958 4
1962 1962 -2
1963 1963 -4
1964 1964 2
1965 1965 -2
1967 1967 4
1969 1969 -2
1972 1972 2
1973 1973 4
1975 1975 2
1976 1976 4
1977 1977 2
1980 1980 -2
1982 1982 2
1985 1985 -4
1986 1986 -2
1988 1988 -4
1989 1989 -4
1991 1991 -4
1992 1992 -2
1993 1993 -2
1994 1994 -2
1996 1996 2
1997 1997 2