2000 5215 -4 4
0 1975 -2
0 25 2
0 24 2
0 1 -2
1 1976 -2
1 26 2
1 2 -2
2 1977 -2
2 27 -2
2 3 -2
3 1978 -2
3 28 2
3 4 2
4 1979 -2
4 29 -2
4 5 2
5 1980 -2
5 30 2
5 6 2
6 1981 -2
6 31 -2
6 7 2
7 1982 2
7 32 -2
7 8 2
8 1983 2
8 33 2
8 9 2
9 1984 2
9 34 -2
9 10 2
10 1985 2
10 35 2
10 11 2
11 1986 2
11 36 -2
11 12 2
12 1987 2
12 37 2
12 13 2
13 1988 2
13 38 2
13 14 2
14 1989 -2
14 39 2
14 15 2
15 1990 2
15 40 -2
15 16 2
16 1991 -2
16 41 -2
16 17 -2
17 1992 2
17 42 2
17 18 -2
18 1993 2
18 43 2
18 19 -2
19 1994 2
19 44 2
19 20 2
20 1995 2
20 45 2
20 21 -2
21 1996 -2
21 46 2
21 22 2
22 1997 2
22 47 2
22 23 2
23 1998 -2
23 48 2
23 24 -2
24 1999 2
24 49 2
25 50 2
25 49 -2
25 26 2
26 51 -2
26 27 2
27 52 -2
27 28 2
28 53 2
28 29 2
29 54 -2
29 30 2
30 55 2
30 31 -2
31 56 -2
31 32 2
32 57 -2
32 33 -2
33 58 2
33 34 2
34 59 2
34 35 2
35 60 2
35 36 -2
36 61 2
36 37 2
37 62 2
37 38 -2
38 63 -2
38 39 -2
39 64 2
39 40 -2
40 65 -2
40 41 -2
41 66 -2
41 42 2
42 67 -2
42 43 2
43 68 -2
43 44 2
44 69 -2
44 45 -2
45 70 -2
45 46 2
46 71 2
46 47 -2
47 72 2
47 48 -2
48 73 -2
48 49 2
49 74 2
50 75 2
50 74 -2
50 51 -2
51 76 -2
51 52 2
52 77 2
52 53 -2
53 78 2
53 54 2
54 79 2
54 55 -2
55 80 -2
55 56 -2
56 81 2
56 57 2
57 82 2
57 58 -2
58 83 2
58 59 -2
59 84 -2
59 60 2
60 85 2
60 61 -2
61 86 -2
61 62 2
62 87 2
62 63 -2
63 88 2
63 64 -2
64 89 -2
64 65 -2
65 90 -2
65 66 2
66 91 -2
66 67 -2
67 92 2
67 68 2
68 93 -2
68 69 2
69 94 2
69 70 2
70 95 2
70 71 -2
71 96 2
71 72 2
72 97 2
72 73 -2
73 98 2
73 74 2
74 99 -2
75 100 -2
75 99 2
75 76 2
76 101 2
76 77 -2
77 102 2
77 78 2
78 103 2
78 79 2
79 104 2
79 80 -2
80 105 2
80 81 -2
81 106 -2
81 82 2
82 107 -2
82 83 -2
83 108 -2
83 84 2
84 109 2
84 85 -2
85 110 -2
85 86 -2
86 111 -2
86 87 2
87 112 2
87 88 2
88 113 -2
88 89 2
89 114 -2
89 90 2
90 115 2
90 91 2
91 116 -2
91 92 2
92 117 2
92 93 2
93 118 2
93 94 -2
94 119 -2
94 95 -2
95 120 -2
95 96 -2
96 121 -2
96 97 2
97 122 2
97 98 -2
98 123 2
98 99 2
99 124 2
100 125 -2
100 124 2
100 101 -2
101 126 -2
101 102 -2
102 127 -2
102 103 2
103 128 2
103 104 2
104 129 -2
104 105 -2
105 130 -2
105 106 -2
106 131 2
106 107 -2
107 132 -2
107 108 -2
108 133 -2
108 109 -2
109 134 -2
109 110 2
110 135 2
110 111 -2
111 136 -2
111 112 2
112 137 2
112 113 2
113 138 2
113 114 -2
114 139 -2
114 115 -2
115 140 -2
115 116 -2
116 141 -2
116 117 2
117 142 2
117 118 2
118 143 -2
118 119 2
119 144 -2
119 120 2
120 145 -2
120 121 -2
121 146 2
121 122 2
122 147 2
122 123 -2
123 148 2
123 124 -2
124 149 2
125 150 -2
125 149 2
125 126 2
126 151 2
126 127 -2
127 152 2
127 128 2
128 153 -2
128 129 2
129 154 2
129 130 2
130 155 -2
130 131 2
131 156 -2
131 132 -2
132 157 2
132 133 2
133 158 2
133 134 -2
134 159 -2
134 135 2
135 160 2
135 136 -2
136 161 -2
136 137 2
137 162 2
137 138 -2
138 163 -2
138 139 2
139 164 2
139 140 -2
140 165 -2
140 141 2
141 166 2
141 142 2
142 167 2
142 143 -2
143 168 2
143 144 -2
144 169 2
144 145 2
145 170 2
145 146 2
146 171 -2
146 147 2
147 172 2
147 148 -2
148 173 -2
148 149 2
149 174 -2
150 175 2
150 174 -2
150 151 2
151 176 -2
151 152 -2
152 177 2
152 153 -2
153 178 -2
153 154 -2
154 179 2
154 155 -2
155 180 -2
155 156 -2
156 181 2
156 157 2
157 182 2
157 158 2
158 183 -2
158 159 -2
159 184 -2
159 160 2
160 185 2
160 161 2
161 186 2
161 162 2
162 187 -2
162 163 -2
163 188 2
163 164 2
164 189 2
164 165 2
165 190 2
165 166 2
166 191 2
166 167 2
167 192 2
167 168 -2
168 193 -2
168 169 -2
169 194 -2
169 170 2
170 195 2
170 171 -2
171 196 -2
171 172 -2
172 197 -2
172 173 -2
173 198 2
173 174 2
174 199 2
175 200 2
175 199 2
175 176 2
176 201 -2
176 177 -2
177 202 2
177 178 2
178 203 -2
178 179 -2
179 204 2
179 180 2
180 205 -2
180 181 2
181 206 -2
181 182 -2
182 207 -2
182 183 2
183 208 2
183 184 2
184 209 2
184 185 2
185 210 2
185 186 2
186 211 -2
186 187 -2
187 212 -2
187 188 -2
188 213 -2
188 189 2
189 214 -2
189 190 2
190 215 2
190 191 2
191 216 2
191 192 -2
192 217 -2
192 193 2
193 218 -2
193 194 2
194 219 -2
194 195 2
195 220 2
195 196 -2
196 221 -2
196 197 -2
197 222 -2
197 198 2
198 223 -2
198 199 -2
199 224 2
200 225 2
200 224 2
200 201 -2
201 226 2
201 202 2
202 227 2
202 203 -2
203 228 -2
203 204 2
204 229 2
204 205 -2
205 230 2
205 206 -2
206 231 2
206 207 -2
207 232 -2
207 208 -2
208 233 -2
208 209 -2
209 234 -2
209 210 -2
210 235 2
210 211 2
211 236 2
211 212 -2
212 237 2
212 213 2
213 238 -2
213 214 2
214 239 2
214 215 -2
215 240 -2
215 216 -2
216 241 -2
216 217 -2
217 242 -2
217 218 -2
218 243 2
218 219 2
219 244 2
219 220 -2
220 245 2
220 221 -2
221 246 -2
221 222 -2
222 247 -2
222 223 -2
223 248 -2
223 224 2
224 249 -2
225 250 -2
225 249 2
225 226 2
226 251 2
226 227 -2
227 252 -2
227 228 -2
228 253 2
228 229 -2
229 254 2
229 230 2
230 255 -2
230 231 -2
231 256 2
231 232 -2
232 257 -2
232 233 -2
233 258 2
233 234 -2
234 259 2
234 235 -2
235 260 -2
235 236 2
236 261 -2
236 237 2
237 262 2
237 238 2
238 263 2
238 239 2
239 264 2
239 240 2
240 265 2
240 241 2
241 266 2
241 242 2
242 267 2
242 243 -2
243 268 2
243 244 -2
244 269 -2
244 245 -2
245 270 -2
245 246 2
246 271 2
246 247 -2
247 272 -2
247 248 2
248 273 -2
248 249 2
249 274 2
250 275 -2
250 274 -2
250 251 -2
251 276 2
251 252 -2
252 277 -2
252 253 2
253 278 -2
253 254 -2
254 279 2
254 255 -2
255 280 2
255 256 -2
256 281 -2
256 257 -2
257 282 -2
257 258 -2
258 283 -2
258 259 2
259 284 -2
259 260 -2
260 285 -2
260 261 2
261 286 2
261 262 -2
262 287 -2
262 263 -2
263 288 -2
263 264 -2
264 289 2
264 265 -2
265 290 -2
265 266 2
266 291 2
266 267 2
267 292 2
267 268 -2
268 293 2
268 269 -2
269 294 -2
269 270 2
270 295 2
270 271 2
271 296 2
271 272 2
272 297 2
272 273 2
273 298 -2
273 274 2
274 299 -2
275 300 -2
275 299 2
275 276 -2
276 301 -2
276 277 2
277 302 2
277 278 -2
278 303 -2
278 279 -2
279 304 -2
279 280 2
280 305 -2
280 281 2
281 306 2
281 282 -2
282 307 2
282 283 -2
283 308 2
283 284 2
284 309 2
284 285 2
285 310 2
285 286 -2
286 311 -2
286 287 -2
287 312 -2
287 288 -2
288 313 2
288 289 -2
289 314 -2
289 290 2
290 315 2
290 291 -2
291 316 2
291 292 2
292 317 2
292 293 2
293 318 2
293 294 2
294 319 2
294 295 2
295 320 -2
295 296 2
296 321 2
296 297 -2
297 322 -2
297 298 2
298 323 -2
298 299 -2
299 324 2
300 325 -2
300 324 -2
300 301 -2
301 326 -2
301 302 2
302 327 2
302 303 -2
303 328 2
303 304 -2
304 329 2
304 305 2
305 330 -2
305 306 -2
306 331 -2
306 307 -2
307 332 -2
307 308 -2
308 333 2
308 309 -2
309 334 2
309 310 -2
310 335 2
310 311 2
311 336 -2
311 312 2
312 337 2
312 313 -2
313 338 2
313 314 2
314 339 2
314 315 2
315 340 2
315 316 -2
316 341 -2
316 317 -2
317 342 2
317 318 2
318 343 -2
318 319 2
319 344 2
319 320 -2
320 345 -2
320 321 -2
321 346 -2
321 322 2
322 347 -2
322 323 2
323 348 -2
323 324 2
324 349 2
325 350 -2
325 349 -2
325 326 -2
326 351 2
326 327 -2
327 352 -2
327 328 2
328 353 -2
328 329 -2
329 354 -2
329 330 -2
330 355 -2
330 331 -2
331 356 -2
331 332 2
332 357 2
332 333 2
333 358 2
333 334 -2
334 359 2
334 335 2
335 360 2
335 336 -2
336 361 2
336 337 -2
337 362 2
337 338 -2
338 363 2
338 339 2
339 364 -2
339 340 2
340 365 -2
340 341 -2
341 366 2
341 342 2
342 367 -2
342 343 2
343 368 -2
343 344 -2
344 369 -2
344 345 -2
345 370 2
345 346 -2
346 371 -2
346 347 -2
347 372 2
347 348 2
348 373 -2
348 349 -2
349 374 2
350 375 -2
350 374 2
350 351 2
351 376 2
351 352 -2
352 377 -2
352 353 -2
353 378 -2
353 354 2
354 379 2
354 355 2
355 380 2
355 356 -2
356 381 -2
356 357 2
357 382 -2
357 358 -2
358 383 2
358 359 2
359 384 2
359 360 2
360 385 -2
360 361 -2
361 386 -2
361 362 -2
362 387 -2
362 363 2
363 388 -2
363 364 2
364 389 -2
364 365 -2
365 390 -2
365 366 -2
366 391 2
366 367 2
367 392 -2
367 368 -2
368 393 -2
368 369 2
369 394 -2
369 370 -2
370 395 2
370 371 2
371 396 -2
371 372 -2
372 397 -2
372 373 -2
373 398 2
373 374 2
374 399 2
375 400 -2
375 399 -2
375 376 -2
376 401 2
376 377 2
377 402 -2
377 378 2
378 403 2
378 379 -2
379 404 2
379 380 -2
380 405 2
380 381 -2
381 406 -2
381 382 2
382 407 2
382 383 2
383 408 -2
383 384 -2
384 409 -2
384 385 2
385 410 2
385 386 2
386 411 2
386 387 2
387 412 2
387 388 -2
388 413 2
388 389 -2
389 414 -2
389 390 -2
390 415 -2
390 391 2
391 416 2
391 392 -2
392 417 2
392 393 -2
393 418 2
393 394 -2
394 419 -2
394 395 -2
395 420 -2
395 396 -2
396 421 2
396 397 2
397 422 2
397 398 -2
398 423 -2
398 399 -2
399 424 2
400 425 2
400 424 -2
400 401 -2
401 426 2
401 402 2
402 427 2
402 403 2
403 428 -2
403 404 -2
404 429 -2
404 405 2
405 430 -2
405 406 2
406 431 2
406 407 -2
407 432 2
407 408 2
408 433 -2
408 409 -2
409 434 -2
409 410 2
410 435 -2
410 411 -2
411 436 2
411 412 2
412 437 -2
412 413 2
413 438 -2
413 414 -2
414 439 2
414 415 2
415 440 -2
415 416 2
416 441 2
416 417 2
417 442 2
417 418 -2
418 443 2
418 419 2
419 444 2
419 420 -2
420 445 -2
420 421 -2
421 446 2
421 422 -2
422 447 2
422 423 -2
423 448 2
423 424 2
424 449 2
425 450 -2
425 449 2
425 426 2
426 451 -2
426 427 -2
427 452 2
427 428 2
428 453 2
428 429 2
429 454 -2
429 430 -2
430 455 2
430 431 2
431 456 2
431 432 2
432 457 2
432 433 -2
433 458 -2
433 434 2
434 459 2
434 435 -2
435 460 2
435 436 2
436 461 -2
436 437 -2
437 462 -2
437 438 2
438 463 2
438 439 2
439 464 -2
439 440 2
440 465 2
440 441 -2
441 466 2
441 442 2
442 467 -2
442 443 2
443 468 2
443 444 2
444 469 -2
444 445 -2
445 470 2
445 446 -2
446 471 2
446 447 2
447 472 -2
447 448 2
448 473 -2
448 449 -2
449 474 2
450 475 2
450 474 2
450 451 -2
451 476 2
451 452 2
452 477 -2
452 453 -2
453 478 2
453 454 -2
454 479 -2
454 455 2
455 480 2
455 456 -2
456 481 2
456 457 2
457 482 -2
457 458 2
458 483 2
458 459 2
459 484 2
459 460 -2
460 485 -2
460 461 2
461 486 -2
461 462 2
462 487 -2
462 463 -2
463 488 2
463 464 -2
464 489 -2
464 465 -2
465 490 2
465 466 -2
466 491 -2
466 467 -2
467 492 -2
467 468 2
468 493 -2
468 469 2
469 494 -2
469 470 -2
470 495 -2
470 471 -2
471 496 -2
471 472 2
472 497 -2
472 473 2
473 498 2
473 474 -2
474 499 -2
475 500 2
475 499 -2
475 476 -2
476 501 -2
476 477 -2
477 502 -2
477 478 2
478 503 2
478 479 -2
479 504 2
479 480 -2
480 505 -2
480 481 -2
481 506 2
481 482 2
482 507 -2
482 483 -2
483 508 2
483 484 2
484 509 2
484 485 2
485 510 2
485 486 -2
486 511 -2
486 487 2
487 512 -2
487 488 2
488 513 -2
488 489 -2
489 514 -2
489 490 2
490 515 -2
490 491 2
491 516 -2
491 492 2
492 517 -2
492 493 -2
493 518 2
493 494 2
494 519 2
494 495 2
495 520 2
495 496 -2
496 521 -2
496 497 2
497 522 -2
497 498 2
498 523 2
498 499 -2
499 524 -2
500 525 2
500 524 2
500 501 -2
501 526 2
501 502 2
502 527 -2
502 503 -2
503 528 -2
503 504 2
504 529 -2
504 505 2
505 530 2
505 506 2
506 531 2
506 507 2
507 532 -2
507 508 -2
508 533 2
508 509 2
509 534 2
509 510 2
510 535 -2
510 511 2
511 536 2
511 512 -2
512 537 -2
512 513 -2
513 538 2
513 514 2
514 539 -2
514 515 2
515 540 2
515 516 -2
516 541 2
516 517 2
517 542 -2
517 518 2
518 543 2
518 519 2
519 544 -2
519 520 -2
520 545 2
520 521 2
521 546 -2
521 522 2
522 547 -2
522 523 -2
523 548 -2
523 524 2
524 549 2
525 550 2
525 549 2
525 526 2
526 551 2
526 527 2
527 552 -2
527 528 -2
528 553 2
528 529 2
529 554 2
529 530 2
530 555 -2
530 531 2
531 556 2
531 532 -2
532 557 2
532 533 -2
533 558 2
533 534 -2
534 559 2
534 535 2
535 560 -2
535 536 2
536 561 -2
536 537 2
537 562 2
537 538 -2
538 563 -2
538 539 2
539 564 2
539 540 -2
540 565 -2
540 541 2
541 566 -2
541 542 -2
542 567 2
542 543 2
543 568 -2
543 544 -2
544 569 2
544 545 -2
545 570 -2
545 546 -2
546 571 2
546 547 2
547 572 2
547 548 2
548 573 2
548 549 -2
549 574 -2
550 575 -2
550 574 2
550 551 -2
551 576 2
551 552 -2
552 577 -2
552 553 -2
553 578 2
553 554 -2
554 579 -2
554 555 -2
555 580 -2
555 556 2
556 581 -2
556 557 -2
557 582 2
557 558 2
558 583 -2
558 559 2
559 584 2
559 560 -2
560 585 -2
560 561 -2
561 586 2
561 562 -2
562 587 2
562 563 -2
563 588 -2
563 564 2
564 589 2
564 565 -2
565 590 2
565 566 2
566 591 -2
566 567 2
567 592 -2
567 568 2
568 593 -2
568 569 2
569 594 -2
569 570 -2
570 595 -2
570 571 -2
571 596 2
571 572 -2
572 597 -2
572 573 2
573 598 -2
573 574 -2
574 599 -2
575 600 -2
575 599 -2
575 576 2
576 601 -2
576 577 2
577 602 2
577 578 2
578 603 2
578 579 -2
579 604 -2
579 580 2
580 605 2
580 581 2
581 606 -2
581 582 2
582 607 2
582 583 -2
583 608 2
583 584 2
584 609 -2
584 585 2
585 610 -2
585 586 2
586 611 2
586 587 2
587 612 2
587 588 -2
588 613 -2
588 589 2
589 614 2
589 590 -2
590 615 2
590 591 2
591 616 -2
591 592 -2
592 617 -2
592 593 2
593 618 -2
593 594 -2
594 619 -2
594 595 2
595 620 2
595 596 2
596 621 2
596 597 2
597 622 2
597 598 -2
598 623 -2
598 599 2
599 624 2
600 625 2
600 624 -2
600 601 -2
601 626 2
601 602 2
602 627 -2
602 603 2
603 628 2
603 604 2
604 629 -2
604 605 -2
605 630 2
605 606 -2
606 631 2
606 607 2
607 632 -2
607 608 2
608 633 -2
608 609 2
609 634 2
609 610 -2
610 635 -2
610 611 -2
611 636 2
611 612 2
612 637 2
612 613 -2
613 638 2
613 614 2
614 639 -2
614 615 2
615 640 -2
615 616 2
616 641 2
616 617 2
617 642 -2
617 618 2
618 643 2
618 619 2
619 644 -2
619 620 2
620 645 2
620 621 -2
621 646 2
621 622 2
622 647 -2
622 623 2
623 648 -2
623 624 -2
624 649 -2
625 650 -2
625 649 -2
625 626 2
626 651 -2
626 627 2
627 652 2
627 628 -2
628 653 2
628 629 -2
629 654 -2
629 630 2
630 655 2
630 631 -2
631 656 -2
631 632 2
632 657 -2
632 633 -2
633 658 2
633 634 2
634 659 2
634 635 -2
635 660 2
635 636 2
636 661 2
636 637 2
637 662 -2
637 638 2
638 663 2
638 639 -2
639 664 -2
639 640 -2
640 665 2
640 641 2
641 666 2
641 642 2
642 667 -2
642 643 2
643 668 2
643 644 2
644 669 -2
644 645 2
645 670 2
645 646 -2
646 671 -2
646 647 2
647 672 -2
647 648 2
648 673 2
648 649 -2
649 674 2
650 675 2
650 674 2
650 651 -2
651 676 -2
651 652 2
652 677 -2
652 653 2
653 678 -2
653 654 -2
654 679 2
654 655 2
655 680 -2
655 656 -2
656 681 2
656 657 -2
657 682 -2
657 658 -2
658 683 -2
658 659 2
659 684 2
659 660 -2
660 685 2
660 661 2
661 686 -2
661 662 2
662 687 -2
662 663 -2
663 688 -2
663 664 2
664 689 -2
664 665 2
665 690 2
665 666 -2
666 691 -2
666 667 -2
667 692 -2
667 668 2
668 693 2
668 669 -2
669 694 2
669 670 2
670 695 -2
670 671 2
671 696 -2
671 672 -2
672 697 2
672 673 -2
673 698 2
673 674 -2
674 699 2
675 700 2
675 699 -2
675 676 2
676 701 2
676 677 -2
677 702 -2
677 678 -2
678 703 -2
678 679 2
679 704 2
679 680 -2
680 705 2
680 681 -2
681 706 2
681 682 2
682 707 2
682 683 2
683 708 2
683 684 2
684 709 -2
684 685 2
685 710 -2
685 686 2
686 711 -2
686 687 2
687 712 2
687 688 -2
688 713 2
688 689 2
689 714 2
689 690 2
690 715 -2
690 691 2
691 716 -2
691 692 -2
692 717 -2
692 693 -2
693 718 2
693 694 -2
694 719 -2
694 695 2
695 720 2
695 696 -2
696 721 -2
696 697 2
697 722 -2
697 698 2
698 723 2
698 699 -2
699 724 2
700 725 2
700 724 -2
700 701 2
701 726 -2
701 702 2
702 727 2
702 703 2
703 728 -2
703 704 2
704 729 -2
704 705 -2
705 730 -2
705 706 2
706 731 -2
706 707 -2
707 732 2
707 708 2
708 733 -2
708 709 -2
709 734 2
709 710 -2
710 735 2
710 711 -2
711 736 -2
711 712 -2
712 737 2
712 713 2
713 738 2
713 714 -2
714 739 -2
714 715 2
715 740 2
715 716 -2
716 741 -2
716 717 -2
717 742 -2
717 718 2
718 743 2
718 719 2
719 744 2
719 720 -2
720 745 -2
720 721 2
721 746 -2
721 722 2
722 747 -2
722 723 2
723 748 2
723 724 -2
724 749 -2
725 750 2
725 749 -2
725 726 -2
726 751 2
726 727 -2
727 752 2
727 728 2
728 753 2
728 729 2
729 754 -2
729 730 -2
730 755 -2
730 731 -2
731 756 2
731 732 -2
732 757 -2
732 733 2
733 758 2
733 734 -2
734 759 2
734 735 2
735 760 2
735 736 -2
736 761 2
736 737 -2
737 762 2
737 738 2
738 763 -2
738 739 -2
739 764 -2
739 740 2
740 765 2
740 741 2
741 766 2
741 742 2
742 767 2
742 743 -2
743 768 -2
743 744 -2
744 769 -2
744 745 2
745 770 -2
745 746 -2
746 771 2
746 747 -2
747 772 -2
747 748 -2
748 773 2
748 749 2
749 774 2
750 775 -2
750 774 -2
750 751 -2
751 776 -2
751 752 -2
752 777 -2
752 753 -2
753 778 2
753 754 2
754 779 -2
754 755 2
755 780 -2
755 756 -2
756 781 -2
756 757 2
757 782 -2
757 758 2
758 783 2
758 759 -2
759 784 2
759 760 2
760 785 -2
760 761 2
761 786 -2
761 762 -2
762 787 -2
762 763 2
763 788 -2
763 764 2
764 789 -2
764 765 -2
765 790 -2
765 766 2
766 791 2
766 767 -2
767 792 -2
767 768 2
768 793 -2
768 769 2
769 794 -2
769 770 2
770 795 2
770 771 2
771 796 2
771 772 2
772 797 2
772 773 -2
773 798 -2
773 774 2
774 799 2
775 800 -2
775 799 -2
775 776 -2
776 801 -2
776 777 2
777 802 2
777 778 2
778 803 2
778 779 -2
779 804 2
779 780 -2
780 805 2
780 781 -2
781 806 2
781 782 -2
782 807 2
782 783 2
783 808 2
783 784 2
784 809 -2
784 785 -2
785 810 2
785 786 2
786 811 -2
786 787 -2
787 812 2
787 788 -2
788 813 2
788 789 2
789 814 -2
789 790 2
790 815 -2
790 791 2
791 816 2
791 792 2
792 817 2
792 793 2
793 818 -2
793 794 2
794 819 -2
794 795 -2
795 820 2
795 796 2
796 821 2
796 797 -2
797 822 -2
797 798 -2
798 823 -2
798 799 2
799 824 -2
800 825 -2
800 824 -2
800 801 2
801 826 -2
801 802 2
802 827 2
802 803 2
803 828 -2
803 804 2
804 829 2
804 805 2
805 830 2
805 806 -2
806 831 -2
806 807 -2
807 832 -2
807 808 2
808 833 -2
808 809 -2
809 834 2
809 810 2
810 835 2
810 811 -2
811 836 2
811 812 -2
812 837 -2
812 813 2
813 838 -2
813 814 2
814 839 -2
814 815 2
815 840 -2
815 816 2
816 841 2
816 817 2
817 842 -2
817 818 2
818 843 2
818 819 2
819 844 2
819 820 2
820 845 -2
820 821 -2
821 846 2
821 822 2
822 847 2
822 823 -2
823 848 2
823 824 -2
824 849 -2
825 850 -2
825 849 2
825 826 2
826 851 -2
826 827 -2
827 852 -2
827 828 -2
828 853 -2
828 829 2
829 854 2
829 830 2
830 855 -2
830 831 -2
831 856 -2
831 832 -2
832 857 2
832 833 -2
833 858 -2
833 834 2
834 859 2
834 835 2
835 860 -2
835 836 2
836 861 -2
836 837 -2
837 862 2
837 838 2
838 863 2
838 839 -2
839 864 2
839 840 -2
840 865 -2
840 841 2
841 866 -2
841 842 2
842 867 -2
842 843 -2
843 868 2
843 844 -2
844 869 -2
844 845 -2
845 870 -2
845 846 -2
846 871 2
846 847 -2
847 872 -2
847 848 -2
848 873 -2
848 849 -2
849 874 2
850 875 2
850 874 -2
850 851 -2
851 876 2
851 852 -2
852 877 2
852 853 2
853 878 2
853 854 2
854 879 2
854 855 -2
855 880 -2
855 856 2
856 881 2
856 857 -2
857 882 2
857 858 2
858 883 -2
858 859 2
859 884 2
859 860 -2
860 885 -2
860 861 2
861 886 -2
861 862 -2
862 887 -2
862 863 2
863 888 2
863 864 -2
864 889 2
864 865 -2
865 890 -2
865 866 2
866 891 2
866 867 2
867 892 -2
867 868 -2
868 893 2
868 869 -2
869 894 2
869 870 -2
870 895 2
870 871 2
871 896 2
871 872 -2
872 897 -2
872 873 -2
873 898 2
873 874 2
874 899 -2
875 900 2
875 899 -2
875 876 -2
876 901 2
876 877 2
877 902 -2
877 878 -2
878 903 2
878 879 -2
879 904 -2
879 880 -2
880 905 -2
880 881 -2
881 906 -2
881 882 -2
882 907 2
882 883 -2
883 908 2
883 884 -2
884 909 -2
884 885 -2
885 910 2
885 886 -2
886 911 -2
886 887 2
887 912 -2
887 888 -2
888 913 2
888 889 -2
889 914 2
889 890 -2
890 915 2
890 891 2
891 916 -2
891 892 2
892 917 2
892 893 2
893 918 2
893 894 2
894 919 -2
894 895 -2
895 920 -2
895 896 2
896 921 2
896 897 -2
897 922 -2
897 898 2
898 923 2
898 899 -2
899 924 2
900 925 -2
900 924 2
900 901 -2
901 926 -2
901 902 2
902 927 2
902 903 -2
903 928 -2
903 904 -2
904 929 -2
904 905 -2
905 930 -2
905 906 2
906 931 2
906 907 -2
907 932 -2
907 908 -2
908 933 2
908 909 2
909 934 -2
909 910 -2
910 935 -2
910 911 2
911 936 2
911 912 -2
912 937 2
912 913 2
913 938 2
913 914 2
914 939 -2
914 915 -2
915 940 -2
915 916 2
916 941 2
916 917 -2
917 942 -2
917 918 -2
918 943 2
918 919 -2
919 944 -2
919 920 -2
920 945 2
920 921 2
921 946 -2
921 922 -2
922 947 -2
922 923 -2
923 948 2
923 924 2
924 949 -2
925 950 2
925 949 2
925 926 2
926 951 2
926 927 2
927 952 2
927 928 -2
928 953 2
928 929 -2
929 954 2
929 930 2
930 955 2
930 931 -2
931 956 -2
931 932 2
932 957 -2
932 933 2
933 958 -2
933 934 -2
934 959 -2
934 935 -2
935 960 -2
935 936 -2
936 961 -2
936 937 2
937 962 -2
937 938 -2
938 963 2
938 939 -2
939 964 2
939 940 2
940 965 2
940 941 -2
941 966 -2
941 942 -2
942 967 2
942 943 -2
943 968 -2
943 944 2
944 969 -2
944 945 2
945 970 2
945 946 2
946 971 -2
946 947 -2
947 972 -2
947 948 2
948 973 2
948 949 2
949 974 -2
950 975 -2
950 974 -2
950 951 -2
951 976 -2
951 952 -2
952 977 2
952 953 2
953 978 2
953 954 -2
954 979 -2
954 955 2
955 980 2
955 956 2
956 981 2
956 957 -2
957 982 -2
957 958 2
958 983 2
958 959 -2
959 984 2
959 960 -2
960 985 2
960 961 -2
961 986 -2
961 962 -2
962 987 -2
962 963 2
963 988 2
963 964 -2
964 989 -2
964 965 -2
965 990 -2
965 966 2
966 991 2
966 967 -2
967 992 2
967 968 -2
968 993 2
968 969 2
969 994 2
969 970 -2
970 995 2
970 971 -2
971 996 -2
971 972 -2
972 997 -2
972 973 -2
973 998 -2
973 974 -2
974 999 -2
975 1000 2
975 999 2
975 976 -2
976 1001 2
976 977 2
977 1002 2
977 978 -2
978 1003 2
978 979 -2
979 1004 2
979 980 -2
980 1005 2
980 981 2
981 1006 2
981 982 2
982 1007 2
982 983 -2
983 1008 -2
983 984 2
984 1009 -2
984 985 2
985 1010 2
985 986 2
986 1011 2
986 987 -2
987 1012 2
987 988 2
988 1013 -2
988 989 2
989 1014 2
989 990 -2
990 1015 2
990 991 -2
991 1016 2
991 992 2
992 1017 -2
992 993 -2
993 1018 2
993 994 2
994 1019 -2
994 995 2
995 1020 2
995 996 -2
996 1021 -2
996 997 2
997 1022 -2
997 998 -2
998 1023 2
998 999 2
999 1024 2
1000 1025 -2
1000 1024 -2
1000 1001 2
1001 1026 2
1001 1002 -2
1002 1027 -2
1002 1003 2
1003 1028 2
1003 1004 2
1004 1029 -2
1004 1005 -2
1005 1030 2
1005 1006 -2
1006 1031 -2
1006 1007 -2
1007 1032 -2
1007 1008 -2
1008 1033 -2
1008 1009 -2
1009 1034 2
1009 1010 2
1010 1035 -2
1010 1011 2
1011 1036 -2
1011 1012 2
1012 1037 2
1012 1013 -2
1013 1038 -2
1013 1014 -2
1014 1039 2
1014 1015 2
1015 1040 2
1015 1016 2
1016 1041 2
1016 1017 2
1017 1042 2
1017 1018 2
1018 1043 -2
1018 1019 2
1019 1044 -2
1019 1020 2
1020 1045 2
1020 1021 2
1021 1046 -2
1021 1022 -2
1022 1047 -2
1022 1023 2
1023 1048 2
1023 1024 2
1024 1049 -2
1025 1050 2
1025 1049 2
1025 1026 2
1026 1051 2
1026 1027 -2
1027 1052 -2
1027 1028 2
1028 1053 -2
1028 1029 -2
1029 1054 2
1029 1030 -2
1030 1055 -2
1030 1031 -2
1031 1056 2
1031 1032 2
1032 1057 2
1032 1033 2
1033 1058 -2
1033 1034 2
1034 1059 -2
1034 1035 -2
1035 1060 2
1035 1036 2
1036 1061 -2
1036 1037 2
1037 1062 2
1037 1038 -2
1038 1063 -2
1038 1039 2
1039 1064 -2
1039 1040 2
1040 1065 -2
1040 1041 -2
1041 1066 2
1041 1042 2
1042 1067 2
1042 1043 -2
1043 1068 2
1043 1044 2
1044 1069 2
1044 1045 -2
1045 1070 -2
1045 1046 2
1046 1071 -2
1046 1047 -2
1047 1072 2
1047 1048 2
1048 1073 -2
1048 1049 -2
1049 1074 -2
1050 1075 -2
1050 1074 2
1050 1051 2
1051 1076 2
1051 1052 -2
1052 1077 -2
1052 1053 -2
1053 1078 2
1053 1054 -2
1054 1079 -2
1054 1055 2
1055 1080 -2
1055 1056 -2
1056 1081 -2
1056 1057 2
1057 1082 2
1057 1058 2
1058 1083 2
1058 1059 -2
1059 1084 -2
1059 1060 -2
1060 1085 2
1060 1061 -2
1061 1086 -2
1061 1062 2
1062 1087 2
1062 1063 2
1063 1088 2
1063 1064 2
1064 1089 2
1064 1065 -2
1065 1090 -2
1065 1066 2
1066 1091 2
1066 1067 -2
1067 1092 2
1067 1068 2
1068 1093 2
1068 1069 -2
1069 1094 2
1069 1070 -2
1070 1095 2
1070 1071 -2
1071 1096 2
1071 1072 2
1072 1097 -2
1072 1073 -2
1073 1098 2
1073 1074 2
1074 1099 2
1075 1100 -2
1075 1099 -2
1075 1076 2
1076 1101 -2
1076 1077 2
1077 1102 -2
1077 1078 2
1078 1103 -2
1078 1079 -2
1079 1104 -2
1079 1080 2
1080 1105 2
1080 1081 2
1081 1106 -2
1081 1082 2
1082 1107 2
1082 1083 2
1083 1108 -2
1083 1084 -2
1084 1109 -2
1084 1085 -2
1085 1110 -2
1085 1086 2
1086 1111 2
1086 1087 -2
1087 1112 -2
1087 1088 2
1088 1113 2
1088 1089 2
1089 1114 -2
1089 1090 2
1090 1115 2
1090 1091 2
1091 1116 2
1091 1092 2
1092 1117 2
1092 1093 2
1093 1118 2
1093 1094 -2
1094 1119 2
1094 1095 -2
1095 1120 2
1095 1096 -2
1096 1121 2
1096 1097 -2
1097 1122 -2
1097 1098 -2
1098 1123 -2
1098 1099 -2
1099 1124 -2
1100 1125 -2
1100 1124 2
1100 1101 2
1101 1126 2
1101 1102 -2
1102 1127 -2
1102 1103 -2
1103 1128 -2
1103 1104 -2
1104 1129 2
1104 1105 2
1105 1130 -2
1105 1106 2
1106 1131 2
1106 1107 2
1107 1132 -2
1107 1108 2
1108 1133 2
1108 1109 2
1109 1134 -2
1109 1110 2
1110 1135 -2
1110 1111 2
1111 1136 2
1111 1112 -2
1112 1137 2
1112 1113 -2
1113 1138 -2
1113 1114 2
1114 1139 -2
1114 1115 2
1115 1140 -2
1115 1116 2
1116 1141 -2
1116 1117 2
1117 1142 -2
1117 1118 2
1118 1143 2
1118 1119 -2
1119 1144 -2
1119 1120 2
1120 1145 -2
1120 1121 -2
1121 1146 -2
1121 1122 2
1122 1147 -2
1122 1123 -2
1123 1148 -2
1123 1124 2
1124 1149 -2
1125 1150 -2
1125 1149 -2
1125 1126 -2
1126 1151 -2
1126 1127 2
1127 1152 2
1127 1128 -2
1128 1153 2
1128 1129 2
1129 1154 2
1129 1130 -2
1130 1155 -2
1130 1131 2
1131 1156 2
1131 1132 -2
1132 1157 2
1132 1133 2
1133 1158 -2
1133 1134 -2
1134 1159 -2
1134 1135 2
1135 1160 -2
1135 1136 -2
1136 1161 -2
1136 1137 -2
1137 1162 -2
1137 1138 -2
1138 1163 -2
1138 1139 2
1139 1164 2
1139 1140 2
1140 1165 -2
1140 1141 -2
1141 1166 2
1141 1142 -2
1142 1167 2
1142 1143 2
1143 1168 -2
1143 1144 2
1144 1169 -2
1144 1145 -2
1145 1170 2
1145 1146 -2
1146 1171 2
1146 1147 -2
1147 1172 2
1147 1148 -2
1148 1173 2
1148 1149 2
1149 1174 -2
1150 1175 -2
1150 1174 2
1150 1151 2
1151 1176 2
1151 1152 -2
1152 1177 -2
1152 1153 2
1153 1178 -2
1153 1154 -2
1154 1179 -2
1154 1155 2
1155 1180 2
1155 1156 2
1156 1181 2
1156 1157 -2
1157 1182 -2
1157 1158 2
1158 1183 2
1158 1159 -2
1159 1184 -2
1159 1160 -2
1160 1185 2
1160 1161 2
1161 1186 2
1161 1162 -2
1162 1187 2
1162 1163 2
1163 1188 -2
1163 1164 -2
1164 1189 -2
1164 1165 2
1165 1190 -2
1165 1166 -2
1166 1191 2
1166 1167 -2
1167 1192 2
1167 1168 -2
1168 1193 -2
1168 1169 2
1169 1194 2
1169 1170 2
1170 1195 2
1170 1171 -2
1171 1196 -2
1171 1172 -2
1172 1197 2
1172 1173 2
1173 1198 -2
1173 1174 2
1174 1199 -2
1175 1200 -2
1175 1199 -2
1175 1176 -2
1176 1201 2
1176 1177 2
1177 1202 2
1177 1178 -2
1178 1203 2
1178 1179 2
1179 1204 2
1179 1180 2
1180 1205 -2
1180 1181 -2
1181 1206 2
1181 1182 -2
1182 1207 -2
1182 1183 -2
1183 1208 2
1183 1184 -2
1184 1209 2
1184 1185 -2
1185 1210 -2
1185 1186 -2
1186 1211 -2
1186 1187 2
1187 1212 -2
1187 1188 2
1188 1213 -2
1188 1189 2
1189 1214 2
1189 1190 2
1190 1215 -2
1190 1191 -2
1191 1216 2
1191 1192 2
1192 1217 2
1192 1193 -2
1193 1218 2
1193 1194 -2
1194 1219 2
1194 1195 2
1195 1220 -2
1195 1196 2
1196 1221 2
1196 1197 2
1197 1222 -2
1197 1198 2
1198 1223 -2
1198 1199 -2
1199 1224 2
1200 1225 2
1200 1224 -2
1200 1201 2
1201 1226 -2
1201 1202 -2
1202 1227 2
1202 1203 -2
1203 1228 -2
1203 1204 -2
1204 1229 -2
1204 1205 2
1205 1230 2
1205 1206 2
1206 1231 2
1206 1207 -2
1207 1232 2
1207 1208 -2
1208 1233 2
1208 1209 -2
1209 1234 2
1209 1210 -2
1210 1235 -2
1210 1211 -2
1211 1236 2
1211 1212 -2
1212 1237 2
1212 1213 2
1213 1238 2
1213 1214 -2
1214 1239 2
1214 1215 -2
1215 1240 -2
1215 1216 2
1216 1241 2
1216 1217 -2
1217 1242 2
1217 1218 -2
1218 1243 -2
1218 1219 2
1219 1244 -2
1219 1220 -2
1220 1245 2
1220 1221 2
1221 1246 2
1221 1222 -2
1222 1247 -2
1222 1223 2
1223 1248 2
1223 1224 2
1224 1249 2
1225 1250 2
1225 1249 -2
1225 1226 -2
1226 1251 -2
1226 1227 2
1227 1252 2
1227 1228 -2
1228 1253 -2
1228 1229 -2
1229 1254 -2
1229 1230 -2
1230 1255 2
1230 1231 2
1231 1256 2
1231 1232 -2
1232 1257 2
1232 1233 -2
1233 1258 -2
1233 1234 2
1234 1259 2
1234 1235 2
1235 1260 -2
1235 1236 2
1236 1261 -2
1236 1237 2
1237 1262 2
1237 1238 -2
1238 1263 -2
1238 1239 -2
1239 1264 -2
1239 1240 -2
1240 1265 2
1240 1241 -2
1241 1266 -2
1241 1242 2
1242 1267 2
1242 1243 2
1243 1268 2
1243 1244 -2
1244 1269 -2
1244 1245 2
1245 1270 2
1245 1246 -2
1246 1271 2
1246 1247 -2
1247 1272 -2
1247 1248 -2
1248 1273 -2
1248 1249 -2
1249 1274 2
1250 1275 -2
1250 1274 -2
1250 1251 2
1251 1276 -2
1251 1252 2
1252 1277 -2
1252 1253 2
1253 1278 2
1253 1254 2
1254 1279 -2
1254 1255 -2
1255 1280 2
1255 1256 -2
1256 1281 -2
1256 1257 -2
1257 1282 2
1257 1258 2
1258 1283 2
1258 1259 -2
1259 1284 -2
1259 1260 2
1260 1285 2
1260 1261 2
1261 1286 -2
1261 1262 2
1262 1287 -2
1262 1263 -2
1263 1288 -2
1263 1264 -2
1264 1289 2
1264 1265 2
1265 1290 2
1265 1266 2
1266 1291 2
1266 1267 2
1267 1292 2
1267 1268 -2
1268 1293 -2
1268 1269 -2
1269 1294 2
1269 1270 -2
1270 1295 -2
1270 1271 2
1271 1296 -2
1271 1272 -2
1272 1297 2
1272 1273 2
1273 1298 2
1273 1274 -2
1274 1299 2
1275 1300 -2
1275 1299 2
1275 1276 -2
1276 1301 -2
1276 1277 -2
1277 1302 2
1277 1278 2
1278 1303 2
1278 1279 2
1279 1304 -2
1279 1280 -2
1280 1305 -2
1280 1281 -2
1281 1306 2
1281 1282 -2
1282 1307 -2
1282 1283 2
1283 1308 -2
1283 1284 2
1284 1309 2
1284 1285 2
1285 1310 2
1285 1286 2
1286 1311 -2
1286 1287 -2
1287 1312 2
1287 1288 -2
1288 1313 2
1288 1289 -2
1289 1314 -2
1289 1290 2
1290 1315 -2
1290 1291 -2
1291 1316 2
1291 1292 -2
1292 1317 2
1292 1293 2
1293 1318 -2
1293 1294 -2
1294 1319 -2
1294 1295 -2
1295 1320 -2
1295 1296 2
1296 1321 2
1296 1297 -2
1297 1322 -2
1297 1298 -2
1298 1323 -2
1298 1299 -2
1299 1324 -2
1300 1325 2
1300 1324 -2
1300 1301 -2
1301 1326 2
1301 1302 2
1302 1327 -2
1302 1303 -2
1303 1328 2
1303 1304 2
1304 1329 -2
1304 1305 -2
1305 1330 2
1305 1306 2
1306 1331 2
1306 1307 -2
1307 1332 -2
1307 1308 2
1308 1333 2
1308 1309 2
1309 1334 2
1309 1310 2
1310 1335 2
1310 1311 -2
1311 1336 -2
1311 1312 -2
1312 1337 -2
1312 1313 2
1313 1338 2
1313 1314 2
1314 1339 -2
1314 1315 -2
1315 1340 -2
1315 1316 -2
1316 1341 2
1316 1317 -2
1317 1342 -2
1317 1318 -2
1318 1343 2
1318 1319 -2
1319 1344 -2
1319 1320 2
1320 1345 2
1320 1321 -2
1321 1346 2
1321 1322 2
1322 1347 -2
1322 1323 -2
1323 1348 2
1323 1324 2
1324 1349 2
1325 1350 -2
1325 1349 -2
1325 1326 2
1326 1351 -2
1326 1327 2
1327 1352 -2
1327 1328 2
1328 1353 2
1328 1329 -2
1329 1354 2
1329 1330 -2
1330 1355 2
1330 1331 2
1331 1356 -2
1331 1332 -2
1332 1357 -2
1332 1333 -2
1333 1358 2
1333 1334 2
1334 1359 2
1334 1335 -2
1335 1360 2
1335 1336 -2
1336 1361 2
1336 1337 2
1337 1362 -2
1337 1338 2
1338 1363 -2
1338 1339 -2
1339 1364 -2
1339 1340 -2
1340 1365 -2
1340 1341 -2
1341 1366 2
1341 1342 -2
1342 1367 2
1342 1343 -2
1343 1368 2
1343 1344 2
1344 1369 2
1344 1345 -2
1345 1370 -2
1345 1346 -2
1346 1371 2
1346 1347 -2
1347 1372 -2
1347 1348 2
1348 1373 -2
1348 1349 -2
1349 1374 2
1350 1375 -2
1350 1374 -2
1350 1351 -2
1351 1376 -2
1351 1352 -2
1352 1377 2
1352 1353 2
1353 1378 -2
1353 1354 -2
1354 1379 2
1354 1355 -2
1355 1380 2
1355 1356 -2
1356 1381 2
1356 1357 -2
1357 1382 -2
1357 1358 2
1358 1383 2
1358 1359 -2
1359 1384 2
1359 1360 -2
1360 1385 -2
1360 1361 2
1361 1386 -2
1361 1362 2
1362 1387 2
1362 1363 2
1363 1388 -2
1363 1364 2
1364 1389 -2
1364 1365 2
1365 1390 -2
1365 1366 -2
1366 1391 2
1366 1367 -2
1367 1392 2
1367 1368 -2
1368 1393 2
1368 1369 -2
1369 1394 -2
1369 1370 -2
1370 1395 -2
1370 1371 -2
1371 1396 2
1371 1372 -2
1372 1397 2
1372 1373 -2
1373 1398 -2
1373 1374 -2
1374 1399 2
1375 1400 -2
1375 1399 -2
1375 1376 -2
1376 1401 2
1376 1377 2
1377 1402 2
1377 1378 -2
1378 1403 2
1378 1379 -2
1379 1404 2
1379 1380 -2
1380 1405 2
1380 1381 2
1381 1406 -2
1381 1382 2
1382 1407 -2
1382 1383 2
1383 1408 -2
1383 1384 2
1384 1409 2
1384 1385 -2
1385 1410 -2
1385 1386 2
1386 1411 2
1386 1387 -2
1387 1412 2
1387 1388 -2
1388 1413 2
1388 1389 -2
1389 1414 -2
1389 1390 2
1390 1415 -2
1390 1391 2
1391 1416 -2
1391 1392 -2
1392 1417 -2
1392 1393 -2
1393 1418 2
1393 1394 2
1394 1419 -2
1394 1395 2
1395 1420 -2
1395 1396 2
1396 1421 2
1396 1397 -2
1397 1422 -2
1397 1398 -2
1398 1423 -2
1398 1399 2
1399 1424 -2
1400 1425 -2
1400 1424 -2
1400 1401 -2
1401 1426 2
1401 1402 -2
1402 1427 2
1402 1403 2
1403 1428 2
1403 1404 -2
1404 1429 2
1404 1405 -2
1405 1430 2
1405 1406 -2
1406 1431 -2
1406 1407 -2
1407 1432 -2
1407 1408 -2
1408 1433 2
1408 1409 -2
1409 1434 -2
1409 1410 -2
1410 1435 -2
1410 1411 -2
1411 1436 -2
1411 1412 2
1412 1437 -2
1412 1413 -2
1413 1438 2
1413 1414 2
1414 1439 2
1414 1415 2
1415 1440 2
1415 1416 2
1416 1441 -2
1416 1417 -2
1417 1442 -2
1417 1418 2
1418 1443 2
1418 1419 -2
1419 1444 2
1419 1420 2
1420 1445 -2
1420 1421 2
1421 1446 2
1421 1422 2
1422 1447 2
1422 1423 -2
1423 1448 2
1423 1424 -2
1424 1449 2
1425 1450 2
1425 1449 -2
1425 1426 2
1426 1451 2
1426 1427 2
1427 1452 -2
1427 1428 -2
1428 1453 -2
1428 1429 -2
1429 1454 2
1429 1430 2
1430 1455 -2
1430 1431 -2
1431 1456 2
1431 1432 2
1432 1457 -2
1432 1433 -2
1433 1458 -2
1433 1434 2
1434 1459 -2
1434 1435 -2
1435 1460 -2
1435 1436 2
1436 1461 2
1436 1437 2
1437 1462 -2
1437 1438 2
1438 1463 -2
1438 1439 2
1439 1464 -2
1439 1440 -2
1440 1465 -2
1440 1441 2
1441 1466 2
1441 1442 -2
1442 1467 2
1442 1443 2
1443 1468 2
1443 1444 -2
1444 1469 2
1444 1445 2
1445 1470 2
1445 1446 2
1446 1471 2
1446 1447 2
1447 1472 -2
1447 1448 -2
1448 1473 2
1448 1449 -2
1449 1474 2
1450 1475 2
1450 1474 2
1450 1451 -2
1451 1476 2
1451 1452 2
1452 1477 2
1452 1453 2
1453 1478 2
1453 1454 2
1454 1479 2
1454 1455 -2
1455 1480 2
1455 1456 2
1456 1481 2
1456 1457 2
1457 1482 -2
1457 1458 -2
1458 1483 2
1458 1459 -2
1459 1484 2
1459 1460 -2
1460 1485 -2
1460 1461 2
1461 1486 -2
1461 1462 -2
1462 1487 2
1462 1463 2
1463 1488 2
1463 1464 -2
1464 1489 -2
1464 1465 2
1465 1490 -2
1465 1466 -2
1466 1491 -2
1466 1467 -2
1467 1492 2
1467 1468 2
1468 1493 2
1468 1469 -2
1469 1494 2
1469 1470 -2
1470 1495 2
1470 1471 2
1471 1496 -2
1471 1472 -2
1472 1497 2
1472 1473 2
1473 1498 -2
1473 1474 2
1474 1499 2
1475 1500 -2
1475 1499 2
1475 1476 -2
1476 1501 -2
1476 1477 -2
1477 1502 -2
1477 1478 2
1478 1503 2
1478 1479 -2
1479 1504 -2
1479 1480 2
1480 1505 2
1480 1481 -2
1481 1506 -2
1481 1482 2
1482 1507 2
1482 1483 2
1483 1508 2
1483 1484 2
1484 1509 -2
1484 1485 -2
1485 1510 2
1485 1486 -2
1486 1511 -2
1486 1487 -2
1487 1512 2
1487 1488 2
1488 1513 -2
1488 1489 2
1489 1514 2
1489 1490 -2
1490 1515 2
1490 1491 2
1491 1516 2
1491 1492 -2
1492 1517 -2
1492 1493 2
1493 1518 2
1493 1494 -2
1494 1519 2
1494 1495 -2
1495 1520 -2
1495 1496 -2
1496 1521 2
1496 1497 -2
1497 1522 2
1497 1498 2
1498 1523 -2
1498 1499 2
1499 1524 -2
1500 1525 -2
1500 1524 2
1500 1501 2
1501 1526 2
1501 1502 -2
1502 1527 -2
1502 1503 -2
1503 1528 -2
1503 1504 2
1504 1529 2
1504 1505 -2
1505 1530 -2
1505 1506 -2
1506 1531 -2
1506 1507 2
1507 1532 2
1507 1508 2
1508 1533 2
1508 1509 -2
1509 1534 -2
1509 1510 -2
1510 1535 2
1510 1511 -2
1511 1536 -2
1511 1512 2
1512 1537 -2
1512 1513 2
1513 1538 -2
1513 1514 2
1514 1539 -2
1514 1515 2
1515 1540 -2
1515 1516 2
1516 1541 2
1516 1517 -2
1517 1542 2
1517 1518 2
1518 1543 -2
1518 1519 2
1519 1544 -2
1519 1520 -2
1520 1545 2
1520 1521 -2
1521 1546 2
1521 1522 2
1522 1547 -2
1522 1523 2
1523 1548 2
1523 1524 2
1524 1549 -2
1525 1550 -2
1525 1549 -2
1525 1526 2
1526 1551 -2
1526 1527 -2
1527 1552 2
1527 1528 2
1528 1553 -2
1528 1529 2
1529 1554 2
1529 1530 -2
1530 1555 2
1530 1531 -2
1531 1556 2
1531 1532 2
1532 1557 2
1532 1533 2
1533 1558 2
1533 1534 -2
1534 1559 -2
1534 1535 -2
1535 1560 -2
1535 1536 -2
1536 1561 -2
1536 1537 2
1537 1562 2
1537 1538 -2
1538 1563 -2
1538 1539 -2
1539 1564 2
1539 1540 -2
1540 1565 2
1540 1541 -2
1541 1566 2
1541 1542 -2
1542 1567 2
1542 1543 -2
1543 1568 -2
1543 1544 -2
1544 1569 2
1544 1545 2
1545 1570 2
1545 1546 -2
1546 1571 2
1546 1547 2
1547 1572 2
1547 1548 2
1548 1573 -2
1548 1549 2
1549 1574 2
1550 1575 2
1550 1574 -2
1550 1551 -2
1551 1576 -2
1551 1552 -2
1552 1577 -2
1552 1553 -2
1553 1578 -2
1553 1554 -2
1554 1579 -2
1554 1555 -2
1555 1580 2
1555 1556 -2
1556 1581 -2
1556 1557 -2
1557 1582 -2
1557 1558 -2
1558 1583 2
1558 1559 -2
1559 1584 2
1559 1560 2
1560 1585 2
1560 1561 -2
1561 1586 2
1561 1562 2
1562 1587 -2
1562 1563 -2
1563 1588 -2
1563 1564 2
1564 1589 2
1564 1565 -2
1565 1590 2
1565 1566 -2
1566 1591 -2
1566 1567 2
1567 1592 -2
1567 1568 -2
1568 1593 2
1568 1569 2
1569 1594 -2
1569 1570 2
1570 1595 2
1570 1571 2
1571 1596 -2
1571 1572 -2
1572 1597 -2
1572 1573 2
1573 1598 2
1573 1574 2
1574 1599 -2
1575 1600 -2
1575 1599 -2
1575 1576 2
1576 1601 -2
1576 1577 2
1577 1602 2
1577 1578 -2
1578 1603 -2
1578 1579 -2
1579 1604 -2
1579 1580 2
1580 1605 2
1580 1581 -2
1581 1606 -2
1581 1582 -2
1582 1607 2
1582 1583 -2
1583 1608 -2
1583 1584 -2
1584 1609 -2
1584 1585 -2
1585 1610 2
1585 1586 -2
1586 1611 -2
1586 1587 2
1587 1612 2
1587 1588 2
1588 1613 2
1588 1589 -2
1589 1614 2
1589 1590 -2
1590 1615 2
1590 1591 2
1591 1616 2
1591 1592 2
1592 1617 -2
1592 1593 2
1593 1618 -2
1593 1594 -2
1594 1619 2
1594 1595 2
1595 1620 -2
1595 1596 -2
1596 1621 -2
1596 1597 -2
1597 1622 2
1597 1598 2
1598 1623 -2
1598 1599 -2
1599 1624 -2
1600 1625 -2
1600 1624 2
1600 1601 2
1601 1626 -2
1601 1602 -2
1602 1627 2
1602 1603 2
1603 1628 -2
1603 1604 -2
1604 1629 -2
1604 1605 -2
1605 1630 -2
1605 1606 -2
1606 1631 -2
1606 1607 2
1607 1632 -2
1607 1608 2
1608 1633 2
1608 1609 -2
1609 1634 2
1609 1610 2
1610 1635 2
1610 1611 2
1611 1636 2
1611 1612 -2
1612 1637 -2
1612 1613 -2
1613 1638 -2
1613 1614 -2
1614 1639 2
1614 1615 2
1615 1640 2
1615 1616 -2
1616 1641 -2
1616 1617 2
1617 1642 -2
1617 1618 2
1618 1643 2
1618 1619 -2
1619 1644 -2
1619 1620 -2
1620 1645 -2
1620 1621 -2
1621 1646 2
1621 1622 -2
1622 1647 2
1622 1623 2
1623 1648 2
1623 1624 -2
1624 1649 -2
1625 1650 2
1625 1649 -2
1625 1626 -2
1626 1651 -2
1626 1627 -2
1627 1652 -2
1627 1628 2
1628 1653 -2
1628 1629 -2
1629 1654 -2
1629 1630 -2
1630 1655 -2
1630 1631 2
1631 1656 2
1631 1632 -2
1632 1657 2
1632 1633 -2
1633 1658 2
1633 1634 2
1634 1659 -2
1634 1635 2
1635 1660 2
1635 1636 -2
1636 1661 -2
1636 1637 -2
1637 1662 2
1637 1638 -2
1638 1663 2
1638 1639 2
1639 1664 -2
1639 1640 -2
1640 1665 -2
1640 1641 2
1641 1666 2
1641 1642 -2
1642 1667 -2
1642 1643 2
1643 1668 2
1643 1644 -2
1644 1669 2
1644 1645 -2
1645 1670 -2
1645 1646 -2
1646 1671 -2
1646 1647 2
1647 1672 -2
1647 1648 -2
1648 1673 -2
1648 1649 2
1649 1674 -2
1650 1675 2
1650 1674 -2
1650 1651 -2
1651 1676 -2
1651 1652 -2
1652 1677 -2
1652 1653 2
1653 1678 2
1653 1654 2
1654 1679 2
1654 1655 -2
1655 1680 2
1655 1656 -2
1656 1681 -2
1656 1657 -2
1657 1682 2
1657 1658 2
1658 1683 -2
1658 1659 2
1659 1684 -2
1659 1660 -2
1660 1685 -2
1660 1661 -2
1661 1686 -2
1661 1662 -2
1662 1687 2
1662 1663 2
1663 1688 -2
1663 1664 -2
1664 1689 2
1664 1665 2
1665 1690 2
1665 1666 2
1666 1691 -2
1666 1667 -2
1667 1692 -2
1667 1668 -2
1668 1693 2
1668 1669 -2
1669 1694 -2
1669 1670 -2
1670 1695 2
1670 1671 -2
1671 1696 -2
1671 1672 -2
1672 1697 2
1672 1673 2
1673 1698 2
1673 1674 2
1674 1699 2
1675 1700 -2
1675 1699 2
1675 1676 -2
1676 1701 2
1676 1677 -2
1677 1702 2
1677 1678 -2
1678 1703 2
1678 1679 -2
1679 1704 -2
1679 1680 -2
1680 1705 -2
1680 1681 2
1681 1706 -2
1681 1682 -2
1682 1707 -2
1682 1683 2
1683 1708 -2
1683 1684 2
1684 1709 2
1684 1685 2
1685 1710 2
1685 1686 2
1686 1711 -2
1686 1687 -2
1687 1712 2
1687 1688 -2
1688 1713 -2
1688 1689 -2
1689 1714 -2
1689 1690 -2
1690 1715 2
1690 1691 -2
1691 1716 -2
1691 1692 2
1692 1717 -2
1692 1693 2
1693 1718 -2
1693 1694 -2
1694 1719 2
1694 1695 -2
1695 1720 2
1695 1696 -2
1696 1721 -2
1696 1697 2
1697 1722 -2
1697 1698 2
1698 1723 2
1698 1699 -2
1699 1724 -2
1700 1725 -2
1700 1724 -2
1700 1701 -2
1701 1726 2
1701 1702 2
1702 1727 -2
1702 1703 -2
1703 1728 2
1703 1704 -2
1704 1729 2
1704 1705 -2
1705 1730 2
1705 1706 -2
1706 1731 2
1706 1707 -2
1707 1732 2
1707 1708 2
1708 1733 -2
1708 1709 2
1709 1734 -2
1709 1710 -2
1710 1735 2
1710 1711 -2
1711 1736 -2
1711 1712 2
1712 1737 2
1712 1713 2
1713 1738 -2
1713 1714 -2
1714 1739 -2
1714 1715 2
1715 1740 2
1715 1716 2
1716 1741 2
1716 1717 2
1717 1742 2
1717 1718 2
1718 1743 2
1718 1719 -2
1719 1744 -2
1719 1720 -2
1720 1745 2
1720 1721 2
1721 1746 2
1721 1722 2
1722 1747 2
1722 1723 2
1723 1748 2
1723 1724 2
1724 1749 -2
1725 1750 -2
1725 1749 -2
1725 1726 -2
1726 1751 2
1726 1727 -2
1727 1752 2
1727 1728 -2
1728 1753 2
1728 1729 -2
1729 1754 -2
1729 1730 -2
1730 1755 2
1730 1731 -2
1731 1756 2
1731 1732 -2
1732 1757 -2
1732 1733 2
1733 1758 2
1733 1734 -2
1734 1759 2
1734 1735 -2
1735 1760 2
1735 1736 2
1736 1761 2
1736 1737 -2
1737 1762 2
1737 1738 2
1738 1763 2
1738 1739 -2
1739 1764 2
1739 1740 -2
1740 1765 2
1740 1741 2
1741 1766 2
1741 1742 -2
1742 1767 2
1742 1743 2
1743 1768 2
1743 1744 2
1744 1769 -2
1744 1745 -2
1745 1770 2
1745 1746 2
1746 1771 2
1746 1747 -2
1747 1772 -2
1747 1748 2
1748 1773 -2
1748 1749 2
1749 1774 2
1750 1775 2
1750 1774 2
1750 1751 -2
1751 1776 2
1751 1752 -2
1752 1777 2
1752 1753 -2
1753 1778 -2
1753 1754 2
1754 1779 2
1754 1755 2
1755 1780 -2
1755 1756 -2
1756 1781 2
1756 1757 2
1757 1782 2
1757 1758 -2
1758 1783 -2
1758 1759 -2
1759 1784 -2
1759 1760 -2
1760 1785 2
1760 1761 -2
1761 1786 -2
1761 1762 -2
1762 1787 -2
1762 1763 2
1763 1788 -2
1763 1764 -2
1764 1789 2
1764 1765 -2
1765 1790 -2
1765 1766 -2
1766 1791 2
1766 1767 -2
1767 1792 -2
1767 1768 2
1768 1793 2
1768 1769 2
1769 1794 2
1769 1770 2
1770 1795 -2
1770 1771 2
1771 1796 -2
1771 1772 -2
1772 1797 -2
1772 1773 2
1773 1798 -2
1773 1774 2
1774 1799 2
1775 1800 -2
1775 1799 -2
1775 1776 -2
1776 1801 2
1776 1777 2
1777 1802 -2
1777 1778 2
1778 1803 2
1778 1779 -2
1779 1804 -2
1779 1780 2
1780 1805 2
1780 1781 2
1781 1806 -2
1781 1782 -2
1782 1807 -2
1782 1783 -2
1783 1808 -2
1783 1784 -2
1784 1809 -2
1784 1785 2
1785 1810 -2
1785 1786 2
1786 1811 2
1786 1787 -2
1787 1812 2
1787 1788 -2
1788 1813 -2
1788 1789 -2
1789 1814 2
1789 1790 -2
1790 1815 2
1790 1791 2
1791 1816 -2
1791 1792 -2
1792 1817 2
1792 1793 2
1793 1818 2
1793 1794 2
1794 1819 2
1794 1795 -2
1795 1820 -2
1795 1796 2
1796 1821 2
1796 1797 -2
1797 1822 -2
1797 1798 2
1798 1823 2
1798 1799 -2
1799 1824 2
1800 1825 2
1800 1824 -2
1800 1801 -2
1801 1826 2
1801 1802 2
1802 1827 -2
1802 1803 -2
1803 1828 2
1803 1804 -2
1804 1829 2
1804 1805 2
1805 1830 -2
1805 1806 -2
1806 1831 2
1806 1807 -2
1807 1832 -2
1807 1808 2
1808 1833 -2
1808 1809 -2
1809 1834 -2
1809 1810 2
1810 1835 -2
1810 1811 2
1811 1836 -2
1811 1812 -2
1812 1837 2
1812 1813 -2
1813 1838 -2
1813 1814 -2
1814 1839 -2
1814 1815 -2
1815 1840 2
1815 1816 2
1816 1841 -2
1816 1817 2
1817 1842 2
1817 1818 2
1818 1843 2
1818 1819 -2
1819 1844 2
1819 1820 -2
1820 1845 2
1820 1821 -2
1821 1846 -2
1821 1822 2
1822 1847 -2
1822 1823 2
1823 1848 -2
1823 1824 -2
1824 1849 -2
1825 1850 -2
1825 1849 2
1825 1826 2
1826 1851 -2
1826 1827 2
1827 1852 2
1827 1828 2
1828 1853 -2
1828 1829 -2
1829 1854 -2
1829 1830 2
1830 1855 2
1830 1831 2
1831 1856 2
1831 1832 2
1832 1857 -2
1832 1833 -2
1833 1858 2
1833 1834 -2
1834 1859 2
1834 1835 2
1835 1860 -2
1835 1836 -2
1836 1861 -2
1836 1837 -2
1837 1862 2
1837 1838 -2
1838 1863 -2
1838 1839 2
1839 1864 -2
1839 1840 2
1840 1865 -2
1840 1841 -2
1841 1866 2
1841 1842 2
1842 1867 2
1842 1843 -2
1843 1868 2
1843 1844 -2
1844 1869 2
1844 1845 -2
1845 1870 2
1845 1846 2
1846 1871 2
1846 1847 2
1847 1872 2
1847 1848 -2
1848 1873 -2
1848 1849 -2
1849 1874 -2
1850 1875 -2
1850 1874 2
1850 1851 2
1851 1876 -2
1851 1852 -2
1852 1877 -2
1852 1853 -2
1853 1878 2
1853 1854 2
1854 1879 2
1854 1855 2
1855 1880 -2
1855 1856 -2
1856 1881 -2
1856 1857 -2
1857 1882 2
1857 1858 -2
1858 1883 -2
1858 1859 2
1859 1884 2
1859 1860 2
1860 1885 -2
1860 1861 2
1861 1886 -2
1861 1862 2
1862 1887 2
1862 1863 -2
1863 1888 -2
1863 1864 -2
1864 1889 2
1864 1865 2
1865 1890 2
1865 1866 -2
1866 1891 -2
1866 1867 -2
1867 1892 2
1867 1868 -2
1868 1893 2
1868 1869 -2
1869 1894 -2
1869 1870 2
1870 1895 2
1870 1871 -2
1871 1896 -2
1871 1872 2
1872 1897 -2
1872 1873 -2
1873 1898 -2
1873 1874 -2
1874 1899 -2
1875 1900 -2
1875 1899 -2
1875 1876 -2
1876 1901 2
1876 1877 -2
1877 1902 2
1877 1878 -2
1878 1903 2
1878 1879 -2
1879 1904 -2
1879 1880 -2
1880 1905 2
1880 1881 2
1881 1906 2
1881 1882 -2
1882 1907 2
1882 1883 2
1883 1908 -2
1883 1884 -2
1884 1909 -2
1884 1885 -2
1885 1910 2
1885 1886 -2
1886 1911 2
1886 1887 2
1887 1912 2
1887 1888 -2
1888 1913 -2
1888 1889 -2
1889 1914 2
1889 1890 -2
1890 1915 2
1890 1891 2
1891 1916 -2
1891 1892 2
1892 1917 2
1892 1893 2
1893 1918 2
1893 1894 2
1894 1919 -2
1894 1895 2
1895 1920 2
1895 1896 2
1896 1921 -2
1896 1897 2
1897 1922 2
1897 1898 -2
1898 1923 -2
1898 1899 -2
1899 1924 -2
1900 1925 -2
1900 1924 2
1900 1901 -2
1901 1926 -2
1901 1902 2
1902 1927 2
1902 1903 2
1903 1928 -2
1903 1904 -2
1904 1929 -2
1904 1905 -2
1905 1930 2
1905 1906 2
1906 1931 -2
1906 1907 -2
1907 1932 2
1907 1908 -2
1908 1933 -2
1908 1909 2
1909 1934 -2
1909 1910 2
1910 1935 -2
1910 1911 -2
1911 1936 2
1911 1912 2
1912 1937 2
1912 1913 2
1913 1938 2
1913 1914 -2
1914 1939 -2
1914 1915 2
1915 1940 -2
1915 1916 2
1916 1941 2
1916 1917 2
1917 1942 -2
1917 1918 2
1918 1943 2
1918 1919 -2
1919 1944 2
1919 1920 2
1920 1945 -2
1920 1921 -2
1921 1946 2
1921 1922 2
1922 1947 2
1922 1923 2
1923 1948 -2
1923 1924 2
1924 1949 2
1925 1950 -2
1925 1949 2
1925 1926 2
1926 1951 2
1926 1927 -2
1927 1952 -2
1927 1928 2
1928 1953 2
1928 1929 -2
1929 1954 -2
1929 1930 -2
1930 1955 -2
1930 1931 -2
1931 1956 -2
1931 1932 -2
1932 1957 2
1932 1933 2
1933 1958 -2
1933 1934 2
1934 1959 -2
1934 1935 -2
1935 1960 2
1935 1936 2
1936 1961 -2
1936 1937 2
1937 1962 2
1937 1938 2
1938 1963 2
1938 1939 -2
1939 1964 2
1939 1940 -2
1940 1965 2
1940 1941 -2
1941 1966 2
1941 1942 2
1942 1967 2
1942 1943 2
1943 1968 2
1943 1944 2
1944 1969 -2
1944 1945 -2
1945 1970 2
1945 1946 -2
1946 1971 -2
1946 1947 -2
1947 1972 -2
1947 1948 -2
1948 1973 2
1948 1949 -2
1949 1974 2
1950 1975 2
1950 1974 -2
1950 1951 -2
1951 1976 -2
1951 1952 2
1952 1977 -2
1952 1953 2
1953 1978 2
1953 1954 2
1954 1979 -2
1954 1955 2
1955 1980 -2
1955 1956 -2
1956 1981 2
1956 1957 -2
1957 1982 -2
1957 1958 2
1958 1983 -2
1958 1959 2
1959 1984 2
1959 1960 -2
1960 1985 2
1960 1961 2
1961 1986 -2
1961 1962 -2
1962 1987 2
1962 1963 -2
1963 1988 2
1963 1964 -2
1964 1989 -2
1964 1965 -2
1965 1990 -2
1965 1966 -2
1966 1991 -2
1966 1967 -2
1967 1992 -2
1967 1968 2
1968 1993 -2
1968 1969 2
1969 1994 -2
1969 1970 2
1970 1995 2
1970 1971 2
1971 1996 -2
1971 1972 2
1972 1997 2
1972 1973 -2
1973 1998 -2
1973 1974 2
1974 1999 -2
1975 1999 -2
1975 1976 -2
1976 1977 -2
1977 1978 -2
1978 1979 2
1979 1980 2
1980 1981 2
1981 1982 -2
1982 1983 2
1983 1984 -2
1984 1985 -2
1985 1986 -2
1986 1987 -2
1987 1988 2
1988 1989 -2
1989 1990 -2
1990 1991 -2
1991 1992 2
1992 1993 2
1993 1994 2
1994 1995 2
1995 1996 -2
1996 1997 2
1997 1998 -2
1998 1999 -2
1 1 2
2 2 4
5 5 -2
7 7 -2
8 8 -4
9 9 -2
10 10 -4
11 11 -2
12 12 -4
13 13 -4
14 14 -2
15 15 -2
16 16 2
19 19 -2
20 20 -2
22 22 -4
24 24 -2
25 25 -2
26 26 -2
28 28 -4
30 30 -2
31 31 2
32 32 2
33 33 -2
34 34 -2
35 35 -2
37 37 -2
38 38 2
40 40 4
41 41 2
42 42 -2
43 43 -2
46 46 -2
49 49 -2
51 51 2
53 53 -2
55 55 2
60 60 -2
62 62 -2
63 63 2
64 64 2
65 65 2
66 66 2
69 69 -2
71 71 -2
72 72 -2
75 75 -2
77 77 -2
78 78 -4
79 79 -2
80 80 2
85 85 2
86 86 2
87 87 -4
88 88 -2
90 90 -2
92 92 -4
94 94 2
95 95 2
97 97 -2
98 98 -2
99 99 -2
100 100 2
101 101 2
103 103 -4
105 105 2
106 106 2
107 107 4
108 108 4
111 111 2
112 112 -4
114 114 4
115 115 2
116 116 2
117 117 -4
118 118 -2
120 120 2
122 122 -2
124 124 -2
128 128 -2
129 129 -2
134 134 2
135 135 -2
136 136 2
137 137 -2
140 140 2
141 141 -2
142 142 -2
143 143 2
145 145 -2
146 146 -2
147 147 -2
149 149 -2
153 153 4
155 155 4
157 157 -4
159 159 2
160 160 -4
161 161 -2
164 164 -4
165 165 -2
166 166 -4
167 167 -2
168 168 2
170 170 -2
171 171 4
172 172 2
175 175 -4
176 176 2
177 177 -2
178 178 2
179 179 -2
183 183 -2
184 184 -2
185 185 -4
187 187 4
189 189 -2
190 190 -4
191 191 -2
195 195 -2
196 196 4
197 197 2
199 199 -2
200 200 -2
202 202 -2
203 203 2
204 204 -2
205 205 2
206 206 2
207 207 4
208 208 2
209 209 2
210 210 -2
215 215 2
216 216 2
217 217 4
221 221 4
222 222 4
223 223 2
224 224 -2
225 225 -2
226 226 -2
227 227 2
228 228 2
229 229 -2
232 232 4
233 233 2
234 234 2
236 236 -2
237 237 -4
238 238 -2
239 239 -4
240 240 -2
241 241 -2
244 244 2
247 247 2
249 249 -2
250 250 4
252 252 2
255 255 2
256 256 2
257 257 4
260 260 2
262 262 2
263 263 2
266 266 -4
267 267 -2
269 269 2
270 270 -2
271 271 -4
272 272 -2
275 275 2
278 278 4
280 280 -2
282 282 2
284 284 -2
286 286 2
287 287 4
288 288 2
291 291 -2
292 292 -4
293 293 -4
294 294 -2
295 295 -2
296 296 -2
298 298 2
300 300 4
301 301 2
302 302 -2
303 303 2
305 305 2
306 306 2
307 307 2
310 310 -2
313 313 -2
314 314 -2
315 315 -2
316 316 2
317 317 -2
318 318 -2
319 319 -2
320 320 4
324 324 -2
325 325 4
326 326 2
329 329 2
330 330 4
331 331 2
332 332 -2
333 333 -2
334 334 -2
335 335 -2
336 336 2
338 338 -2
339 339 -2
342 342 -2
343 343 2
344 344 2
345 345 2
346 346 4
348 348 2
351 351 -2
352 352 4
353 353 2
354 354 -2
356 356 2
358 358 -2
359 359 -4
361 361 2
363 363 -2
364 364 2
365 365 4
366 366 -2
367 367 2
368 368 2
369 369 2
370 370 -2
371 371 2
372 372 2
374 374 -4
375 375 4
376 376 -2
381 381 2
382 382 -2
385 385 -2
386 386 -2
388 388 2
389 389 4
390 390 2
391 391 -2
392 392 2
393 393 2
394 394 4
395 395 2
398 398 2
400 400 2
401 401 -2
402 402 -2
405 405 -2
407 407 -2
408 408 2
409 409 2
411 411 -2
412 412 -2
416 416 -4
417 417 -2
418 418 -2
420 420 4
424 424 -2
425 425 -2
427 427 -2
428 428 -2
429 429 2
431 431 -4
432 432 -2
433 433 2
437 437 2
438 438 -2
439 439 -2
441 441 -2
442 442 -2
443 443 -4
445 445 2
446 446 -2
447 447 -2
449 449 -2
454 454 2
455 455 -2
456 456 -2
457 457 -2
458 458 -2
459 459 -2
462 462 2
464 464 4
466 466 2
467 467 2
468 468 -2
469 469 2
470 470 2
476 476 2
477 477 2
478 478 -2
479 479 2
480 480 2
481 481 -2
482 482 2
483 483 -2
484 484 -4
486 486 2
489 489 2
490 490 -2
492 492 2
494 494 -2
496 496 2
498 498 -2
499 499 4
500 500 -2
502 502 2
504 504 -2
505 505 -2
506 506 -4
507 507 2
508 508 -2
509 509 -4
510 510 -2
512 512 4
518 518 -4
520 520 -2
522 522 2
524 524 -2
525 525 -4
526 526 -4
527 527 2
529 529 -2
530 530 -2
531 531 -2
532 532 2
534 534 -2
536 536 -2
544 544 2
545 545 2
547 547 -2
552 552 4
554 554 2
555 555 2
557 557 -2
558 558 -2
559 559 -2
560 560 4
561 561 2
563 563 2
564 564 -2
567 567 -2
570 570 4
574 574 2
575 575 2
576 576 -2
577 577 -2
578 578 -2
579 579 2
580 580 -2
582 582 -2
584 584 -2
586 586 -4
587 587 -2
588 588 2
589 589 -2
590 590 -2
591 591 2
592 592 2
593 593 2
594 594 2
595 595 -2
596 596 -4
598 598 2
600 600 2
602 602 -2
603 603 -4
604 604 2
607 607 -2
608 608 -2
610 610 4
611 611 -2
612 612 -2
614 614 -2
615 615 -2
616 616 -2
618 618 -2
620 620 -2
621 621 -2
622 622 -2
623 623 2
624 624 2
626 626 -2
629 629 2
630 630 -2
632 632 2
634 634 -2
636 636 -4
637 637 -2
638 638 -2
639 639 4
641 641 -4
643 643 -4
645 645 -2
649 649 2
651 651 2
652 652 -2
656 656 2
657 657 4
659 659 -2
660 660 -2
661 661 -2
662 662 2
665 665 -2
666 666 2
667 667 2
668 668 -2
670 670 -2
671 671 2
672 672 2
674 674 -2
675 675 -2
677 677 4
678 678 2
679 679 -2
680 680 2
681 681 -2
682 682 -2
683 683 -2
684 684 -2
685 685 -2
689 689 -2
690 690 -2
691 691 2
692 692 4
696 696 2
697 697 -2
698 698 -2
700 700 -2
701 701 -2
702 702 -2
707 707 -2
709 709 2
710 710 2
711 711 4
712 712 -2
713 713 -2
716 716 4
717 717 2
718 718 -4
723 723 -2
724 724 2
726 726 2
727 727 -2
728 728 -2
729 729 2
730 730 4
731 731 2
734 734 -2
735 735 -2
736 736 2
737 737 -2
739 739 2
740 740 -4
741 741 -2
743 743 2
745 745 2
746 746 2
747 747 4
748 748 -2
750 750 2
751 751 2
752 752 2
753 753 -2
755 755 2
758 758 -2
759 759 -2
760 760 -2
764 764 2
766 766 -2
770 770 -2
771 771 -4
774 774 -2
775 775 4
776 776 2
777 777 -2
778 778 -2
779 779 2
780 780 2
781 781 2
783 783 -4
786 786 2
787 787 2
791 791 -4
792 792 -2
794 794 2
795 795 -2
796 796 -2
797 797 2
798 798 2
800 800 2
802 802 -4
803 803 -2
804 804 -4
805 805 -2
806 806 2
810 810 -2
811 811 2
813 813 -2
816 816 -4
817 817 -2
818 818 -2
819 819 -2
821 821 -2
823 823 2
824 824 4
826 826 2
827 827 2
828 828 2
829 829 -4
831 831 4
832 832 2
833 833 2
834 834 -4
835 835 -2
839 839 2
840 840 2
841 841 -2
842 842 2
844 844 2
845 845 4
847 847 2
848 848 2
850 850 2
851 851 2
853 853 -2
854 854 -2
855 855 2
857 857 -2
859 859 -2
860 860 2
861 861 2
863 863 -2
865 865 2
866 866 -2
867 867 2
869 869 2
871 871 -2
872 872 4
876 876 -2
879 879 2
880 880 4
881 881 2
883 883 2
884 884 2
885 885 2
886 886 2
887 887 2
891 891 -2
892 892 -2
893 893 -4
896 896 -2
897 897 2
898 898 -2
899 899 2
903 903 2
904 904 4
905 905 2
907 907 2
908 908 -2
909 909 2
913 913 -4
917 917 2
919 919 4
922 922 4
923 923 -2
924 924 -2
925 925 -2
926 926 -2
927 927 -2
928 928 2
934 934 4
935 935 4
941 941 2
942 942 2
945 945 -4
946 946 2
947 947 2
948 948 -4
950 950 2
951 951 2
952 952 -2
953 953 -2
955 955 -4
957 957 2
959 959 2
960 960 2
961 961 4
962 962 2
963 963 -2
964 964 2
971 971 4
972 972 4
973 973 2
974 974 4
977 977 -2
979 979 2
980 980 -2
981 981 -4
984 984 -2
985 985 -4
988 988 -2
990 990 2
991 991 -2
993 993 -2
994 994 -2
995 995 -2
996 996 2
997 997 2
999 999 -2
1001 1001 -2
1003 1003 -4
1006 1006 2
1007 1007 2
1008 1008 4
1010 1010 -2
1011 1011 -2
1012 1012 -2
1013 1013 4
1014 1014 -2
1015 1015 -4
1016 1016 -4
1017 1017 -2
1018 1018 -2
1020 1020 -4
1021 1021 2
1022 1022 2
1023 1023 -4
1025 1025 -2
1026 1026 -2
1027 1027 2
1029 1029 2
1030 1030 2
1032 1032 -2
1037 1037 -2
1038 1038 2
1039 1039 -2
1041 1041 -2
1042 1042 -2
1046 1046 2
1049 1049 2
1050 1050 -2
1051 1051 -2
1052 1052 4
1053 1053 2
1055 1055 2
1057 1057 -4
1059 1059 4
1061 1061 2
1062 1062 -4
1063 1063 -2
1065 1065 2
1066 1066 -2
1067 1067 -2
1068 1068 -2
1070 1070 2
1074 1074 -2
1075 1075 2
1076 1076 -2
1079 1079 2
1080 1080 -2
1082 1082 -4
1084 1084 4
1088 1088 -4
1089 1089 -2
1090 1090 -2
1091 1091 -4
1092 1092 -4
1093 1093 -2
1097 1097 4
1098 1098 2
1099 1099 2
1102 1102 4
1103 1103 4
1105 1105 -2
1106 1106 -2
1107 1107 -2
1108 1108 -2
1111 1111 -2
1112 1112 2
1115 1115 -2
1116 1116 -2
1117 1117 -2
1118 1118 -2
1122 1122 2
1123 1123 2
1125 1125 4
1129 1129 -2
1130 1130 2
1131 1131 -2
1134 1134 2
1135 1135 2
1136 1136 2
1137 1137 2
1138 1138 2
1139 1139 -2
1140 1140 2
1141 1141 2
1143 1143 -2
1144 1144 2
1145 1145 2
1146 1146 2
1147 1147 2
1149 1149 2
1155 1155 -2
1156 1156 -2
1159 1159 4
1163 1163 2
1165 1165 2
1168 1168 2
1169 1169 -2
1170 1170 -2
1171 1171 2
1172 1172 -2
1173 1173 -2
1175 1175 4
1176 1176 -2
1179 1179 -2
1182 1182 4
1184 1184 2
1185 1185 2
1187 1187 -2
1189 1189 -2
1190 1190 2
1191 1191 -2
1192 1192 -2
1193 1193 2
1194 1194 -2
1195 1195 -2
1196 1196 -2
1197 1197 -2
1198 1198 2
1199 1199 2
1203 1203 2
1205 1205 -2
1206 1206 -2
1207 1207 2
1210 1210 4
1211 1211 2
1215 1215 2
1216 1216 -2
1221 1221 -2
1222 1222 2
1223 1223 -2
1224 1224 -2
1226 1226 2
1227 1227 -2
1228 1228 4
1229 1229 4
1230 1230 -2
1231 1231 -2
1234 1234 -4
1236 1236 -2
1237 1237 -2
1238 1238 2
1239 1239 2
1240 1240 2
1242 1242 -4
1244 1244 2
1245 1245 -2
1247 1247 4
1248 1248 2
1252 1252 -2
1253 1253 -2
1254 1254 2
1256 1256 2
1257 1257 -2
1260 1260 -2
1263 1263 4
1265 1265 -4
1266 1266 -2
1267 1267 -2
1268 1268 2
1269 1269 2
1275 1275 2
1276 1276 4
1278 1278 -4
1279 1279 2
1280 1280 2
1281 1281 2
1283 1283 -2
1284 1284 -2
1285 1285 -4
1286 1286 2
1287 1287 2
1288 1288 2
1292 1292 -2
1293 1293 2
1294 1294 2
1295 1295 2
1297 1297 2
1298 1298 2
1300 1300 2
1303 1303 -2
1304 1304 2
1306 1306 -2
1307 1307 2
1308 1308 -2
1309 1309 -4
1310 1310 -2
1311 1311 4
1313 1313 -4
1314 1314 2
1315 1315 4
1317 1317 2
1318 1318 2
1319 1319 2
1321 1321 -2
1322 1322 2
1326 1326 -2
1328 1328 -2
1329 1329 2
1330 1330 -2
1332 1332 4
1333 1333 -2
1334 1334 -2
1339 1339 4
1340 1340 4
1342 1342 2
1343 1343 -2
1345 1345 2
1347 1347 2
1350 1350 4
1351 1351 4
1356 1356 2
1357 1357 2
1358 1358 -2
1361 1361 -2
1362 1362 -2
1365 1365 2
1369 1369 2
1370 1370 4
1372 1372 2
1373 1373 4
1375 1375 4
1377 1377 -2
1378 1378 2
1380 1380 -2
1381 1381 -2
1383 1383 -2
1384 1384 -2
1385 1385 2
1388 1388 2
1389 1389 2
1392 1392 2
1393 1393 -2
1396 1396 -2
1397 1397 2
1398 1398 2
1400 1400 4
1402 1402 -2
1403 1403 -2
1406 1406 4
1407 1407 4
1408 1408 2
1409 1409 2
1410 1410 4
1413 1413 -2
1414 1414 -2
1415 1415 -2
1416 1416 2
1417 1417 2
1418 1418 -2
1421 1421 -4
1423 1423 2
1424 1424 2
1426 1426 -4
1428 1428 2
1429 1429 -2
1432 1432 2
1434 1434 2
1435 1435 2
1436 1436 -2
1438 1438 -2
1443 1443 -2
1444 1444 -2
1445 1445 -2
1446 1446 -4
1450 1450 -2
1451 1451 -2
1452 1452 -2
1453 1453 -2
1454 1454 -2
1456 1456 -4
1457 1457 2
1458 1458 2
1459 1459 2
1460 1460 2
1464 1464 2
1465 1465 2
1466 1466 2
1467 1467 -2
1468 1468 -2
1470 1470 -2
1473 1473 -2
1474 1474 -4
1476 1476 2
1478 1478 -2
1480 1480 -2
1482 1482 -2
1483 1483 -4
1485 1485 2
1486 1486 4
1487 1487 -2
1488 1488 -2
1493 1493 -2
1495 1495 2
1496 1496 2
1497 1497 -2
1499 1499 -2
1502 1502 4
1505 1505 2
1506 1506 2
1507 1507 -4
1508 1508 -2
1509 1509 4
1511 1511 2
1512 1512 -2
1514 1514 -2
1515 1515 -2
1516 1516 -2
1518 1518 -2
1520 1520 2
1521 1521 -2
1522 1522 -2
1523 1523 -2
1525 1525 2
1529 1529 -2
1530 1530 2
1532 1532 -4
1533 1533 -2
1534 1534 4
1535 1535 2
1536 1536 2
1538 1538 4
1539 1539 2
1540 1540 2
1543 1543 4
1545 1545 -2
1546 1546 -2
1547 1547 -2
1548 1548 -2
1550 1550 2
1551 1551 4
1552 1552 2
1553 1553 4
1554 1554 2
1556 1556 2
1557 1557 2
1563 1563 2
1564 1564 -2
1569 1569 -2
1570 1570 -4
1573 1573 -2
1578 1578 4
1579 1579 2
1580 1580 -2
1581 1581 4
1582 1582 2
1583 1583 2
1584 1584 2
1587 1587 -2
1590 1590 -2
1591 1591 -2
1596 1596 4
1599 1599 4
1601 1601 2
1602 1602 -2
1603 1603 2
1604 1604 4
1605 1605 2
1606 1606 2
1607 1607 -2
1610 1610 -4
1612 1612 2
1613 1613 2
1614 1614 -2
1615 1615 -2
1619 1619 2
1620 1620 4
1621 1621 2
1622 1622 -2
1624 1624 2
1625 1625 2
1626 1626 4
1628 1628 2
1629 1629 4
1630 1630 2
1632 1632 2
1633 1633 -2
1634 1634 -2
1635 1635 -2
1636 1636 2
1637 1637 2
1642 1642 2
1643 1643 -2
1644 1644 2
1645 1645 4
1649 1649 2
1651 1651 4
1652 1652 2
1653 1653 -2
1655 1655 2
1656 1656 2
1657 1657 -2
1658 1658 -2
1659 1659 2
1660 1660 2
1661 1661 4
1662 1662 -2
1665 1665 -2
1667 1667 4
1669 1669 2
1670 1670 2
1671 1671 4
1673 1673 -2
1676 1676 2
1677 1677 2
1679 1679 2
1681 1681 2
1684 1684 -2
1685 1685 -2
1686 1686 2
1688 1688 4
1689 1689 2
1691 1691 2
1694 1694 2
1696 1696 2
1697 1697 -2
1698 1698 -2
1700 1700 4
1701 1701 -2
1704 1704 2
1705 1705 2
1706 1706 2
1711 1711 2
1712 1712 -4
1713 1713 2
1714 1714 2
1715 1715 -4
1716 1716 -2
1717 1717 -2
1719 1719 2
1720 1720 -2
1721 1721 -2
1722 1722 -2
1723 1723 -4
1724 1724 2
1725 1725 4
1727 1727 2
1729 1729 2
1734 1734 2
1735 1735 -2
1737 1737 -2
1739 1739 2
1740 1740 -2
1741 1741 -2
1742 1742 -2
1743 1743 -4
1744 1744 2
1745 1745 -2
1746 1746 -2
1748 1748 -2
1754 1754 -2
1756 1756 -2
1758 1758 2
1759 1759 2
1761 1761 2
1765 1765 2
1768 1768 -4
1769 1769 -2
1770 1770 -2
1772 1772 2
1774 1774 -4
1775 1775 2
1776 1776 -2
1777 1777 -2
1780 1780 -2
1782 1782 2
1783 1783 4
1784 1784 2
1785 1785 -2
1787 1787 2
1788 1788 4
1793 1793 -4
1794 1794 -2
1795 1795 2
1797 1797 2
1800 1800 2
1801 1801 -2
1802 1802 2
1806 1806 2
1807 1807 2
1808 1808 2
1809 1809 2
1813 1813 4
1814 1814 2
1815 1815 -2
1817 1817 -4
1818 1818 -2
1820 1820 2
1824 1824 2
1825 1825 -2
1826 1826 -2
1827 1827 -2
1830 1830 -2
1831 1831 -4
1832 1832 2
1833 1833 2
1835 1835 2
1836 1836 4
1838 1838 2
1842 1842 -2
1845 1845 -2
1846 1846 -2
1848 1848 4
1849 1849 2
1851 1851 2
1852 1852 2
1854 1854 -2
1856 1856 2
1857 1857 2
1859 1859 -4
1862 1862 -2
1863 1863 4
1866 1866 2
1870 1870 -2
1873 1873 4
1874 1874 2
1875 1875 4
1876 1876 2
1877 1877 2
1879 1879 2
1882 1882 -2
1883 1883 2
1884 1884 2
1885 1885 2
1887 1887 -2
1888 1888 4
1890 1890 -2
1892 1892 -4
1893 1893 -4
1895 1895 -4
1898 1898 4
1899 1899 4
1900 1900 2
1902 1902 -4
1904 1904 4
1905 1905 -2
1908 1908 2
1911 1911 -2
1912 1912 -4
1915 1915 -2
1916 1916 -2
1917 1917 -2
1918 1918 -2
1922 1922 -4
1924 1924 -2
1929 1929 4
1930 1930 2
1931 1931 4
1932 1932 -2
1934 1934 2
1936 1936 -2
1937 1937 -4
1938 1938 -2
1939 1939 2
1940 1940 2
1941 1941 -2
1942 1942 -2
1943 1943 -4
1945 1945 2
1946 1946 2
1947 1947 2
1948 1948 2
1949 1949 -2
1950 1950 2
1953 1953 -4
1955 1955 2
1956 1956 2
1960 1960 -2
1961 1961 2
1964 1964 2
1965 1965 2
1966 1966 2
1968 1968 -2
1970 1970 -4
1975 1975 2
1976 1976 4
1977 1977 4
1986 1986 2
1987 1987 -2
1988 1988 -2
1989 1989 4
1990 1990 2
1991 1991 2
1992 1992 -2
1993 1993 -2
1994 1994 -2
1995 1995 -2
1996 1996 2
1997 1997 -2
1998 1998 4
1999 1999 2