2000 5267 -4 4
0 1960 -2
0 40 -2
0 39 -2
0 1 -2
1 1961 2
1 41 2
1 2 2
2 1962 -2
2 42 2
2 3 2
3 1963 2
3 43 2
3 4 -2
4 1964 2
4 44 -2
4 5 -2
5 1965 -2
5 45 2
5 6 -2
6 1966 2
6 46 2
6 7 2
7 1967 -2
7 47 -2
7 8 2
8 1968 2
8 48 2
8 9 -2
9 1969 -2
9 49 -2
9 10 -2
10 1970 -2
10 50 2
10 11 -2
11 1971 2
11 51 2
11 12 2
12 1972 -2
12 52 -2
12 13 2
13 1973 -2
13 53 2
13 14 2
14 1974 -2
14 54 2
14 15 2
15 1975 -2
15 55 2
15 16 -2
16 1976 -2
16 56 2
16 17 -2
17 1977 2
17 57 -2
17 18 2
18 1978 -2
18 58 2
18 19 2
19 1979 2
19 59 2
19 20 2
20 1980 2
20 60 -2
20 21 -2
21 1981 2
21 61 -2
21 22 2
22 1982 -2
22 62 -2
22 23 -2
23 1983 -2
23 63 2
23 24 2
24 1984 -2
24 64 2
24 25 2
25 1985 -2
25 65 -2
25 26 2
26 1986 -2
26 66 2
26 27 2
27 1987 2
27 67 -2
27 28 -2
28 1988 -2
28 68 -2
28 29 2
29 1989 -2
29 69 2
29 30 -2
30 1990 -2
30 70 2
30 31 -2
31 1991 -2
31 71 2
31 32 -2
32 1992 -2
32 72 -2
32 33 -2
33 1993 2
33 73 -2
33 34 2
34 1994 2
34 74 -2
34 35 -2
35 1995 2
35 75 -2
35 36 -2
36 1996 -2
36 76 -2
36 37 -2
37 1997 2
37 77 -2
37 38 2
38 1998 2
38 78 -2
38 39 -2
39 1999 -2
39 79 -2
40 80 -2
40 79 -2
40 41 2
41 81 -2
41 42 -2
42 82 -2
42 43 2
43 83 2
43 44 2
44 84 2
44 45 2
45 85 2
45 46 -2
46 86 2
46 47 -2
47 87 2
47 48 -2
48 88 2
48 49 -2
49 89 -2
49 50 2
50 90 -2
50 51 -2
51 91 2
51 52 -2
52 92 2
52 53 2
53 93 -2
53 54 -2
54 94 -2
54 55 -2
55 95 -2
55 56 2
56 96 -2
56 57 -2
57 97 2
57 58 -2
58 98 -2
58 59 -2
59 99 -2
59 60 2
60 100 -2
60 61 -2
61 101 -2
61 62 -2
62 102 2
62 63 -2
63 103 2
63 64 -2
64 104 -2
64 65 2
65 105 2
65 66 -2
66 106 -2
66 67 -2
67 107 -2
67 68 -2
68 108 2
68 69 -2
69 109 -2
69 70 -2
70 110 2
70 71 2
71 111 -2
71 72 -2
72 112 2
72 73 -2
73 113 -2
73 74 -2
74 114 2
74 75 -2
75 115 -2
75 76 -2
76 116 2
76 77 -2
77 117 2
77 78 -2
78 118 -2
78 79 -2
79 119 -2
80 120 -2
80 119 -2
80 81 -2
81 121 -2
81 82 -2
82 122 -2
82 83 -2
83 123 2
83 84 2
84 124 -2
84 85 2
85 125 -2
85 86 2
86 126 2
86 87 2
87 127 -2
87 88 2
88 128 2
88 89 -2
89 129 -2
89 90 -2
90 130 2
90 91 2
91 131 -2
91 92 -2
92 132 2
92 93 -2
93 133 2
93 94 -2
94 134 2
94 95 -2
95 135 -2
95 96 -2
96 136 2
96 97 -2
97 137 -2
97 98 2
98 138 2
98 99 2
99 139 -2
99 100 2
100 140 2
100 101 -2
101 141 -2
101 102 2
102 142 2
102 103 -2
103 143 -2
103 104 -2
104 144 -2
104 105 2
105 145 2
105 106 -2
106 146 2
106 107 -2
107 147 -2
107 108 2
108 148 2
108 109 -2
109 149 -2
109 110 -2
110 150 -2
110 111 2
111 151 -2
111 112 -2
112 152 2
112 113 -2
113 153 -2
113 114 -2
114 154 2
114 115 -2
115 155 -2
115 116 2
116 156 -2
116 117 2
117 157 -2
117 118 -2
118 158 2
118 119 2
119 159 -2
120 160 2
120 159 2
120 121 -2
121 161 2
121 122 2
122 162 -2
122 123 -2
123 163 -2
123 124 -2
124 164 2
124 125 -2
125 165 -2
125 126 2
126 166 -2
126 127 -2
127 167 -2
127 128 -2
128 168 -2
128 129 2
129 169 -2
129 130 2
130 170 -2
130 131 2
131 171 -2
131 132 -2
132 172 2
132 133 2
133 173 2
133 134 -2
134 174 -2
134 135 -2
135 175 -2
135 136 2
136 176 2
136 137 -2
137 177 2
137 138 -2
138 178 2
138 139 -2
139 179 2
139 140 2
140 180 -2
140 141 2
141 181 2
141 142 -2
142 182 -2
142 143 2
143 183 -2
143 144 -2
144 184 2
144 145 -2
145 185 2
145 146 2
146 186 2
146 147 -2
147 187 2
147 148 2
148 188 2
148 149 -2
149 189 -2
149 150 2
150 190 -2
150 151 2
151 191 -2
151 152 -2
152 192 2
152 153 -2
153 193 2
153 154 2
154 194 -2
154 155 2
155 195 -2
155 156 -2
156 196 -2
156 157 -2
157 197 2
157 158 -2
158 198 -2
158 159 -2
159 199 -2
160 200 -2
160 199 2
160 161 2
161 201 2
161 162 2
162 202 -2
162 163 2
163 203 -2
163 164 2
164 204 2
164 165 -2
165 205 -2
165 166 2
166 206 -2
166 167 2
167 207 -2
167 168 -2
168 208 2
168 169 -2
169 209 -2
169 170 -2
170 210 2
170 171 -2
171 211 -2
171 172 -2
172 212 2
172 173 2
173 213 2
173 174 2
174 214 -2
174 175 2
175 215 -2
175 176 -2
176 216 -2
176 177 -2
177 217 2
177 178 -2
178 218 2
178 179 2
179 219 -2
179 180 -2
180 220 -2
180 181 -2
181 221 -2
181 182 2
182 222 -2
182 183 -2
183 223 2
183 184 2
184 224 2
184 185 -2
185 225 -2
185 186 -2
186 226 -2
186 187 -2
187 227 2
187 188 2
188 228 -2
188 189 -2
189 229 -2
189 190 -2
190 230 -2
190 191 2
191 231 -2
191 192 2
192 232 -2
192 193 2
193 233 2
193 194 2
194 234 2
194 195 -2
195 235 2
195 196 2
196 236 2
196 197 2
197 237 -2
197 198 -2
198 238 -2
198 199 -2
199 239 -2
200 240 2
200 239 -2
200 201 -2
201 241 2
201 202 -2
202 242 -2
202 203 2
203 243 -2
203 204 2
204 244 2
204 205 -2
205 245 -2
205 206 -2
206 246 -2
206 207 -2
207 247 2
207 208 -2
208 248 -2
208 209 2
209 249 2
209 210 -2
210 250 -2
210 211 -2
211 251 -2
211 212 -2
212 252 2
212 213 2
213 253 -2
213 214 -2
214 254 2
214 215 2
215 255 -2
215 216 2
216 256 2
216 217 2
217 257 -2
217 218 2
218 258 2
218 219 -2
219 259 2
219 220 -2
220 260 -2
220 221 2
221 261 -2
221 222 -2
222 262 -2
222 223 2
223 263 2
223 224 2
224 264 2
224 225 2
225 265 -2
225 226 -2
226 266 2
226 227 2
227 267 -2
227 228 2
228 268 2
228 229 2
229 269 -2
229 230 -2
230 270 -2
230 231 2
231 271 -2
231 232 -2
232 272 -2
232 233 -2
233 273 2
233 234 -2
234 274 -2
234 235 2
235 275 2
235 236 -2
236 276 -2
236 237 2
237 277 -2
237 238 -2
238 278 -2
238 239 2
239 279 2
240 280 2
240 279 2
240 241 -2
241 281 -2
241 242 -2
242 282 2
242 243 2
243 283 2
243 244 2
244 284 -2
244 245 -2
245 285 2
245 246 -2
246 286 -2
246 247 -2
247 287 2
247 248 -2
248 288 2
248 249 -2
249 289 -2
249 250 -2
250 290 -2
250 251 2
251 291 2
251 252 -2
252 292 -2
252 253 -2
253 293 -2
253 254 2
254 294 -2
254 255 -2
255 295 -2
255 256 2
256 296 2
256 257 -2
257 297 2
257 258 -2
258 298 -2
258 259 -2
259 299 -2
259 260 2
260 300 -2
260 261 -2
261 301 -2
261 262 2
262 302 2
262 263 -2
263 303 -2
263 264 2
264 304 -2
264 265 -2
265 305 -2
265 266 2
266 306 2
266 267 -2
267 307 2
267 268 -2
268 308 -2
268 269 -2
269 309 2
269 270 -2
270 310 2
270 271 -2
271 311 -2
271 272 2
272 312 -2
272 273 2
273 313 -2
273 274 2
274 314 -2
274 275 2
275 315 -2
275 276 2
276 316 2
276 277 -2
277 317 -2
277 278 2
278 318 -2
278 279 2
279 319 -2
280 320 2
280 319 -2
280 281 -2
281 321 2
281 282 2
282 322 2
282 283 -2
283 323 -2
283 284 2
284 324 -2
284 285 -2
285 325 -2
285 286 2
286 326 -2
286 287 2
287 327 2
287 288 -2
288 328 -2
288 289 -2
289 329 -2
289 290 2
290 330 2
290 291 2
291 331 -2
291 292 2
292 332 -2
292 293 2
293 333 2
293 294 2
294 334 2
294 295 -2
295 335 2
295 296 -2
296 336 -2
296 297 2
297 337 -2
297 298 2
298 338 -2
298 299 2
299 339 -2
299 300 -2
300 340 -2
300 301 -2
301 341 2
301 302 -2
302 342 2
302 303 2
303 343 2
303 304 2
304 344 -2
304 305 2
305 345 -2
305 306 -2
306 346 2
306 307 2
307 347 2
307 308 -2
308 348 -2
308 309 -2
309 349 2
309 310 -2
310 350 2
310 311 2
311 351 2
311 312 2
312 352 -2
312 313 2
313 353 2
313 314 -2
314 354 -2
314 315 -2
315 355 -2
315 316 -2
316 356 -2
316 317 -2
317 357 2
317 318 2
318 358 2
318 319 2
319 359 -2
320 360 -2
320 359 -2
320 321 -2
321 361 -2
321 322 2
322 362 2
322 323 2
323 363 -2
323 324 2
324 364 -2
324 325 2
325 365 -2
325 326 -2
326 366 2
326 327 2
327 367 -2
327 328 -2
328 368 -2
328 329 -2
329 369 -2
329 330 -2
330 370 -2
330 331 2
331 371 2
331 332 -2
332 372 2
332 333 2
333 373 2
333 334 -2
334 374 2
334 335 -2
335 375 -2
335 336 2
336 376 2
336 337 2
337 377 -2
337 338 -2
338 378 -2
338 339 2
339 379 2
339 340 2
340 380 2
340 341 2
341 381 2
341 342 -2
342 382 -2
342 343 2
343 383 -2
343 344 2
344 384 2
344 345 2
345 385 2
345 346 2
346 386 -2
346 347 2
347 387 -2
347 348 2
348 388 -2
348 349 -2
349 389 -2
349 350 2
350 390 2
350 351 -2
351 391 -2
351 352 2
352 392 -2
352 353 -2
353 393 2
353 354 -2
354 394 -2
354 355 2
355 395 -2
355 356 2
356 396 2
356 357 -2
357 397 -2
357 358 -2
358 398 2
358 359 2
359 399 -2
360 400 2
360 399 -2
360 361 -2
361 401 2
361 362 -2
362 402 -2
362 363 -2
363 403 2
363 364 2
364 404 -2
364 365 -2
365 405 2
365 366 -2
366 406 2
366 367 2
367 407 2
367 368 -2
368 408 2
368 369 -2
369 409 -2
369 370 2
370 410 2
370 371 2
371 411 2
371 372 2
372 412 -2
372 373 2
373 413 2
373 374 -2
374 414 -2
374 375 2
375 415 2
375 376 2
376 416 2
376 377 -2
377 417 2
377 378 -2
378 418 -2
378 379 -2
379 419 -2
379 380 2
380 420 -2
380 381 2
381 421 -2
381 382 2
382 422 -2
382 383 2
383 423 -2
383 384 -2
384 424 2
384 385 -2
385 425 -2
385 386 -2
386 426 2
386 387 2
387 427 -2
387 388 2
388 428 2
388 389 -2
389 429 -2
389 390 2
390 430 -2
390 391 -2
391 431 2
391 392 2
392 432 2
392 393 -2
393 433 2
393 394 -2
394 434 -2
394 395 2
395 435 2
395 396 2
396 436 -2
396 397 -2
397 437 2
397 398 -2
398 438 2
398 399 2
399 439 -2
400 440 2
400 439 2
400 401 -2
401 441 2
401 402 -2
402 442 2
402 403 -2
403 443 -2
403 404 2
404 444 2
404 405 2
405 445 2
405 406 2
406 446 2
406 407 -2
407 447 2
407 408 -2
408 448 -2
408 409 -2
409 449 -2
409 410 2
410 450 -2
410 411 -2
411 451 2
411 412 2
412 452 -2
412 413 2
413 453 2
413 414 -2
414 454 -2
414 415 2
415 455 2
415 416 -2
416 456 2
416 417 -2
417 457 2
417 418 2
418 458 2
418 419 -2
419 459 2
419 420 2
420 460 -2
420 421 2
421 461 2
421 422 -2
422 462 2
422 423 2
423 463 -2
423 424 -2
424 464 2
424 425 2
425 465 2
425 426 -2
426 466 -2
426 427 -2
427 467 -2
427 428 2
428 468 -2
428 429 -2
429 469 2
429 430 -2
430 470 2
430 431 -2
431 471 -2
431 432 -2
432 472 -2
432 433 -2
433 473 2
433 434 -2
434 474 -2
434 435 -2
435 475 2
435 436 -2
436 476 2
436 437 -2
437 477 2
437 438 2
438 478 2
438 439 -2
439 479 2
440 480 -2
440 479 -2
440 441 2
441 481 2
441 442 2
442 482 2
442 443 -2
443 483 2
443 444 2
444 484 2
444 445 2
445 485 -2
445 446 2
446 486 -2
446 447 2
447 487 -2
447 448 2
448 488 2
448 449 -2
449 489 -2
449 450 2
450 490 -2
450 451 -2
451 491 -2
451 452 2
452 492 -2
452 453 -2
453 493 -2
453 454 -2
454 494 -2
454 455 2
455 495 -2
455 456 2
456 496 -2
456 457 -2
457 497 2
457 458 -2
458 498 -2
458 459 -2
459 499 2
459 460 2
460 500 -2
460 461 2
461 501 -2
461 462 -2
462 502 2
462 463 -2
463 503 -2
463 464 -2
464 504 2
464 465 2
465 505 -2
465 466 -2
466 506 -2
466 467 2
467 507 2
467 468 2
468 508 -2
468 469 2
469 509 2
469 470 2
470 510 -2
470 471 -2
471 511 2
471 472 2
472 512 -2
472 473 -2
473 513 -2
473 474 -2
474 514 2
474 475 2
475 515 2
475 476 2
476 516 -2
476 477 -2
477 517 2
477 478 -2
478 518 -2
478 479 2
479 519 -2
480 520 2
480 519 2
480 481 2
481 521 -2
481 482 -2
482 522 -2
482 483 -2
483 523 -2
483 484 -2
484 524 2
484 485 -2
485 525 2
485 486 2
486 526 -2
486 487 2
487 527 -2
487 488 -2
488 528 -2
488 489 -2
489 529 -2
489 490 -2
490 530 -2
490 491 2
491 531 2
491 492 2
492 532 2
492 493 2
493 533 -2
493 494 -2
494 534 2
494 495 -2
495 535 2
495 496 -2
496 536 2
496 497 2
497 537 2
497 498 2
498 538 -2
498 499 -2
499 539 2
499 500 -2
500 540 2
500 501 -2
501 541 -2
501 502 2
502 542 -2
502 503 -2
503 543 -2
503 504 2
504 544 2
504 505 -2
505 545 2
505 506 2
506 546 2
506 507 -2
507 547 -2
507 508 -2
508 548 2
508 509 -2
509 549 -2
509 510 -2
510 550 -2
510 511 -2
511 551 2
511 512 2
512 552 2
512 513 -2
513 553 -2
513 514 -2
514 554 2
514 515 2
515 555 2
515 516 2
516 556 2
516 517 2
517 557 2
517 518 2
518 558 -2
518 519 -2
519 559 2
520 560 2
520 559 -2
520 521 -2
521 561 -2
521 522 -2
522 562 -2
522 523 -2
523 563 2
523 524 -2
524 564 2
524 525 2
525 565 2
525 526 -2
526 566 -2
526 527 2
527 567 2
527 528 2
528 568 2
528 529 2
529 569 2
529 530 2
530 570 2
530 531 2
531 571 -2
531 532 2
532 572 -2
532 533 2
533 573 -2
533 534 2
534 574 -2
534 535 -2
535 575 -2
535 536 2
536 576 2
536 537 2
537 577 2
537 538 -2
538 578 -2
538 539 -2
539 579 -2
539 540 -2
540 580 2
540 541 2
541 581 -2
541 542 2
542 582 2
542 543 2
543 583 2
543 544 -2
544 584 -2
544 545 -2
545 585 2
545 546 -2
546 586 -2
546 547 -2
547 587 -2
547 548 -2
548 588 2
548 549 2
549 589 2
549 550 -2
550 590 -2
550 551 2
551 591 2
551 552 2
552 592 2
552 553 2
553 593 -2
553 554 -2
554 594 -2
554 555 -2
555 595 -2
555 556 2
556 596 2
556 557 2
557 597 -2
557 558 -2
558 598 -2
558 559 2
559 599 2
560 600 -2
560 599 -2
560 561 -2
561 601 -2
561 562 2
562 602 -2
562 563 2
563 603 2
563 564 2
564 604 -2
564 565 2
565 605 -2
565 566 -2
566 606 2
566 567 -2
567 607 -2
567 568 2
568 608 2
568 569 -2
569 609 2
569 570 2
570 610 2
570 571 2
571 611 -2
571 572 -2
572 612 2
572 573 -2
573 613 2
573 574 2
574 614 -2
574 575 2
575 615 -2
575 576 -2
576 616 2
576 577 -2
577 617 -2
577 578 -2
578 618 2
578 579 -2
579 619 -2
579 580 -2
580 620 -2
580 581 -2
581 621 -2
581 582 -2
582 622 -2
582 583 -2
583 623 -2
583 584 -2
584 624 2
584 585 2
585 625 -2
585 586 2
586 626 -2
586 587 -2
587 627 2
587 588 -2
588 628 -2
588 589 2
589 629 -2
589 590 2
590 630 2
590 591 2
591 631 2
591 592 2
592 632 2
592 593 2
593 633 -2
593 594 2
594 634 2
594 595 2
595 635 2
595 596 -2
596 636 -2
596 597 2
597 637 -2
597 598 2
598 638 2
598 599 2
599 639 2
600 640 -2
600 639 -2
600 601 2
601 641 2
601 602 2
602 642 -2
602 603 -2
603 643 -2
603 604 2
604 644 -2
604 605 2
605 645 -2
605 606 -2
606 646 2
606 607 2
607 647 -2
607 608 2
608 648 -2
608 609 -2
609 649 2
609 610 -2
610 650 -2
610 611 2
611 651 2
611 612 -2
612 652 -2
612 613 -2
613 653 2
613 614 -2
614 654 2
614 615 2
615 655 2
615 616 2
616 656 -2
616 617 -2
617 657 -2
617 618 2
618 658 -2
618 619 2
619 659 -2
619 620 -2
620 660 -2
620 621 2
621 661 -2
621 622 2
622 662 2
622 623 -2
623 663 -2
623 624 2
624 664 2
624 625 -2
625 665 -2
625 626 -2
626 666 2
626 627 -2
627 667 2
627 628 2
628 668 2
628 629 -2
629 669 2
629 630 -2
630 670 2
630 631 -2
631 671 2
631 632 2
632 672 2
632 633 2
633 673 2
633 634 -2
634 674 -2
634 635 2
635 675 -2
635 636 2
636 676 -2
636 637 -2
637 677 2
637 638 2
638 678 -2
638 639 2
639 679 -2
640 680 -2
640 679 -2
640 641 2
641 681 -2
641 642 -2
642 682 -2
642 643 -2
643 683 -2
643 644 2
644 684 2
644 645 2
645 685 -2
645 646 -2
646 686 -2
646 647 -2
647 687 2
647 648 2
648 688 -2
648 649 -2
649 689 2
649 650 -2
650 690 2
650 651 -2
651 691 -2
651 652 -2
652 692 -2
652 653 -2
653 693 -2
653 654 2
654 694 2
654 655 2
655 695 2
655 656 2
656 696 2
656 657 2
657 697 2
657 658 -2
658 698 2
658 659 -2
659 699 2
659 660 2
660 700 2
660 661 -2
661 701 -2
661 662 2
662 702 2
662 663 -2
663 703 2
663 664 2
664 704 -2
664 665 -2
665 705 -2
665 666 -2
666 706 2
666 667 -2
667 707 2
667 668 -2
668 708 -2
668 669 -2
669 709 -2
669 670 -2
670 710 2
670 671 2
671 711 -2
671 672 2
672 712 -2
672 673 2
673 713 -2
673 674 2
674 714 -2
674 675 2
675 715 2
675 676 -2
676 716 -2
676 677 2
677 717 2
677 678 -2
678 718 2
678 679 -2
679 719 2
680 720 -2
680 719 2
680 681 -2
681 721 -2
681 682 -2
682 722 2
682 683 2
683 723 2
683 684 -2
684 724 2
684 685 2
685 725 -2
685 686 2
686 726 -2
686 687 -2
687 727 -2
687 688 -2
688 728 -2
688 689 -2
689 729 2
689 690 2
690 730 2
690 691 -2
691 731 2
691 692 -2
692 732 2
692 693 -2
693 733 2
693 694 2
694 734 2
694 695 2
695 735 -2
695 696 2
696 736 2
696 697 2
697 737 -2
697 698 -2
698 738 2
698 699 2
699 739 2
699 700 2
700 740 -2
700 701 -2
701 741 2
701 702 2
702 742 2
702 703 -2
703 743 -2
703 704 2
704 744 2
704 705 2
705 745 2
705 706 2
706 746 2
706 707 -2
707 747 -2
707 708 2
708 748 2
708 709 2
709 749 -2
709 710 2
710 750 -2
710 711 2
711 751 -2
711 712 2
712 752 2
712 713 -2
713 753 -2
713 714 2
714 754 -2
714 715 2
715 755 -2
715 716 2
716 756 -2
716 717 -2
717 757 2
717 718 -2
718 758 2
718 719 2
719 759 -2
720 760 -2
720 759 2
720 721 2
721 761 -2
721 722 2
722 762 -2
722 723 2
723 763 2
723 724 -2
724 764 -2
724 725 2
725 765 -2
725 726 -2
726 766 -2
726 727 -2
727 767 2
727 728 -2
728 768 -2
728 729 2
729 769 2
729 730 -2
730 770 -2
730 731 2
731 771 -2
731 732 2
732 772 -2
732 733 2
733 773 -2
733 734 -2
734 774 2
734 735 2
735 775 -2
735 736 2
736 776 2
736 737 2
737 777 -2
737 738 2
738 778 2
738 739 2
739 779 -2
739 740 -2
740 780 -2
740 741 -2
741 781 -2
741 742 2
742 782 -2
742 743 2
743 783 2
743 744 -2
744 784 2
744 745 -2
745 785 2
745 746 2
746 786 2
746 747 2
747 787 2
747 748 -2
748 788 -2
748 749 2
749 789 -2
749 750 2
750 790 2
750 751 2
751 791 2
751 752 -2
752 792 2
752 753 2
753 793 2
753 754 -2
754 794 -2
754 755 2
755 795 -2
755 756 2
756 796 2
756 757 2
757 797 2
757 758 -2
758 798 2
758 759 2
759 799 2
760 800 -2
760 799 -2
760 761 2
761 801 2
761 762 2
762 802 -2
762 763 -2
763 803 2
763 764 -2
764 804 -2
764 765 2
765 805 2
765 766 -2
766 806 -2
766 767 -2
767 807 -2
767 768 2
768 808 -2
768 769 -2
769 809 2
769 770 -2
770 810 -2
770 771 2
771 811 -2
771 772 -2
772 812 2
772 773 2
773 813 2
773 774 -2
774 814 2
774 775 -2
775 815 -2
775 776 2
776 816 2
776 777 -2
777 817 2
777 778 2
778 818 -2
778 779 -2
779 819 2
779 780 2
780 820 -2
780 781 2
781 821 2
781 782 2
782 822 -2
782 783 -2
783 823 2
783 784 -2
784 824 -2
784 785 -2
785 825 -2
785 786 -2
786 826 -2
786 787 -2
787 827 2
787 788 -2
788 828 2
788 789 -2
789 829 -2
789 790 -2
790 830 2
790 791 2
791 831 2
791 792 -2
792 832 2
792 793 -2
793 833 2
793 794 2
794 834 2
794 795 -2
795 835 -2
795 796 2
796 836 2
796 797 2
797 837 -2
797 798 2
798 838 2
798 799 2
799 839 2
800 840 -2
800 839 -2
800 801 2
801 841 2
801 802 -2
802 842 2
802 803 -2
803 843 2
803 804 -2
804 844 2
804 805 -2
805 845 2
805 806 -2
806 846 -2
806 807 2
807 847 -2
807 808 2
808 848 -2
808 809 2
809 849 -2
809 810 2
810 850 2
810 811 -2
811 851 2
811 812 -2
812 852 -2
812 813 2
813 853 2
813 814 2
814 854 -2
814 815 -2
815 855 -2
815 816 2
816 856 2
816 817 2
817 857 -2
817 818 -2
818 858 -2
818 819 -2
819 859 2
819 820 2
820 860 2
820 821 -2
821 861 2
821 822 2
822 862 2
822 823 2
823 863 2
823 824 -2
824 864 -2
824 825 2
825 865 2
825 826 2
826 866 -2
826 827 2
827 867 -2
827 828 -2
828 868 2
828 829 2
829 869 -2
829 830 2
830 870 2
830 831 2
831 871 2
831 832 -2
832 872 2
832 833 -2
833 873 2
833 834 2
834 874 -2
834 835 2
835 875 2
835 836 2
836 876 -2
836 837 2
837 877 -2
837 838 2
838 878 2
838 839 2
839 879 -2
840 880 2
840 879 -2
840 841 2
841 881 2
841 842 -2
842 882 -2
842 843 -2
843 883 2
843 844 2
844 884 2
844 845 2
845 885 2
845 846 2
846 886 2
846 847 2
847 887 -2
847 848 2
848 888 2
848 849 2
849 889 2
849 850 -2
850 890 2
850 851 -2
851 891 -2
851 852 2
852 892 2
852 853 -2
853 893 -2
853 854 -2
854 894 -2
854 855 -2
855 895 -2
855 856 -2
856 896 -2
856 857 2
857 897 2
857 858 2
858 898 2
858 859 -2
859 899 2
859 860 2
860 900 2
860 861 2
861 901 2
861 862 -2
862 902 2
862 863 2
863 903 2
863 864 2
864 904 2
864 865 -2
865 905 2
865 866 2
866 906 -2
866 867 2
867 907 -2
867 868 -2
868 908 2
868 869 -2
869 909 2
869 870 2
870 910 -2
870 871 -2
871 911 2
871 872 -2
872 912 2
872 873 -2
873 913 -2
873 874 -2
874 914 -2
874 875 -2
875 915 -2
875 876 2
876 916 -2
876 877 -2
877 917 -2
877 878 -2
878 918 2
878 879 2
879 919 2
880 920 -2
880 919 -2
880 881 2
881 921 2
881 882 2
882 922 -2
882 883 2
883 923 -2
883 884 2
884 924 -2
884 885 2
885 925 2
885 886 2
886 926 2
886 887 -2
887 927 2
887 888 -2
888 928 2
888 889 2
889 929 2
889 890 -2
890 930 -2
890 891 -2
891 931 2
891 892 -2
892 932 2
892 893 2
893 933 -2
893 894 -2
894 934 2
894 895 -2
895 935 2
895 896 2
896 936 -2
896 897 2
897 937 -2
897 898 2
898 938 2
898 899 2
899 939 -2
899 900 2
900 940 -2
900 901 -2
901 941 2
901 902 2
902 942 2
902 903 2
903 943 -2
903 904 2
904 944 2
904 905 -2
905 945 2
905 906 -2
906 946 -2
906 907 -2
907 947 2
907 908 -2
908 948 -2
908 909 -2
909 949 2
909 910 2
910 950 2
910 911 -2
911 951 -2
911 912 -2
912 952 -2
912 913 -2
913 953 2
913 914 2
914 954 -2
914 915 -2
915 955 2
915 916 -2
916 956 2
916 917 -2
917 957 2
917 918 2
918 958 -2
918 919 2
919 959 -2
920 960 2
920 959 -2
920 921 2
921 961 -2
921 922 2
922 962 2
922 923 -2
923 963 -2
923 924 2
924 964 2
924 925 2
925 965 2
925 926 -2
926 966 -2
926 927 2
927 967 2
927 928 2
928 968 -2
928 929 2
929 969 2
929 930 2
930 970 -2
930 931 -2
931 971 -2
931 932 -2
932 972 2
932 933 2
933 973 -2
933 934 -2
934 974 2
934 935 2
935 975 2
935 936 2
936 976 -2
936 937 2
937 977 -2
937 938 2
938 978 2
938 939 2
939 979 -2
939 940 2
940 980 -2
940 941 -2
941 981 -2
941 942 2
942 982 -2
942 943 2
943 983 2
943 944 -2
944 984 -2
944 945 -2
945 985 -2
945 946 -2
946 986 -2
946 947 -2
947 987 -2
947 948 2
948 988 2
948 949 2
949 989 2
949 950 2
950 990 2
950 951 -2
951 991 -2
951 952 -2
952 992 -2
952 953 -2
953 993 -2
953 954 2
954 994 -2
954 955 -2
955 995 2
955 956 2
956 996 -2
956 957 2
957 997 2
957 958 -2
958 998 2
958 959 -2
959 999 2
960 1000 2
960 999 -2
960 961 2
961 1001 -2
961 962 -2
962 1002 2
962 963 -2
963 1003 2
963 964 2
964 1004 2
964 965 2
965 1005 -2
965 966 2
966 1006 2
966 967 2
967 1007 -2
967 968 2
968 1008 2
968 969 -2
969 1009 -2
969 970 2
970 1010 -2
970 971 -2
971 1011 -2
971 972 2
972 1012 2
972 973 -2
973 1013 -2
973 974 -2
974 1014 2
974 975 2
975 1015 -2
975 976 2
976 1016 -2
976 977 2
977 1017 2
977 978 -2
978 1018 -2
978 979 -2
979 1019 -2
979 980 -2
980 1020 -2
980 981 2
981 1021 2
981 982 2
982 1022 2
982 983 2
983 1023 -2
983 984 2
984 1024 2
984 985 -2
985 1025 -2
985 986 -2
986 1026 2
986 987 2
987 1027 2
987 988 -2
988 1028 2
988 989 -2
989 1029 -2
989 990 2
990 1030 -2
990 991 -2
991 1031 -2
991 992 -2
992 1032 -2
992 993 2
993 1033 -2
993 994 2
994 1034 2
994 995 -2
995 1035 2
995 996 2
996 1036 -2
996 997 2
997 1037 2
997 998 -2
998 1038 2
998 999 2
999 1039 2
1000 1040 2
1000 1039 -2
1000 1001 2
1001 1041 -2
1001 1002 -2
1002 1042 -2
1002 1003 -2
1003 1043 -2
1003 1004 2
1004 1044 2
1004 1005 2
1005 1045 -2
1005 1006 2
1006 1046 -2
1006 1007 2
1007 1047 -2
1007 1008 2
1008 1048 2
1008 1009 2
1009 1049 -2
1009 1010 -2
1010 1050 2
1010 1011 2
1011 1051 -2
1011 1012 -2
1012 1052 -2
1012 1013 2
1013 1053 -2
1013 1014 2
1014 1054 2
1014 1015 -2
1015 1055 2
1015 1016 2
1016 1056 -2
1016 1017 -2
1017 1057 -2
1017 1018 2
1018 1058 -2
1018 1019 2
1019 1059 -2
1019 1020 2
1020 1060 -2
1020 1021 -2
1021 1061 2
1021 1022 2
1022 1062 -2
1022 1023 2
1023 1063 2
1023 1024 2
1024 1064 -2
1024 1025 2
1025 1065 2
1025 1026 2
1026 1066 2
1026 1027 2
1027 1067 2
1027 1028 2
1028 1068 2
1028 1029 -2
1029 1069 -2
1029 1030 -2
1030 1070 2
1030 1031 -2
1031 1071 -2
1031 1032 -2
1032 1072 2
1032 1033 -2
1033 1073 -2
1033 1034 -2
1034 1074 -2
1034 1035 2
1035 1075 2
1035 1036 -2
1036 1076 2
1036 1037 -2
1037 1077 2
1037 1038 -2
1038 1078 -2
1038 1039 -2
1039 1079 -2
1040 1080 2
1040 1079 -2
1040 1041 -2
1041 1081 -2
1041 1042 -2
1042 1082 2
1042 1043 -2
1043 1083 2
1043 1044 2
1044 1084 -2
1044 1045 -2
1045 1085 2
1045 1046 -2
1046 1086 2
1046 1047 2
1047 1087 -2
1047 1048 2
1048 1088 -2
1048 1049 -2
1049 1089 2
1049 1050 2
1050 1090 2
1050 1051 -2
1051 1091 -2
1051 1052 2
1052 1092 2
1052 1053 2
1053 1093 -2
1053 1054 2
1054 1094 -2
1054 1055 2
1055 1095 -2
1055 1056 -2
1056 1096 2
1056 1057 2
1057 1097 2
1057 1058 2
1058 1098 2
1058 1059 -2
1059 1099 -2
1059 1060 2
1060 1100 -2
1060 1061 2
1061 1101 2
1061 1062 2
1062 1102 -2
1062 1063 2
1063 1103 -2
1063 1064 2
1064 1104 -2
1064 1065 -2
1065 1105 2
1065 1066 -2
1066 1106 2
1066 1067 -2
1067 1107 2
1067 1068 2
1068 1108 2
1068 1069 2
1069 1109 2
1069 1070 -2
1070 1110 2
1070 1071 -2
1071 1111 -2
1071 1072 -2
1072 1112 -2
1072 1073 2
1073 1113 2
1073 1074 2
1074 1114 2
1074 1075 -2
1075 1115 -2
1075 1076 -2
1076 1116 -2
1076 1077 2
1077 1117 2
1077 1078 -2
1078 1118 2
1078 1079 -2
1079 1119 -2
1080 1120 -2
1080 1119 2
1080 1081 2
1081 1121 2
1081 1082 2
1082 1122 2
1082 1083 -2
1083 1123 -2
1083 1084 2
1084 1124 -2
1084 1085 2
1085 1125 2
1085 1086 2
1086 1126 -2
1086 1087 -2
1087 1127 -2
1087 1088 2
1088 1128 2
1088 1089 2
1089 1129 2
1089 1090 2
1090 1130 2
1090 1091 2
1091 1131 2
1091 1092 2
1092 1132 -2
1092 1093 2
1093 1133 -2
1093 1094 2
1094 1134 -2
1094 1095 -2
1095 1135 -2
1095 1096 -2
1096 1136 2
1096 1097 -2
1097 1137 -2
1097 1098 -2
1098 1138 -2
1098 1099 -2
1099 1139 2
1099 1100 2
1100 1140 -2
1100 1101 -2
1101 1141 -2
1101 1102 2
1102 1142 -2
1102 1103 2
1103 1143 -2
1103 1104 2
1104 1144 -2
1104 1105 -2
1105 1145 -2
1105 1106 -2
1106 1146 -2
1106 1107 -2
1107 1147 2
1107 1108 -2
1108 1148 2
1108 1109 -2
1109 1149 2
1109 1110 -2
1110 1150 -2
1110 1111 -2
1111 1151 -2
1111 1112 -2
1112 1152 -2
1112 1113 -2
1113 1153 -2
1113 1114 -2
1114 1154 -2
1114 1115 -2
1115 1155 -2
1115 1116 -2
1116 1156 -2
1116 1117 -2
1117 1157 -2
1117 1118 2
1118 1158 -2
1118 1119 -2
1119 1159 2
1120 1160 2
1120 1159 -2
1120 1121 2
1121 1161 -2
1121 1122 2
1122 1162 -2
1122 1123 -2
1123 1163 2
1123 1124 -2
1124 1164 2
1124 1125 2
1125 1165 2
1125 1126 -2
1126 1166 -2
1126 1127 -2
1127 1167 2
1127 1128 2
1128 1168 2
1128 1129 2
1129 1169 2
1129 1130 -2
1130 1170 2
1130 1131 2
1131 1171 -2
1131 1132 2
1132 1172 2
1132 1133 2
1133 1173 2
1133 1134 2
1134 1174 2
1134 1135 -2
1135 1175 -2
1135 1136 -2
1136 1176 -2
1136 1137 2
1137 1177 -2
1137 1138 -2
1138 1178 2
1138 1139 2
1139 1179 2
1139 1140 2
1140 1180 -2
1140 1141 2
1141 1181 -2
1141 1142 -2
1142 1182 -2
1142 1143 2
1143 1183 2
1143 1144 2
1144 1184 2
1144 1145 2
1145 1185 2
1145 1146 2
1146 1186 2
1146 1147 2
1147 1187 -2
1147 1148 2
1148 1188 -2
1148 1149 -2
1149 1189 -2
1149 1150 -2
1150 1190 2
1150 1151 2
1151 1191 2
1151 1152 2
1152 1192 -2
1152 1153 2
1153 1193 -2
1153 1154 -2
1154 1194 -2
1154 1155 2
1155 1195 2
1155 1156 2
1156 1196 2
1156 1157 2
1157 1197 -2
1157 1158 2
1158 1198 2
1158 1159 -2
1159 1199 2
1160 1200 2
1160 1199 2
1160 1161 -2
1161 1201 2
1161 1162 -2
1162 1202 -2
1162 1163 -2
1163 1203 2
1163 1164 -2
1164 1204 -2
1164 1165 -2
1165 1205 2
1165 1166 -2
1166 1206 -2
1166 1167 -2
1167 1207 -2
1167 1168 2
1168 1208 -2
1168 1169 -2
1169 1209 2
1169 1170 2
1170 1210 2
1170 1171 2
1171 1211 -2
1171 1172 2
1172 1212 -2
1172 1173 2
1173 1213 -2
1173 1174 2
1174 1214 -2
1174 1175 -2
1175 1215 2
1175 1176 -2
1176 1216 2
1176 1177 -2
1177 1217 2
1177 1178 2
1178 1218 2
1178 1179 2
1179 1219 2
1179 1180 2
1180 1220 2
1180 1181 -2
1181 1221 2
1181 1182 2
1182 1222 -2
1182 1183 -2
1183 1223 2
1183 1184 -2
1184 1224 2
1184 1185 -2
1185 1225 2
1185 1186 -2
1186 1226 2
1186 1187 -2
1187 1227 -2
1187 1188 -2
1188 1228 2
1188 1189 -2
1189 1229 -2
1189 1190 -2
1190 1230 -2
1190 1191 2
1191 1231 -2
1191 1192 2
1192 1232 -2
1192 1193 -2
1193 1233 2
1193 1194 2
1194 1234 -2
1194 1195 2
1195 1235 -2
1195 1196 2
1196 1236 2
1196 1197 -2
1197 1237 -2
1197 1198 2
1198 1238 2
1198 1199 -2
1199 1239 2
1200 1240 2
1200 1239 -2
1200 1201 -2
1201 1241 -2
1201 1202 -2
1202 1242 -2
1202 1203 -2
1203 1243 -2
1203 1204 2
1204 1244 -2
1204 1205 2
1205 1245 2
1205 1206 2
1206 1246 -2
1206 1207 2
1207 1247 2
1207 1208 2
1208 1248 2
1208 1209 2
1209 1249 2
1209 1210 -2
1210 1250 -2
1210 1211 -2
1211 1251 -2
1211 1212 2
1212 1252 2
1212 1213 -2
1213 1253 2
1213 1214 -2
1214 1254 -2
1214 1215 2
1215 1255 -2
1215 1216 -2
1216 1256 -2
1216 1217 -2
1217 1257 2
1217 1218 -2
1218 1258 2
1218 1219 2
1219 1259 -2
1219 1220 -2
1220 1260 2
1220 1221 -2
1221 1261 -2
1221 1222 2
1222 1262 -2
1222 1223 -2
1223 1263 -2
1223 1224 -2
1224 1264 -2
1224 1225 -2
1225 1265 2
1225 1226 -2
1226 1266 -2
1226 1227 -2
1227 1267 2
1227 1228 2
1228 1268 -2
1228 1229 -2
1229 1269 2
1229 1230 -2
1230 1270 -2
1230 1231 2
1231 1271 2
1231 1232 -2
1232 1272 2
1232 1233 2
1233 1273 2
1233 1234 2
1234 1274 2
1234 1235 -2
1235 1275 2
1235 1236 2
1236 1276 -2
1236 1237 -2
1237 1277 -2
1237 1238 2
1238 1278 -2
1238 1239 2
1239 1279 -2
1240 1280 2
1240 1279 -2
1240 1241 -2
1241 1281 2
1241 1242 -2
1242 1282 -2
1242 1243 2
1243 1283 -2
1243 1244 -2
1244 1284 2
1244 1245 2
1245 1285 -2
1245 1246 2
1246 1286 -2
1246 1247 -2
1247 1287 -2
1247 1248 -2
1248 1288 -2
1248 1249 2
1249 1289 2
1249 1250 -2
1250 1290 -2
1250 1251 2
1251 1291 -2
1251 1252 -2
1252 1292 -2
1252 1253 -2
1253 1293 2
1253 1254 -2
1254 1294 2
1254 1255 2
1255 1295 -2
1255 1256 -2
1256 1296 2
1256 1257 -2
1257 1297 -2
1257 1258 -2
1258 1298 2
1258 1259 -2
1259 1299 -2
1259 1260 2
1260 1300 -2
1260 1261 2
1261 1301 -2
1261 1262 -2
1262 1302 -2
1262 1263 2
1263 1303 -2
1263 1264 -2
1264 1304 -2
1264 1265 2
1265 1305 2
1265 1266 -2
1266 1306 2
1266 1267 -2
1267 1307 2
1267 1268 -2
1268 1308 2
1268 1269 2
1269 1309 -2
1269 1270 -2
1270 1310 -2
1270 1271 2
1271 1311 -2
1271 1272 2
1272 1312 2
1272 1273 -2
1273 1313 -2
1273 1274 -2
1274 1314 2
1274 1275 -2
1275 1315 -2
1275 1276 2
1276 1316 -2
1276 1277 -2
1277 1317 -2
1277 1278 -2
1278 1318 -2
1278 1279 -2
1279 1319 -2
1280 1320 2
1280 1319 -2
1280 1281 -2
1281 1321 -2
1281 1282 2
1282 1322 2
1282 1283 2
1283 1323 -2
1283 1284 -2
1284 1324 -2
1284 1285 -2
1285 1325 2
1285 1286 -2
1286 1326 2
1286 1287 -2
1287 1327 -2
1287 1288 2
1288 1328 2
1288 1289 2
1289 1329 -2
1289 1290 -2
1290 1330 2
1290 1291 -2
1291 1331 -2
1291 1292 2
1292 1332 -2
1292 1293 2
1293 1333 -2
1293 1294 -2
1294 1334 -2
1294 1295 2
1295 1335 -2
1295 1296 2
1296 1336 -2
1296 1297 -2
1297 1337 2
1297 1298 2
1298 1338 2
1298 1299 -2
1299 1339 -2
1299 1300 2
1300 1340 -2
1300 1301 2
1301 1341 -2
1301 1302 -2
1302 1342 -2
1302 1303 2
1303 1343 2
1303 1304 2
1304 1344 2
1304 1305 -2
1305 1345 2
1305 1306 2
1306 1346 -2
1306 1307 2
1307 1347 -2
1307 1308 -2
1308 1348 2
1308 1309 -2
1309 1349 2
1309 1310 2
1310 1350 -2
1310 1311 2
1311 1351 2
1311 1312 -2
1312 1352 -2
1312 1313 2
1313 1353 -2
1313 1314 2
1314 1354 -2
1314 1315 2
1315 1355 -2
1315 1316 2
1316 1356 2
1316 1317 -2
1317 1357 2
1317 1318 2
1318 1358 -2
1318 1319 2
1319 1359 2
1320 1360 -2
1320 1359 2
1320 1321 -2
1321 1361 -2
1321 1322 -2
1322 1362 2
1322 1323 2
1323 1363 2
1323 1324 -2
1324 1364 -2
1324 1325 -2
1325 1365 -2
1325 1326 -2
1326 1366 -2
1326 1327 -2
1327 1367 -2
1327 1328 -2
1328 1368 2
1328 1329 2
1329 1369 2
1329 1330 2
1330 1370 -2
1330 1331 -2
1331 1371 -2
1331 1332 2
1332 1372 -2
1332 1333 -2
1333 1373 -2
1333 1334 2
1334 1374 2
1334 1335 -2
1335 1375 2
1335 1336 -2
1336 1376 2
1336 1337 -2
1337 1377 2
1337 1338 -2
1338 1378 -2
1338 1339 -2
1339 1379 2
1339 1340 -2
1340 1380 -2
1340 1341 2
1341 1381 2
1341 1342 2
1342 1382 2
1342 1343 2
1343 1383 2
1343 1344 -2
1344 1384 -2
1344 1345 2
1345 1385 2
1345 1346 2
1346 1386 -2
1346 1347 -2
1347 1387 2
1347 1348 2
1348 1388 2
1348 1349 2
1349 1389 -2
1349 1350 -2
1350 1390 2
1350 1351 2
1351 1391 2
1351 1352 -2
1352 1392 2
1352 1353 2
1353 1393 -2
1353 1354 2
1354 1394 -2
1354 1355 -2
1355 1395 2
1355 1356 -2
1356 1396 -2
1356 1357 -2
1357 1397 2
1357 1358 2
1358 1398 2
1358 1359 2
1359 1399 -2
1360 1400 2
1360 1399 -2
1360 1361 -2
1361 1401 -2
1361 1362 2
1362 1402 -2
1362 1363 2
1363 1403 2
1363 1364 -2
1364 1404 2
1364 1365 -2
1365 1405 2
1365 1366 2
1366 1406 -2
1366 1367 -2
1367 1407 2
1367 1368 2
1368 1408 2
1368 1369 2
1369 1409 -2
1369 1370 2
1370 1410 2
1370 1371 2
1371 1411 2
1371 1372 2
1372 1412 -2
1372 1373 -2
1373 1413 2
1373 1374 -2
1374 1414 -2
1374 1375 -2
1375 1415 2
1375 1376 2
1376 1416 2
1376 1377 2
1377 1417 2
1377 1378 2
1378 1418 -2
1378 1379 2
1379 1419 2
1379 1380 2
1380 1420 -2
1380 1381 -2
1381 1421 2
1381 1382 2
1382 1422 -2
1382 1383 2
1383 1423 2
1383 1384 2
1384 1424 -2
1384 1385 2
1385 1425 -2
1385 1386 -2
1386 1426 2
1386 1387 2
1387 1427 -2
1387 1388 -2
1388 1428 2
1388 1389 -2
1389 1429 -2
1389 1390 2
1390 1430 2
1390 1391 2
1391 1431 2
1391 1392 -2
1392 1432 2
1392 1393 2
1393 1433 -2
1393 1394 2
1394 1434 -2
1394 1395 -2
1395 1435 2
1395 1396 2
1396 1436 -2
1396 1397 -2
1397 1437 2
1397 1398 2
1398 1438 -2
1398 1399 2
1399 1439 2
1400 1440 -2
1400 1439 2
1400 1401 -2
1401 1441 2
1401 1402 2
1402 1442 -2
1402 1403 -2
1403 1443 2
1403 1404 2
1404 1444 2
1404 1405 -2
1405 1445 2
1405 1406 2
1406 1446 -2
1406 1407 2
1407 1447 -2
1407 1408 -2
1408 1448 2
1408 1409 -2
1409 1449 -2
1409 1410 2
1410 1450 2
1410 1411 -2
1411 1451 2
1411 1412 -2
1412 1452 2
1412 1413 -2
1413 1453 2
1413 1414 -2
1414 1454 2
1414 1415 -2
1415 1455 -2
1415 1416 2
1416 1456 -2
1416 1417 2
1417 1457 2
1417 1418 -2
1418 1458 2
1418 1419 -2
1419 1459 -2
1419 1420 -2
1420 1460 2
1420 1421 -2
1421 1461 2
1421 1422 2
1422 1462 -2
1422 1423 2
1423 1463 -2
1423 1424 -2
1424 1464 -2
1424 1425 -2
1425 1465 2
1425 1426 2
1426 1466 -2
1426 1427 -2
1427 1467 -2
1427 1428 -2
1428 1468 -2
1428 1429 2
1429 1469 -2
1429 1430 2
1430 1470 -2
1430 1431 2
1431 1471 -2
1431 1432 2
1432 1472 -2
1432 1433 -2
1433 1473 -2
1433 1434 2
1434 1474 -2
1434 1435 -2
1435 1475 2
1435 1436 -2
1436 1476 -2
1436 1437 2
1437 1477 -2
1437 1438 2
1438 1478 2
1438 1439 -2
1439 1479 2
1440 1480 2
1440 1479 -2
1440 1441 2
1441 1481 -2
1441 1442 2
1442 1482 2
1442 1443 -2
1443 1483 -2
1443 1444 -2
1444 1484 2
1444 1445 2
1445 1485 -2
1445 1446 2
1446 1486 2
1446 1447 2
1447 1487 2
1447 1448 -2
1448 1488 2
1448 1449 2
1449 1489 2
1449 1450 -2
1450 1490 2
1450 1451 2
1451 1491 2
1451 1452 -2
1452 1492 -2
1452 1453 -2
1453 1493 -2
1453 1454 -2
1454 1494 2
1454 1455 -2
1455 1495 2
1455 1456 -2
1456 1496 -2
1456 1457 -2
1457 1497 -2
1457 1458 -2
1458 1498 2
1458 1459 2
1459 1499 2
1459 1460 2
1460 1500 2
1460 1461 -2
1461 1501 -2
1461 1462 -2
1462 1502 -2
1462 1463 2
1463 1503 2
1463 1464 -2
1464 1504 -2
1464 1465 -2
1465 1505 -2
1465 1466 2
1466 1506 2
1466 1467 2
1467 1507 -2
1467 1468 2
1468 1508 2
1468 1469 2
1469 1509 -2
1469 1470 -2
1470 1510 2
1470 1471 -2
1471 1511 -2
1471 1472 -2
1472 1512 2
1472 1473 2
1473 1513 -2
1473 1474 -2
1474 1514 -2
1474 1475 -2
1475 1515 -2
1475 1476 2
1476 1516 2
1476 1477 -2
1477 1517 2
1477 1478 -2
1478 1518 2
1478 1479 -2
1479 1519 2
1480 1520 2
1480 1519 -2
1480 1481 2
1481 1521 2
1481 1482 2
1482 1522 2
1482 1483 -2
1483 1523 -2
1483 1484 2
1484 1524 -2
1484 1485 2
1485 1525 2
1485 1486 2
1486 1526 2
1486 1487 2
1487 1527 -2
1487 1488 -2
1488 1528 -2
1488 1489 2
1489 1529 2
1489 1490 2
1490 1530 -2
1490 1491 2
1491 1531 2
1491 1492 -2
1492 1532 2
1492 1493 -2
1493 1533 -2
1493 1494 -2
1494 1534 -2
1494 1495 2
1495 1535 -2
1495 1496 2
1496 1536 -2
1496 1497 -2
1497 1537 -2
1497 1498 2
1498 1538 -2
1498 1499 2
1499 1539 -2
1499 1500 -2
1500 1540 -2
1500 1501 2
1501 1541 -2
1501 1502 2
1502 1542 2
1502 1503 -2
1503 1543 -2
1503 1504 -2
1504 1544 2
1504 1505 -2
1505 1545 2
1505 1506 2
1506 1546 2
1506 1507 2
1507 1547 2
1507 1508 -2
1508 1548 2
1508 1509 -2
1509 1549 -2
1509 1510 -2
1510 1550 -2
1510 1511 2
1511 1551 -2
1511 1512 2
1512 1552 2
1512 1513 2
1513 1553 -2
1513 1514 2
1514 1554 2
1514 1515 -2
1515 1555 2
1515 1516 2
1516 1556 2
1516 1517 2
1517 1557 2
1517 1518 -2
1518 1558 2
1518 1519 -2
1519 1559 2
1520 1560 -2
1520 1559 2
1520 1521 2
1521 1561 -2
1521 1522 -2
1522 1562 -2
1522 1523 2
1523 1563 -2
1523 1524 2
1524 1564 -2
1524 1525 -2
1525 1565 2
1525 1526 2
1526 1566 -2
1526 1527 2
1527 1567 2
1527 1528 2
1528 1568 -2
1528 1529 2
1529 1569 -2
1529 1530 2
1530 1570 -2
1530 1531 2
1531 1571 2
1531 1532 2
1532 1572 2
1532 1533 2
1533 1573 -2
1533 1534 -2
1534 1574 2
1534 1535 2
1535 1575 2
1535 1536 2
1536 1576 -2
1536 1537 -2
1537 1577 -2
1537 1538 2
1538 1578 2
1538 1539 2
1539 1579 2
1539 1540 2
1540 1580 2
1540 1541 2
1541 1581 2
1541 1542 -2
1542 1582 -2
1542 1543 2
1543 1583 2
1543 1544 -2
1544 1584 2
1544 1545 -2
1545 1585 2
1545 1546 2
1546 1586 -2
1546 1547 -2
1547 1587 2
1547 1548 -2
1548 1588 -2
1548 1549 -2
1549 1589 2
1549 1550 -2
1550 1590 2
1550 1551 2
1551 1591 2
1551 1552 2
1552 1592 -2
1552 1553 2
1553 1593 -2
1553 1554 -2
1554 1594 -2
1554 1555 2
1555 1595 -2
1555 1556 2
1556 1596 2
1556 1557 -2
1557 1597 2
1557 1558 2
1558 1598 2
1558 1559 2
1559 1599 2
1560 1600 2
1560 1599 2
1560 1561 -2
1561 1601 2
1561 1562 -2
1562 1602 -2
1562 1563 2
1563 1603 -2
1563 1564 2
1564 1604 -2
1564 1565 -2
1565 1605 2
1565 1566 -2
1566 1606 2
1566 1567 -2
1567 1607 2
1567 1568 2
1568 1608 -2
1568 1569 -2
1569 1609 -2
1569 1570 2
1570 1610 -2
1570 1571 -2
1571 1611 -2
1571 1572 -2
1572 1612 -2
1572 1573 -2
1573 1613 2
1573 1574 2
1574 1614 2
1574 1575 2
1575 1615 -2
1575 1576 2
1576 1616 2
1576 1577 -2
1577 1617 -2
1577 1578 2
1578 1618 2
1578 1579 2
1579 1619 -2
1579 1580 -2
1580 1620 -2
1580 1581 2
1581 1621 2
1581 1582 -2
1582 1622 -2
1582 1583 -2
1583 1623 -2
1583 1584 -2
1584 1624 -2
1584 1585 2
1585 1625 -2
1585 1586 -2
1586 1626 2
1586 1587 -2
1587 1627 -2
1587 1588 2
1588 1628 2
1588 1589 2
1589 1629 -2
1589 1590 -2
1590 1630 -2
1590 1591 -2
1591 1631 2
1591 1592 -2
1592 1632 2
1592 1593 2
1593 1633 2
1593 1594 -2
1594 1634 2
1594 1595 -2
1595 1635 2
1595 1596 2
1596 1636 -2
1596 1597 -2
1597 1637 2
1597 1598 2
1598 1638 -2
1598 1599 2
1599 1639 2
1600 1640 -2
1600 1639 2
1600 1601 -2
1601 1641 -2
1601 1602 -2
1602 1642 -2
1602 1603 2
1603 1643 -2
1603 1604 -2
1604 1644 2
1604 1605 -2
1605 1645 -2
1605 1606 -2
1606 1646 2
1606 1607 -2
1607 1647 2
1607 1608 2
1608 1648 -2
1608 1609 2
1609 1649 2
1609 1610 -2
1610 1650 -2
1610 1611 2
1611 1651 2
1611 1612 2
1612 1652 -2
1612 1613 2
1613 1653 2
1613 1614 2
1614 1654 2
1614 1615 2
1615 1655 2
1615 1616 2
1616 1656 2
1616 1617 -2
1617 1657 2
1617 1618 2
1618 1658 -2
1618 1619 -2
1619 1659 2
1619 1620 2
1620 1660 2
1620 1621 -2
1621 1661 2
1621 1622 -2
1622 1662 -2
1622 1623 2
1623 1663 2
1623 1624 2
1624 1664 2
1624 1625 2
1625 1665 2
1625 1626 -2
1626 1666 2
1626 1627 2
1627 1667 -2
1627 1628 -2
1628 1668 -2
1628 1629 -2
1629 1669 2
1629 1630 2
1630 1670 -2
1630 1631 -2
1631 1671 2
1631 1632 2
1632 1672 2
1632 1633 2
1633 1673 2
1633 1634 -2
1634 1674 -2
1634 1635 -2
1635 1675 2
1635 1636 2
1636 1676 2
1636 1637 -2
1637 1677 2
1637 1638 -2
1638 1678 2
1638 1639 2
1639 1679 -2
1640 1680 -2
1640 1679 2
1640 1641 -2
1641 1681 2
1641 1642 2
1642 1682 2
1642 1643 -2
1643 1683 2
1643 1644 -2
1644 1684 2
1644 1645 2
1645 1685 2
1645 1646 2
1646 1686 -2
1646 1647 2
1647 1687 -2
1647 1648 2
1648 1688 -2
1648 1649 2
1649 1689 2
1649 1650 -2
1650 1690 -2
1650 1651 -2
1651 1691 2
1651 1652 -2
1652 1692 -2
1652 1653 2
1653 1693 -2
1653 1654 -2
1654 1694 -2
1654 1655 2
1655 1695 -2
1655 1656 2
1656 1696 2
1656 1657 -2
1657 1697 2
1657 1658 -2
1658 1698 2
1658 1659 -2
1659 1699 2
1659 1660 2
1660 1700 2
1660 1661 2
1661 1701 2
1661 1662 -2
1662 1702 -2
1662 1663 -2
1663 1703 2
1663 1664 -2
1664 1704 -2
1664 1665 -2
1665 1705 -2
1665 1666 2
1666 1706 -2
1666 1667 -2
1667 1707 2
1667 1668 2
1668 1708 -2
1668 1669 2
1669 1709 -2
1669 1670 -2
1670 1710 2
1670 1671 2
1671 1711 -2
1671 1672 -2
1672 1712 -2
1672 1673 -2
1673 1713 2
1673 1674 -2
1674 1714 -2
1674 1675 2
1675 1715 -2
1675 1676 2
1676 1716 -2
1676 1677 2
1677 1717 -2
1677 1678 -2
1678 1718 2
1678 1679 -2
1679 1719 2
1680 1720 -2
1680 1719 -2
1680 1681 -2
1681 1721 2
1681 1682 2
1682 1722 2
1682 1683 -2
1683 1723 -2
1683 1684 2
1684 1724 2
1684 1685 2
1685 1725 2
1685 1686 2
1686 1726 -2
1686 1687 -2
1687 1727 -2
1687 1688 2
1688 1728 -2
1688 1689 -2
1689 1729 2
1689 1690 -2
1690 1730 -2
1690 1691 -2
1691 1731 -2
1691 1692 2
1692 1732 -2
1692 1693 -2
1693 1733 2
1693 1694 2
1694 1734 2
1694 1695 -2
1695 1735 2
1695 1696 -2
1696 1736 2
1696 1697 -2
1697 1737 2
1697 1698 -2
1698 1738 -2
1698 1699 2
1699 1739 2
1699 1700 -2
1700 1740 2
1700 1701 2
1701 1741 2
1701 1702 -2
1702 1742 -2
1702 1703 2
1703 1743 -2
1703 1704 2
1704 1744 -2
1704 1705 -2
1705 1745 -2
1705 1706 2
1706 1746 2
1706 1707 2
1707 1747 -2
1707 1708 -2
1708 1748 -2
1708 1709 -2
1709 1749 2
1709 1710 2
1710 1750 2
1710 1711 2
1711 1751 2
1711 1712 -2
1712 1752 -2
1712 1713 -2
1713 1753 2
1713 1714 2
1714 1754 2
1714 1715 -2
1715 1755 -2
1715 1716 -2
1716 1756 -2
1716 1717 2
1717 1757 -2
1717 1718 -2
1718 1758 2
1718 1719 2
1719 1759 -2
1720 1760 -2
1720 1759 2
1720 1721 2
1721 1761 -2
1721 1722 -2
1722 1762 2
1722 1723 -2
1723 1763 -2
1723 1724 2
1724 1764 2
1724 1725 2
1725 1765 -2
1725 1726 2
1726 1766 2
1726 1727 -2
1727 1767 2
1727 1728 -2
1728 1768 -2
1728 1729 -2
1729 1769 -2
1729 1730 -2
1730 1770 2
1730 1731 2
1731 1771 2
1731 1732 -2
1732 1772 2
1732 1733 -2
1733 1773 2
1733 1734 2
1734 1774 2
1734 1735 2
1735 1775 -2
1735 1736 -2
1736 1776 2
1736 1737 -2
1737 1777 -2
1737 1738 2
1738 1778 -2
1738 1739 2
1739 1779 -2
1739 1740 2
1740 1780 2
1740 1741 2
1741 1781 -2
1741 1742 -2
1742 1782 2
1742 1743 2
1743 1783 -2
1743 1744 -2
1744 1784 -2
1744 1745 2
1745 1785 2
1745 1746 -2
1746 1786 -2
1746 1747 2
1747 1787 -2
1747 1748 2
1748 1788 2
1748 1749 2
1749 1789 -2
1749 1750 2
1750 1790 2
1750 1751 -2
1751 1791 -2
1751 1752 2
1752 1792 2
1752 1753 -2
1753 1793 2
1753 1754 2
1754 1794 2
1754 1755 2
1755 1795 -2
1755 1756 -2
1756 1796 2
1756 1757 2
1757 1797 2
1757 1758 2
1758 1798 2
1758 1759 2
1759 1799 -2
1760 1800 -2
1760 1799 -2
1760 1761 2
1761 1801 -2
1761 1762 -2
1762 1802 2
1762 1763 -2
1763 1803 2
1763 1764 -2
1764 1804 -2
1764 1765 -2
1765 1805 -2
1765 1766 -2
1766 1806 2
1766 1767 -2
1767 1807 2
1767 1768 2
1768 1808 2
1768 1769 -2
1769 1809 -2
1769 1770 2
1770 1810 -2
1770 1771 2
1771 1811 2
1771 1772 -2
1772 1812 -2
1772 1773 -2
1773 1813 -2
1773 1774 -2
1774 1814 -2
1774 1775 -2
1775 1815 2
1775 1776 -2
1776 1816 2
1776 1777 -2
1777 1817 2
1777 1778 2
1778 1818 -2
1778 1779 -2
1779 1819 -2
1779 1780 -2
1780 1820 -2
1780 1781 -2
1781 1821 -2
1781 1782 -2
1782 1822 2
1782 1783 2
1783 1823 2
1783 1784 -2
1784 1824 2
1784 1785 2
1785 1825 -2
1785 1786 -2
1786 1826 2
1786 1787 -2
1787 1827 -2
1787 1788 2
1788 1828 -2
1788 1789 -2
1789 1829 -2
1789 1790 -2
1790 1830 -2
1790 1791 -2
1791 1831 2
1791 1792 2
1792 1832 -2
1792 1793 2
1793 1833 2
1793 1794 2
1794 1834 2
1794 1795 -2
1795 1835 2
1795 1796 2
1796 1836 -2
1796 1797 -2
1797 1837 -2
1797 1798 2
1798 1838 2
1798 1799 2
1799 1839 2
1800 1840 2
1800 1839 2
1800 1801 2
1801 1841 -2
1801 1802 -2
1802 1842 2
1802 1803 2
1803 1843 2
1803 1804 2
1804 1844 -2
1804 1805 2
1805 1845 2
1805 1806 -2
1806 1846 2
1806 1807 2
1807 1847 -2
1807 1808 -2
1808 1848 -2
1808 1809 -2
1809 1849 2
1809 1810 2
1810 1850 -2
1810 1811 -2
1811 1851 2
1811 1812 2
1812 1852 2
1812 1813 2
1813 1853 -2
1813 1814 -2
1814 1854 2
1814 1815 -2
1815 1855 2
1815 1816 -2
1816 1856 -2
1816 1817 -2
1817 1857 -2
1817 1818 -2
1818 1858 2
1818 1819 2
1819 1859 -2
1819 1820 -2
1820 1860 -2
1820 1821 -2
1821 1861 2
1821 1822 -2
1822 1862 2
1822 1823 -2
1823 1863 2
1823 1824 2
1824 1864 2
1824 1825 -2
1825 1865 2
1825 1826 2
1826 1866 -2
1826 1827 2
1827 1867 -2
1827 1828 -2
1828 1868 -2
1828 1829 2
1829 1869 2
1829 1830 2
1830 1870 -2
1830 1831 2
1831 1871 -2
1831 1832 2
1832 1872 2
1832 1833 2
1833 1873 2
1833 1834 2
1834 1874 2
1834 1835 2
1835 1875 -2
1835 1836 2
1836 1876 2
1836 1837 -2
1837 1877 -2
1837 1838 -2
1838 1878 2
1838 1839 -2
1839 1879 2
1840 1880 2
1840 1879 2
1840 1841 2
1841 1881 2
1841 1842 -2
1842 1882 2
1842 1843 -2
1843 1883 2
1843 1844 2
1844 1884 -2
1844 1845 -2
1845 1885 2
1845 1846 -2
1846 1886 -2
1846 1847 2
1847 1887 -2
1847 1848 2
1848 1888 2
1848 1849 2
1849 1889 2
1849 1850 2
1850 1890 -2
1850 1851 -2
1851 1891 -2
1851 1852 -2
1852 1892 -2
1852 1853 2
1853 1893 -2
1853 1854 2
1854 1894 -2
1854 1855 -2
1855 1895 -2
1855 1856 2
1856 1896 2
1856 1857 2
1857 1897 2
1857 1858 -2
1858 1898 2
1858 1859 2
1859 1899 -2
1859 1860 -2
1860 1900 -2
1860 1861 2
1861 1901 2
1861 1862 -2
1862 1902 -2
1862 1863 2
1863 1903 2
1863 1864 2
1864 1904 -2
1864 1865 -2
1865 1905 2
1865 1866 2
1866 1906 2
1866 1867 -2
1867 1907 -2
1867 1868 2
1868 1908 -2
1868 1869 -2
1869 1909 -2
1869 1870 -2
1870 1910 -2
1870 1871 2
1871 1911 2
1871 1872 2
1872 1912 2
1872 1873 -2
1873 1913 -2
1873 1874 2
1874 1914 2
1874 1875 2
1875 1915 -2
1875 1876 -2
1876 1916 -2
1876 1877 -2
1877 1917 2
1877 1878 -2
1878 1918 -2
1878 1879 2
1879 1919 2
1880 1920 2
1880 1919 -2
1880 1881 -2
1881 1921 -2
1881 1882 2
1882 1922 -2
1882 1883 -2
1883 1923 -2
1883 1884 -2
1884 1924 2
1884 1885 -2
1885 1925 -2
1885 1886 2
1886 1926 -2
1886 1887 -2
1887 1927 -2
1887 1888 -2
1888 1928 -2
1888 1889 2
1889 1929 -2
1889 1890 -2
1890 1930 -2
1890 1891 2
1891 1931 2
1891 1892 2
1892 1932 2
1892 1893 -2
1893 1933 2
1893 1894 2
1894 1934 -2
1894 1895 -2
1895 1935 2
1895 1896 2
1896 1936 -2
1896 1897 2
1897 1937 -2
1897 1898 -2
1898 1938 2
1898 1899 -2
1899 1939 -2
1899 1900 -2
1900 1940 2
1900 1901 -2
1901 1941 -2
1901 1902 -2
1902 1942 2
1902 1903 -2
1903 1943 -2
1903 1904 2
1904 1944 2
1904 1905 -2
1905 1945 -2
1905 1906 2
1906 1946 -2
1906 1907 -2
1907 1947 2
1907 1908 2
1908 1948 2
1908 1909 2
1909 1949 -2
1909 1910 2
1910 1950 2
1910 1911 -2
1911 1951 2
1911 1912 2
1912 1952 2
1912 1913 2
1913 1953 2
1913 1914 2
1914 1954 -2
1914 1915 -2
1915 1955 2
1915 1916 2
1916 1956 2
1916 1917 2
1917 1957 -2
1917 1918 2
1918 1958 2
1918 1919 2
1919 1959 -2
1920 1960 2
1920 1959 2
1920 1921 2
1921 1961 2
1921 1922 2
1922 1962 2
1922 1923 -2
1923 1963 2
1923 1924 -2
1924 1964 2
1924 1925 2
1925 1965 -2
1925 1926 2
1926 1966 -2
1926 1927 -2
1927 1967 2
1927 1928 2
1928 1968 -2
1928 1929 2
1929 1969 -2
1929 1930 2
1930 1970 -2
1930 1931 -2
1931 1971 2
1931 1932 2
1932 1972 2
1932 1933 2
1933 1973 2
1933 1934 2
1934 1974 -2
1934 1935 2
1935 1975 2
1935 1936 -2
1936 1976 -2
1936 1937 -2
1937 1977 -2
1937 1938 -2
1938 1978 2
1938 1939 2
1939 1979 -2
1939 1940 2
1940 1980 -2
1940 1941 -2
1941 1981 2
1941 1942 -2
1942 1982 2
1942 1943 2
1943 1983 2
1943 1944 -2
1944 1984 2
1944 1945 2
1945 1985 -2
1945 1946 2
1946 1986 -2
1946 1947 -2
1947 1987 -2
1947 1948 2
1948 1988 2
1948 1949 -2
1949 1989 2
1949 1950 2
1950 1990 2
1950 1951 -2
1951 1991 2
1951 1952 -2
1952 1992 2
1952 1953 2
1953 1993 -2
1953 1954 -2
1954 1994 2
1954 1955 -2
1955 1995 -2
1955 1956 2
1956 1996 -2
1956 1957 2
1957 1997 2
1957 1958 -2
1958 1998 2
1958 1959 -2
1959 1999 -2
1960 1999 -2
1960 1961 -2
1961 1962 -2
1962 1963 2
1963 1964 -2
1964 1965 -2
1965 1966 -2
1966 1967 -2
1967 1968 -2
1968 1969 2
1969 1970 -2
1970 1971 2
1971 1972 2
1972 1973 -2
1973 1974 2
1974 1975 2
1975 1976 2
1976 1977 2
1977 1978 2
1978 1979 2
1979 1980 2
1980 1981 2
1981 1982 -2
1982 1983 2
1983 1984 2
1984 1985 2
1985 1986 2
1986 1987 -2
1987 1988 -2
1988 1989 2
1989 1990 2
1990 1991 -2
1991 1992 -2
1992 1993 2
1993 1994 -2
1994 1995 2
1995 1996 -2
1996 1997 2
1997 1998 2
1998 1999 -2
0 0 4
1 1 -2
2 2 -2
3 3 -2
4 4 2
5 5 2
6 6 -2
8 8 -2
9 9 4
10 10 2
11 11 -2
13 13 -2
14 14 -2
16 16 2
18 18 -2
19 19 -4
22 22 2
24 24 -2
26 26 -2
28 28 2
30 30 2
31 31 2
32 32 4
35 35 2
36 36 4
39 39 4
40 40 2
43 43 -4
44 44 -2
45 45 -2
47 47 2
49 49 2
54 54 2
57 57 2
58 58 2
60 60 2
61 61 4
62 62 2
66 66 2
67 67 4
68 68 2
69 69 2
70 70 -2
72 72 2
73 73 4
74 74 2
75 75 4
76 76 2
77 77 2
78 78 4
79 79 4
80 80 4
81 81 4
82 82 4
83 83 -2
84 84 -2
85 85 -2
86 86 -4
87 87 -2
88 88 -2
89 89 4
93 93 2
94 94 2
95 95 4
96 96 2
98 98 -2
101 101 2
102 102 -2
103 103 2
104 104 2
105 105 -2
106 106 2
107 107 2
108 108 -2
109 109 4
111 111 2
113 113 4
115 115 2
116 116 -2
119 119 2
122 122 2
123 123 2
124 124 2
125 125 2
127 127 4
130 130 -2
131 131 2
132 132 -2
133 133 -2
134 134 2
135 135 2
136 136 -2
137 137 2
140 140 -2
143 143 2
144 144 2
145 145 -2
146 146 -2
148 148 -2
149 149 2
151 151 2
154 154 -2
155 155 2
156 156 4
157 157 2
158 158 2
159 159 2
160 160 -2
161 161 -4
164 164 -2
165 165 2
167 167 2
168 168 2
169 169 4
170 170 2
171 171 4
172 172 -2
173 173 -4
175 175 2
176 176 2
178 178 -2
180 180 4
182 182 2
184 184 -2
185 185 2
186 186 2
187 187 -2
189 189 4
190 190 2
192 192 -2
193 193 -4
196 196 -2
198 198 4
199 199 2
200 200 2
202 202 2
204 204 -2
205 205 4
206 206 4
207 207 2
210 210 2
211 211 4
212 212 -2
216 216 -2
217 217 -2
218 218 -2
219 219 2
220 220 2
221 221 2
222 222 2
223 223 -4
224 224 -4
225 225 2
227 227 -2
228 228 -2
229 229 2
230 230 2
231 231 2
232 232 4
235 235 -2
237 237 2
238 238 2
240 240 -2
241 241 2
243 243 -2
245 245 2
246 246 4
248 248 2
249 249 2
250 250 2
252 252 2
253 253 2
255 255 2
256 256 -2
257 257 2
258 258 2
260 260 2
261 261 2
265 265 2
266 266 -2
267 267 2
268 268 2
269 269 2
270 270 2
271 271 2
273 273 -2
275 275 -2
277 277 2
279 279 -2
282 282 -2
284 284 2
287 287 -2
288 288 2
289 289 2
290 290 -2
291 291 -2
293 293 -2
295 295 2
297 297 -2
299 299 2
300 300 4
301 301 2
302 302 -2
303 303 -2
305 305 2
306 306 -2
307 307 -2
308 308 4
310 310 -2
311 311 -2
314 314 4
315 315 4
316 316 2
318 318 -2
319 319 2
320 320 2
322 322 -4
325 325 2
328 328 4
329 329 4
333 333 -2
336 336 -2
337 337 2
338 338 2
339 339 -2
340 340 -2
341 341 -2
343 343 -2
344 344 -2
345 345 -2
346 346 -2
347 347 -2
348 348 2
350 350 -2
352 352 2
354 354 2
357 357 2
358 358 -2
359 359 2
360 360 2
361 361 2
362 362 2
364 364 2
365 365 2
366 366 -2
368 368 2
369 369 2
370 370 -2
371 371 -4
372 372 -2
373 373 -2
375 375 -2
376 376 -2
377 377 2
378 378 4
380 380 -2
381 381 -2
383 383 2
385 385 2
389 389 2
394 394 2
395 395 -2
397 397 2
398 398 -2
399 399 2
400 400 -2
402 402 2
404 404 -2
405 405 -4
406 406 -2
408 408 2
409 409 2
411 411 -2
413 413 -2
414 414 2
415 415 -2
417 417 -2
423 423 2
424 424 -2
426 426 2
427 427 2
429 429 2
430 430 2
431 431 2
432 432 2
434 434 4
436 436 2
437 437 -2
438 438 -2
441 441 -4
442 442 -2
444 444 -4
445 445 -2
446 446 -2
447 447 -2
449 449 2
450 450 2
452 452 2
453 453 2
454 454 2
455 455 -2
458 458 2
459 459 -2
463 463 4
464 464 -2
466 466 2
467 467 -2
469 469 -4
472 472 2
473 473 2
475 475 -4
480 480 -2
482 482 2
483 483 2
487 487 2
488 488 2
489 489 4
490 490 2
491 491 -2
492 492 -2
493 493 2
494 494 2
495 495 2
497 497 -4
498 498 2
500 500 2
501 501 2
503 503 2
504 504 -2
507 507 2
508 508 2
509 509 2
510 510 4
511 511 -2
513 513 4
514 514 -2
515 515 -4
516 516 -2
517 517 -4
518 518 2
521 521 4
522 522 4
523 523 2
524 524 -2
525 525 -2
526 526 2
527 527 -2
528 528 -2
529 529 -2
530 530 -2
531 531 -2
532 532 -2
536 536 -4
537 537 -2
538 538 4
539 539 2
540 540 -2
542 542 -2
544 544 2
546 546 2
547 547 4
548 548 -2
550 550 2
551 551 -4
552 552 -4
553 553 2
554 554 2
556 556 -4
558 558 2
559 559 -2
560 560 2
561 561 2
563 563 -4
564 564 -2
566 566 2
568 568 -2
569 569 -2
570 570 -4
571 571 2
572 572 2
575 575 2
577 577 2
578 578 2
579 579 4
580 580 2
581 581 4
582 582 2
583 583 2
585 585 -2
586 586 2
587 587 2
589 589 -2
590 590 -2
591 591 -4
592 592 -4
594 594 -2
598 598 -2
599 599 -2
600 600 2
601 601 -2
602 602 2
605 605 2
606 606 -2
612 612 2
615 615 -2
617 617 2
618 618 -2
619 619 2
620 620 2
623 623 2
624 624 -2
625 625 4
626 626 2
627 627 -2
629 629 2
631 631 -2
632 632 -4
635 635 -2
636 636 2
638 638 -2
640 640 2
642 642 4
643 643 2
644 644 -2
645 645 2
646 646 2
648 648 2
650 650 2
651 651 2
652 652 4
654 654 -4
655 655 -4
656 656 -2
658 658 2
661 661 2
662 662 -2
665 665 4
668 668 2
669 669 2
670 670 -2
671 671 -2
672 672 -2
673 673 -2
676 676 2
677 677 -2
678 678 2
679 679 2
680 680 2
681 681 4
684 684 -2
686 686 2
687 687 2
688 688 4
689 689 -2
690 690 -2
691 691 2
692 692 2
694 694 -4
695 695 -2
696 696 -4
698 698 -2
699 699 -4
702 702 -2
704 704 -2
705 705 -2
706 706 -2
708 708 -2
710 710 -2
713 713 2
715 715 -2
716 716 2
718 718 -2
719 719 -2
722 722 -2
723 723 -2
725 725 2
726 726 4
727 727 2
728 728 2
729 729 -2
731 731 -2
732 732 -2
734 734 -2
736 736 -4
738 738 -4
740 740 4
742 742 -2
745 745 -2
746 746 -4
750 750 -2
752 752 -2
754 754 2
756 756 -2
757 757 -2
758 758 -2
759 759 -2
760 760 2
761 761 -2
762 762 2
764 764 2
766 766 4
768 768 2
770 770 2
771 771 2
775 775 2
776 776 -2
781 781 -2
782 782 2
784 784 2
785 785 2
786 786 2
788 788 2
789 789 4
790 790 -2
791 791 -2
793 793 -2
795 795 2
796 796 -4
797 797 -2
798 798 -4
799 799 -2
800 800 2
801 801 -2
802 802 2
804 804 2
806 806 2
809 809 -2
811 811 2
813 813 -4
815 815 2
816 816 -4
818 818 4
819 819 -2
821 821 -2
822 822 -2
823 823 -2
824 824 2
825 825 -2
828 828 -2
830 830 -4
831 831 -2
833 833 -2
834 834 -2
835 835 -2
836 836 -2
838 838 -4
841 841 -2
842 842 2
843 843 -2
844 844 -4
845 845 -4
846 846 -2
848 848 -2
853 853 2
854 854 4
855 855 4
857 857 -2
859 859 -2
860 860 -4
861 861 -2
862 862 -2
863 863 -4
865 865 -2
867 867 2
873 873 2
874 874 4
876 876 2
877 877 4
878 878 -2
881 881 -4
883 883 -2
884 884 -2
885 885 -4
886 886 -2
887 887 2
888 888 -2
889 889 -2
890 890 2
891 891 2
892 892 -2
893 893 2
894 894 2
897 897 -2
898 898 -4
899 899 -2
901 901 -2
902 902 -4
903 903 -2
904 904 -2
906 906 4
907 907 2
908 908 2
909 909 -2
911 911 2
912 912 2
914 914 2
915 915 2
916 916 2
918 918 -2
921 921 -2
923 923 2
924 924 -2
925 925 -2
927 927 -4
928 928 -2
929 929 -4
930 930 2
931 931 2
932 932 -2
933 933 2
934 934 -2
935 935 -4
938 938 -4
940 940 2
942 942 -2
944 944 2
945 945 2
946 946 4
948 948 -2
949 949 -4
950 950 -2
951 951 4
952 952 4
954 954 2
955 955 -2
956 956 -2
957 957 -2
958 958 2
959 959 2
960 960 -2
961 961 2
964 964 -4
965 965 -2
966 966 -2
967 967 -2
970 970 2
971 971 2
972 972 -2
973 973 4
974 974 -2
975 975 -2
978 978 2
979 979 4
980 980 2
981 981 -2
982 982 -2
983 983 -2
985 985 4
991 991 4
992 992 2
995 995 -2
997 997 -2
998 998 -2
999 999 -2
1000 1000 -2
1001 1001 2
1002 1002 2
1004 1004 -4
1006 1006 -2
1008 1008 -4
1009 1009 2
1011 1011 2
1014 1014 -2
1016 1016 2
1020 1020 2
1021 1021 -2
1022 1022 -2
1023 1023 -2
1024 1024 -2
1025 1025 -2
1026 1026 -4
1027 1027 -4
1028 1028 -2
1029 1029 4
1030 1030 2
1031 1031 4
1032 1032 2
1033 1033 4
1035 1035 -2
1036 1036 2
1038 1038 2
1039 1039 2
1041 1041 4
1042 1042 2
1045 1045 2
1050 1050 -2
1051 1051 2
1052 1052 -2
1054 1054 -2
1057 1057 -2
1059 1059 2
1061 1061 -4
1063 1063 -2
1064 1064 2
1067 1067 -2
1068 1068 -4
1071 1071 4
1073 1073 -2
1075 1075 2
1077 1077 -2
1078 1078 2
1079 1079 4
1080 1080 -2
1081 1081 -2
1082 1082 -2
1085 1085 -4
1087 1087 2
1088 1088 -2
1089 1089 -4
1090 1090 -4
1091 1091 -2
1092 1092 -2
1094 1094 2
1095 1095 4
1097 1097 2
1098 1098 2
1100 1100 2
1104 1104 2
1105 1105 2
1106 1106 2
1110 1110 2
1111 1111 4
1112 1112 4
1113 1113 2
1114 1114 2
1115 1115 4
1116 1116 4
1121 1121 -2
1123 1123 2
1125 1125 -2
1126 1126 4
1128 1128 -4
1129 1129 -2
1130 1130 -2
1131 1131 -2
1132 1132 -2
1133 1133 -2
1135 1135 4
1137 1137 2
1139 1139 -4
1141 1141 2
1142 1142 2
1143 1143 -2
1144 1144 -2
1145 1145 -2
1146 1146 -2
1147 1147 -2
1149 1149 2
1151 1151 -2
1153 1153 2
1154 1154 2
1155 1155 -2
1156 1156 -2
1160 1160 -2
1161 1161 2
1162 1162 4
1164 1164 2
1166 1166 4
1169 1169 -2
1170 1170 -4
1172 1172 -2
1173 1173 -2
1175 1175 2
1176 1176 2
1178 1178 -4
1179 1179 -4
1182 1182 2
1187 1187 4
1188 1188 2
1189 1189 4
1191 1191 -2
1192 1192 2
1195 1195 -2
1196 1196 -2
1197 1197 2
1198 1198 -2
1199 1199 -2
1201 1201 2
1202 1202 4
1205 1205 -4
1207 1207 -2
1208 1208 -2
1209 1209 -2
1210 1210 2
1211 1211 2
1213 1213 2
1214 1214 2
1216 1216 2
1218 1218 -2
1222 1222 2
1223 1223 2
1224 1224 2
1226 1226 2
1229 1229 2
1230 1230 2
1233 1233 -4
1237 1237 2
1238 1238 -2
1241 1241 2
1242 1242 2
1243 1243 2
1245 1245 -2
1246 1246 2
1247 1247 2
1249 1249 -2
1250 1250 2
1251 1251 2
1252 1252 2
1255 1255 2
1256 1256 2
1257 1257 2
1259 1259 2
1260 1260 -2
1261 1261 2
1262 1262 2
1263 1263 2
1264 1264 2
1265 1265 -2
1266 1266 2
1270 1270 2
1271 1271 -2
1272 1272 -2
1273 1273 2
1276 1276 2
1277 1277 4
1278 1278 4
1279 1279 4
1282 1282 -2
1283 1283 2
1284 1284 2
1285 1285 2
1286 1286 2
1287 1287 2
1288 1288 -2
1290 1290 2
1291 1291 2
1298 1298 -2
1299 1299 2
1301 1301 2
1302 1302 2
1303 1303 -2
1305 1305 -2
1306 1306 -2
1314 1314 -2
1321 1321 4
1322 1322 -2
1324 1324 4
1325 1325 2
1326 1326 2
1327 1327 4
1328 1328 -2
1329 1329 -2
1331 1331 2
1332 1332 2
1333 1333 2
1335 1335 2
1336 1336 2
1338 1338 2
1339 1339 2
1340 1340 2
1341 1341 -2
1342 1342 -2
1343 1343 -2
1345 1345 -4
1346 1346 2
1348 1348 -4
1351 1351 -2
1354 1354 2
1355 1355 2
1356 1356 2
1357 1357 -2
1358 1358 -2
1359 1359 -2
1360 1360 2
1361 1361 2
1362 1362 -2
1363 1363 -2
1364 1364 2
1366 1366 2
1368 1368 -4
1369 1369 -2
1370 1370 -2
1371 1371 -2
1372 1372 2
1373 1373 2
1374 1374 2
1375 1375 -2
1376 1376 -4
1377 1377 -4
1379 1379 -4
1380 1380 2
1381 1381 -2
1382 1382 -2
1383 1383 -4
1389 1389 2
1390 1390 -4
1391 1391 -2
1392 1392 -2
1394 1394 2
1395 1395 -2
1396 1396 2
1397 1397 -2
1398 1398 -2
1402 1402 2
1403 1403 -2
1404 1404 -2
1405 1405 -2
1409 1409 2
1410 1410 -2
1412 1412 2
1414 1414 2
1416 1416 -2
1417 1417 -2
1418 1418 2
1419 1419 2
1420 1420 2
1421 1421 -2
1424 1424 4
1427 1427 4
1430 1430 -2
1431 1431 -2
1433 1433 2
1434 1434 2
1436 1436 2
1437 1437 -2
1439 1439 -2
1441 1441 -2
1443 1443 2
1444 1444 -2
1445 1445 -2
1446 1446 -2
1448 1448 -2
1450 1450 -2
1451 1451 -2
1452 1452 2
1453 1453 2
1455 1455 2
1456 1456 4
1457 1457 2
1458 1458 -2
1459 1459 -2
1460 1460 -2
1461 1461 2
1462 1462 2
1464 1464 4
1466 1466 -2
1468 1468 -2
1469 1469 2
1470 1470 2
1471 1471 4
1473 1473 2
1474 1474 4
1477 1477 2
1480 1480 -2
1481 1481 -2
1482 1482 -2
1483 1483 2
1484 1484 -2
1485 1485 -2
1486 1486 -4
1489 1489 -4
1490 1490 -2
1491 1491 -2
1492 1492 2
1493 1493 4
1495 1495 -2
1496 1496 2
1497 1497 2
1498 1498 -2
1503 1503 2
1504 1504 2
1506 1506 -4
1509 1509 4
1512 1512 -4
1516 1516 -4
1517 1517 -2
1520 1520 -2
1524 1524 2
1525 1525 -2
1526 1526 -2
1527 1527 -2
1529 1529 -2
1531 1531 -4
1532 1532 -4
1533 1533 2
1535 1535 -2
1536 1536 2
1537 1537 2
1538 1538 -2
1539 1539 -2
1540 1540 -2
1545 1545 -2
1548 1548 2
1549 1549 2
1551 1551 -2
1552 1552 -2
1553 1553 2
1555 1555 -2
1556 1556 -2
1557 1557 -2
1558 1558 -4
1559 1559 -4
1561 1561 2
1562 1562 2
1564 1564 2
1566 1566 2
1567 1567 -2
1568 1568 2
1569 1569 2
1570 1570 2
1571 1571 2
1572 1572 2
1574 1574 -4
1575 1575 -2
1577 1577 2
1578 1578 -4
1581 1581 -2
1582 1582 4
1583 1583 2
1586 1586 2
1588 1588 -2
1590 1590 2
1594 1594 2
1597 1597 -2
1598 1598 -2
1599 1599 -4
1601 1601 2
1602 1602 2
1603 1603 2
1604 1604 2
1605 1605 2
1607 1607 -2
1610 1610 2
1611 1611 -2
1613 1613 -4
1614 1614 -4
1615 1615 -2
1616 1616 -2
1622 1622 2
1623 1623 -2
1624 1624 -2
1626 1626 -2
1627 1627 2
1628 1628 2
1630 1630 2
1631 1631 -2
1632 1632 -4
1633 1633 -2
1634 1634 2
1635 1635 -2
1639 1639 -2
1640 1640 2
1643 1643 2
1644 1644 -2
1645 1645 -2
1646 1646 -2
1647 1647 -2
1649 1649 -2
1650 1650 4
1652 1652 2
1655 1655 -2
1656 1656 -2
1658 1658 2
1659 1659 -2
1660 1660 -4
1661 1661 -2
1662 1662 4
1664 1664 2
1672 1672 2
1674 1674 2
1675 1675 -2
1676 1676 -2
1680 1680 4
1681 1681 -2
1682 1682 -2
1684 1684 -4
1685 1685 -4
1686 1686 2
1687 1687 2
1688 1688 2
1690 1690 4
1692 1692 2
1695 1695 2
1699 1699 -2
1700 1700 -2
1701 1701 -2
1702 1702 2
1703 1703 -2
1704 1704 2
1705 1705 2
1706 1706 -2
1708 1708 4
1710 1710 -4
1712 1712 4
1713 1713 -2
1715 1715 4
1716 1716 2
1717 1717 2
1718 1718 -2
1723 1723 2
1724 1724 -4
1725 1725 -2
1727 1727 2
1728 1728 4
1729 1729 2
1732 1732 2
1733 1733 -2
1734 1734 -4
1739 1739 -2
1740 1740 -4
1743 1743 2
1744 1744 2
1748 1748 -2
1749 1749 -2
1750 1750 -2
1753 1753 -2
1754 1754 -4
1755 1755 2
1757 1757 -2
1758 1758 -4
1760 1760 2
1761 1761 2
1763 1763 2
1764 1764 2
1765 1765 4
1767 1767 -2
1769 1769 2
1770 1770 -2
1771 1771 -2
1772 1772 2
1773 1773 2
1774 1774 2
1775 1775 2
1778 1778 2
1779 1779 4
1780 1780 2
1781 1781 4
1782 1782 -2
1786 1786 2
1787 1787 2
1789 1789 4
1790 1790 2
1792 1792 -2
1793 1793 -4
1794 1794 -2
1798 1798 -4
1800 1800 -2
1801 1801 2
1802 1802 -2
1803 1803 -4
1806 1806 -2
1808 1808 2
1810 1810 2
1811 1811 -2
1812 1812 -2
1813 1813 2
1814 1814 2
1816 1816 2
1817 1817 2
1819 1819 2
1820 1820 4
1821 1821 2
1823 1823 -2
1824 1824 -2
1826 1826 -2
1827 1827 2
1828 1828 2
1829 1829 -2
1831 1831 -2
1832 1832 -2
1833 1833 -4
1834 1834 -4
1835 1835 -2
1837 1837 4
1839 1839 -2
1840 1840 -4
1843 1843 -2
1844 1844 2
1848 1848 -2
1849 1849 -4
1850 1850 2
1851 1851 2
1856 1856 -2
1858 1858 -2
1859 1859 2
1860 1860 2
1861 1861 -2
1863 1863 -4
1865 1865 -2
1867 1867 2
1868 1868 2
1869 1869 2
1870 1870 2
1871 1871 -2
1872 1872 -2
1874 1874 -4
1875 1875 2
1876 1876 2
1877 1877 2
1879 1879 -4
1883 1883 2
1884 1884 2
1886 1886 2
1887 1887 4
1890 1890 2
1891 1891 -2
1894 1894 2
1896 1896 -2
1899 1899 4
1900 1900 2
1901 1901 2
1902 1902 2
1908 1908 -2
1911 1911 -2
1912 1912 -4
1913 1913 -2
1916 1916 -2
1917 1917 -2
1918 1918 -2
1920 1920 -4
1921 1921 -2
1923 1923 2
1924 1924 -2
1926 1926 2
1930 1930 2
1931 1931 -2
1932 1932 -4
1933 1933 -4
1935 1935 -2
1936 1936 4
1937 1937 4
1938 1938 -2
1941 1941 2
1942 1942 -2
1944 1944 -2
1946 1946 2
1948 1948 -2
1950 1950 -2
1952 1952 -2
1954 1954 2
1956 1956 -2
1959 1959 2
1960 1960 2
1963 1963 -2
1965 1965 4
1966 1966 2
1967 1967 2
1969 1969 2
1970 1970 2
1971 1971 -4
1975 1975 -2
1977 1977 -2
1978 1978 -2
1979 1979 -2
1980 1980 -2
1981 1981 -2
1983 1983 -2
1984 1984 -2
1986 1986 2
1987 1987 2
1989 1989 -2
1991 1991 2
1994 1994 -2
1996 1996 2
1997 1997 -4
1998 1998 -2
1999 1999 4