1000 6909 -156 1
0 4 2
0 5 2
0 7 2
0 10 2
0 13 2
0 14 2
0 15 2
0 16 2
0 20 2
0 25 2
0 27 2
0 29 2
0 30 2
0 40 2
0 43 2
0 45 2
0 61 2
0 66 2
0 69 2
0 70 2
0 75 2
0 84 2
0 91 2
0 92 2
0 106 2
0 110 2
0 116 2
0 125 2
0 128 2
0 145 2
0 154 2
0 157 2
0 158 2
0 161 2
0 162 2
0 169 2
0 170 2
0 180 2
0 186 2
0 207 2
0 215 2
0 228 2
0 237 2
0 241 2
0 248 2
0 266 2
0 267 2
0 293 2
0 297 2
0 338 2
0 360 2
0 373 2
0 376 2
0 399 2
0 404 2
0 405 2
0 424 2
0 433 2
0 478 2
0 518 2
0 544 2
0 556 2
0 563 2
0 571 2
0 579 2
0 580 2
0 607 2
0 613 2
0 620 2
0 655 2
0 656 2
0 660 2
0 666 2
0 677 2
0 703 2
0 706 2
0 715 2
0 773 2
0 784 2
0 817 2
0 821 2
0 841 2
0 942 2
0 960 2
0 986 2
0 990 2
0 1 2
0 2 2
0 3 2
0 6 2
0 17 2
0 31 2
0 39 2
0 42 2
0 53 2
0 54 2
0 56 2
0 62 2
0 96 2
0 101 2
0 104 2
0 108 2
0 126 2
0 156 2
0 159 2
0 173 2
0 178 2
0 189 2
0 190 2
0 191 2
0 212 2
0 233 2
0 254 2
0 283 2
0 329 2
0 346 2
0 357 2
0 387 2
0 397 2
0 429 2
0 431 2
0 436 2
0 437 2
0 468 2
0 474 2
0 501 2
0 537 2
0 568 2
0 736 2
0 753 2
0 762 2
0 875 2
0 910 2
0 914 2
0 919 2
0 923 2
0 945 2
0 946 2
0 998 2
1 6 2
1 11 2
1 15 2
1 17 2
1 22 2
1 24 2
1 26 2
1 31 2
1 32 2
1 38 2
1 42 2
1 62 2
1 71 2
1 94 2
1 97 2
1 138 2
1 146 2
1 178 2
1 190 2
1 199 2
1 201 2
1 211 2
1 260 2
1 265 2
1 284 2
1 337 2
1 370 2
1 383 2
1 389 2
1 398 2
1 416 2
1 509 2
1 524 2
1 549 2
1 571 2
1 625 2
1 650 2
1 679 2
1 737 2
1 791 2
1 801 2
1 823 2
1 896 2
1 897 2
1 912 2
1 948 2
1 972 2
1 2 2
1 3 2
1 4 2
1 7 2
1 8 2
1 9 2
1 12 2
1 13 2
1 14 2
1 27 2
1 63 2
1 70 2
1 74 2
1 75 2
1 103 2
1 121 2
1 149 2
1 152 2
1 179 2
1 206 2
1 213 2
1 219 2
1 264 2
1 269 2
1 272 2
1 287 2
1 301 2
1 303 2
1 304 2
1 318 2
1 345 2
1 374 2
1 376 2
1 388 2
1 414 2
1 429 2
1 430 2
1 440 2
1 450 2
1 512 2
1 517 2
1 542 2
1 570 2
1 598 2
1 602 2
1 606 2
1 608 2
1 612 2
1 617 2
1 630 2
1 684 2
1 703 2
1 711 2
1 723 2
1 759 2
1 765 2
1 786 2
1 787 2
1 826 2
1 863 2
1 907 2
1 914 2
1 939 2
1 956 2
2 8 2
2 10 2
2 13 2
2 16 2
2 19 2
2 22 2
2 23 2
2 29 2
2 47 2
2 57 2
2 59 2
2 63 2
2 64 2
2 78 2
2 88 2
2 93 2
2 99 2
2 102 2
2 104 2
2 111 2
2 118 2
2 130 2
2 140 2
2 143 2
2 176 2
2 181 2
2 203 2
2 214 2
2 224 2
2 231 2
2 244 2
2 245 2
2 250 2
2 252 2
2 254 2
2 277 2
2 285 2
2 292 2
2 300 2
2 306 2
2 311 2
2 322 2
2 348 2
2 355 2
2 356 2
2 363 2
2 367 2
2 368 2
2 382 2
2 409 2
2 455 2
2 457 2
2 458 2
2 490 2
2 491 2
2 511 2
2 528 2
2 555 2
2 611 2
2 647 2
2 657 2
2 661 2
2 714 2
2 760 2
2 791 2
2 804 2
2 816 2
2 844 2
2 852 2
2 877 2
2 884 2
2 918 2
2 922 2
2 932 2
2 943 2
2 988 2
2 992 2
2 3 2
2 4 2
2 5 2
2 6 2
2 7 2
2 9 2
2 15 2
2 17 2
2 20 2
2 24 2
2 31 2
2 44 2
2 70 2
2 75 2
2 79 2
2 80 2
2 87 2
2 96 2
2 98 2
2 105 2
2 129 2
2 139 2
2 145 2
2 160 2
2 182 2
2 191 2
2 195 2
2 199 2
2 209 2
2 234 2
2 248 2
2 256 2
2 266 2
2 272 2
2 284 2
2 290 2
2 303 2
2 320 2
2 326 2
2 332 2
2 334 2
2 351 2
2 377 2
2 393 2
2 405 2
2 417 2
2 420 2
2 474 2
2 485 2
2 495 2
2 520 2
2 545 2
2 579 2
2 594 2
2 639 2
2 645 2
2 659 2
2 677 2
2 681 2
2 718 2
2 732 2
2 740 2
2 772 2
2 775 2
2 792 2
2 820 2
2 825 2
2 831 2
2 857 2
2 858 2
2 872 2
2 960 2
2 963 2
2 968 2
2 974 2
2 975 2
2 993 2
3 7 2
3 18 2
3 21 2
3 22 2
3 39 2
3 45 2
3 46 2
3 50 2
3 141 2
3 146 2
3 147 2
3 173 2
3 179 2
3 183 2
3 245 2
3 250 2
3 277 2
3 338 2
3 351 2
3 363 2
3 370 2
3 400 2
3 447 2
3 496 2
3 524 2
3 530 2
3 637 2
3 642 2
3 648 2
3 663 2
3 664 2
3 711 2
3 734 2
3 803 2
3 843 2
3 857 2
3 911 2
3 4 2
3 5 2
3 6 2
3 8 2
3 10 2
3 11 2
3 14 2
3 20 2
3 25 2
3 30 2
3 32 2
3 38 2
3 47 2
3 51 2
3 53 2
3 55 2
3 56 2
3 60 2
3 68 2
3 74 2
3 79 2
3 80 2
3 85 2
3 87 2
3 94 2
3 102 2
3 104 2
3 127 2
3 130 2
3 161 2
3 163 2
3 168 2
3 174 2
3 217 2
3 227 2
3 235 2
3 243 2
3 260 2
3 278 2
3 295 2
3 330 2
3 335 2
3 347 2
3 385 2
3 419 2
3 429 2
3 454 2
3 459 2
3 497 2
3 510 2
3 547 2
3 582 2
3 635 2
3 641 2
3 661 2
3 678 2
3 693 2
3 795 2
3 797 2
3 840 2
3 863 2
3 885 2
3 959 2
3 969 2
4 9 2
4 12 2
4 43 2
4 44 2
4 46 2
4 63 2
4 74 2
4 76 2
4 77 2
4 92 2
4 111 2
4 112 2
4 123 2
4 137 2
4 139 2
4 144 2
4 155 2
4 157 2
4 182 2
4 196 2
4 200 2
4 204 2
4 245 2
4 256 2
4 262 2
4 288 2
4 290 2
4 299 2
4 331 2
4 342 2
4 344 2
4 345 2
4 369 2
4 373 2
4 391 2
4 396 2
4 438 2
4 458 2
4 466 2
4 468 2
4 484 2
4 495 2
4 496 2
4 514 2
4 535 2
4 540 2
4 553 2
4 602 2
4 630 2
4 646 2
4 664 2
4 703 2
4 728 2
4 739 2
4 754 2
4 822 2
4 827 2
4 855 2
4 864 2
4 880 2
4 881 2
4 894 2
4 908 2
4 5 2
4 7 2
4 8 2
4 10 2
4 13 2
4 18 2
4 19 2
4 25 2
4 27 2
4 28 2
4 30 2
4 34 2
4 37 2
4 41 2
4 48 2
4 73 2
4 93 2
4 102 2
4 116 2
4 121 2
4 125 2
4 127 2
4 133 2
4 134 2
4 160 2
4 161 2
4 207 2
4 211 2
4 224 2
4 226 2
4 229 2
4 232 2
4 234 2
4 238 2
4 267 2
4 289 2
4 298 2
4 300 2
4 324 2
4 338 2
4 356 2
4 368 2
4 372 2
4 378 2
4 451 2
4 473 2
4 536 2
4 557 2
4 565 2
4 595 2
4 652 2
4 658 2
4 696 2
4 711 2
4 722 2
4 752 2
4 841 2
4 874 2
4 916 2
4 922 2
4 942 2
4 960 2
4 991 2
4 994 2
5 8 2
5 19 2
5 25 2
5 27 2
5 35 2
5 41 2
5 44 2
5 56 2
5 59 2
5 61 2
5 69 2
5 73 2
5 76 2
5 84 2
5 89 2
5 101 2
5 116 2
5 168 2
5 205 2
5 214 2
5 232 2
5 246 2
5 256 2
5 271 2
5 285 2
5 295 2
5 317 2
5 327 2
5 356 2
5 357 2
5 359 2
5 362 2
5 381 2
5 382 2
5 393 2
5 503 2
5 534 2
5 559 2
5 580 2
5 594 2
5 610 2
5 641 2
5 668 2
5 681 2
5 707 2
5 786 2
5 795 2
5 844 2
5 876 2
5 883 2
5 999 2
5 10 2
5 11 2
5 18 2
5 20 2
5 24 2
5 36 2
5 40 2
5 49 2
5 60 2
5 88 2
5 124 2
5 125 2
5 146 2
5 166 2
5 180 2
5 204 2
5 216 2
5 333 2
5 340 2
5 403 2
5 412 2
5 418 2
5 445 2
5 507 2
5 514 2
5 522 2
5 531 2
5 561 2
5 603 2
5 631 2
5 650 2
5 653 2
5 672 2
5 704 2
5 772 2
5 835 2
5 960 2
5 965 2
5 981 2
6 11 2
6 15 2
6 18 2
6 20 2
6 24 2
6 26 2
6 34 2
6 38 2
6 45 2
6 48 2
6 50 2
6 51 2
6 52 2
6 65 2
6 81 2
6 147 2
6 152 2
6 178 2
6 201 2
6 216 2
6 234 2
6 261 2
6 320 2
6 390 2
6 399 2
6 419 2
6 450 2
6 454 2
6 530 2
6 532 2
6 547 2
6 561 2
6 586 2
6 608 2
6 654 2
6 662 2
6 663 2
6 674 2
6 678 2
6 756 2
6 758 2
6 772 2
6 826 2
6 862 2
6 874 2
6 897 2
6 914 2
6 952 2
6 968 2
6 975 2
6 17 2
6 53 2
6 79 2
6 108 2
6 248 2
6 360 2
6 377 2
6 497 2
6 509 2
6 568 2
6 680 2
6 735 2
6 810 2
6 945 2
6 993 2
7 14 2
7 43 2
7 46 2
7 91 2
7 112 2
7 117 2
7 123 2
7 129 2
7 184 2
7 217 2
7 238 2
7 239 2
7 307 2
7 344 2
7 345 2
7 347 2
7 371 2
7 430 2
7 506 2
7 542 2
7 551 2
7 591 2
7 880 2
7 946 2
7 9 2
7 12 2
7 13 2
7 15 2
7 16 2
7 19 2
7 21 2
7 22 2
7 26 2
7 29 2
7 33 2
7 34 2
7 35 2
7 45 2
7 52 2
7 77 2
7 86 2
7 90 2
7 103 2
7 110 2
7 113 2
7 114 2
7 160 2
7 162 2
7 206 2
7 219 2
7 221 2
7 228 2
7 241 2
7 251 2
7 264 2
7 269 2
7 280 2
7 282 2
7 296 2
7 304 2
7 311 2
7 331 2
7 341 2
7 351 2
7 353 2
7 363 2
7 374 2
7 465 2
7 469 2
7 471 2
7 477 2
7 486 2
7 503 2
7 521 2
7 540 2
7 549 2
7 608 2
7 618 2
7 669 2
7 673 2
7 703 2
7 725 2
7 726 2
7 770 2
7 796 2
7 808 2
7 855 2
7 859 2
7 890 2
7 900 2
7 906 2
7 924 2
7 931 2
7 942 2
7 980 2
8 9 2
8 12 2
8 33 2
8 36 2
8 44 2
8 53 2
8 55 2
8 57 2
8 58 2
8 59 2
8 74 2
8 77 2
8 126 2
8 130 2
8 133 2
8 135 2
8 174 2
8 189 2
8 195 2
8 200 2
8 202 2
8 232 2
8 240 2
8 269 2
8 288 2
8 298 2
8 387 2
8 429 2
8 525 2
8 552 2
8 590 2
8 600 2
8 624 2
8 631 2
8 686 2
8 771 2
8 829 2
8 864 2
8 888 2
8 938 2
8 950 2
8 14 2
8 27 2
8 28 2
8 41 2
8 47 2
8 50 2
8 61 2
8 63 2
8 67 2
8 84 2
8 91 2
8 107 2
8 111 2
8 112 2
8 120 2
8 127 2
8 128 2
8 141 2
8 168 2
8 186 2
8 194 2
8 205 2
8 210 2
8 236 2
8 239 2
8 246 2
8 293 2
8 317 2
8 324 2
8 347 2
8 372 2
8 398 2
8 425 2
8 443 2
8 452 2
8 458 2
8 461 2
8 463 2
8 482 2
8 492 2
8 524 2
8 532 2
8 565 2
8 581 2
8 583 2
8 605 2
8 615 2
8 664 2
8 666 2
8 674 2
8 687 2
8 795 2
8 841 2
8 891 2
8 899 2
8 921 2
8 933 2
8 944 2
8 955 2
8 966 2
8 970 2
8 972 2
8 985 2
8 990 2
9 28 2
9 36 2
9 37 2
9 57 2
9 63 2
9 78 2
9 82 2
9 105 2
9 139 2
9 175 2
9 176 2
9 189 2
9 193 2
9 195 2
9 230 2
9 252 2
9 279 2
9 304 2
9 326 2
9 397 2
9 415 2
9 449 2
9 500 2
9 535 2
9 569 2
9 581 2
9 665 2
9 689 2
9 721 2
9 825 2
9 881 2
9 902 2
9 993 2
9 12 2
9 15 2
9 16 2
9 21 2
9 23 2
9 29 2
9 35 2
9 44 2
9 64 2
9 69 2
9 70 2
9 95 2
9 145 2
9 155 2
9 157 2
9 165 2
9 213 2
9 215 2
9 242 2
9 258 2
9 266 2
9 282 2
9 299 2
9 310 2
9 318 2
9 320 2
9 426 2
9 434 2
9 483 2
9 498 2
9 502 2
9 505 2
9 527 2
9 539 2
9 541 2
9 552 2
9 553 2
9 601 2
9 604 2
9 606 2
9 648 2
9 681 2
9 686 2
9 755 2
9 817 2
9 843 2
9 860 2
9 868 2
9 896 2
9 927 2
10 13 2
10 19 2
10 23 2
10 30 2
10 35 2
10 54 2
10 68 2
10 70 2
10 72 2
10 79 2
10 83 2
10 85 2
10 90 2
10 113 2
10 220 2
10 224 2
10 246 2
10 257 2
10 276 2
10 309 2
10 317 2
10 366 2
10 372 2
10 393 2
10 395 2
10 431 2
10 474 2
10 493 2
10 536 2
10 611 2
10 628 2
10 652 2
10 701 2
10 821 2
10 842 2
10 931 2
10 995 2
10 11 2
10 18 2
10 25 2
10 32 2
10 36 2
10 46 2
10 51 2
10 76 2
10 82 2
10 124 2
10 131 2
10 142 2
10 146 2
10 183 2
10 226 2
10 230 2
10 249 2
10 268 2
10 316 2
10 335 2
10 349 2
10 386 2
10 445 2
10 522 2
10 531 2
10 550 2
10 578 2
10 643 2
10 698 2
10 704 2
10 720 2
10 780 2
10 791 2
10 873 2
10 920 2
10 936 2
10 982 2
11 17 2
11 18 2
11 48 2
11 51 2
11 60 2
11 65 2
11 142 2
11 146 2
11 153 2
11 234 2
11 253 2
11 274 2
11 284 2
11 416 2
11 425 2
11 436 2
11 445 2
11 510 2
11 532 2
11 549 2
11 557 2
11 589 2
11 674 2
11 684 2
11 685 2
11 697 2
11 729 2
11 747 2
11 764 2
11 770 2
11 803 2
11 849 2
11 859 2
11 912 2
11 919 2
11 958 2
11 32 2
11 68 2
11 124 2
11 163 2
11 180 2
11 204 2
11 308 2
11 325 2
11 385 2
11 447 2
11 519 2
11 578 2
11 628 2
12 28 2
12 37 2
12 58 2
12 74 2
12 139 2
12 144 2
12 402 2
12 434 2
12 468 2
12 755 2
12 861 2
12 16 2
12 33 2
12 77 2
12 137 2
12 206 2
12 318 2
12 376 2
12 604 2
13 16 2
13 104 2
13 118 2
13 140 2
13 170 2
13 215 2
13 334 2
13 380 2
13 634 2
13 660 2
13 712 2
13 842 2
13 865 2
13 873 2
13 971 2
13 19 2
13 26 2
13 37 2
13 58 2
13 92 2
13 103 2
13 114 2
13 121 2
13 133 2
13 149 2
13 152 2
13 176 2
13 184 2
13 237 2
13 273 2
13 279 2
13 345 2
13 373 2
13 396 2
13 493 2
13 512 2
13 549 2
13 551 2
13 584 2
13 593 2
13 611 2
13 665 2
13 731 2
13 784 2
13 805 2
13 839 2
13 954 2
14 21 2
14 39 2
14 117 2
14 129 2
14 136 2
14 188 2
14 206 2
14 235 2
14 280 2
14 338 2
14 361 2
14 365 2
14 556 2
14 593 2
14 637 2
14 724 2
14 751 2
14 759 2
14 785 2
14 793 2
14 856 2
14 47 2
14 63 2
14 74 2
14 84 2
14 91 2
14 171 2
14 186 2
14 239 2
14 246 2
14 263 2
14 274 2
14 291 2
14 293 2
14 408 2
14 413 2
14 414 2
14 440 2
14 442 2
14 457 2
14 467 2
14 570 2
14 581 2
14 612 2
14 617 2
14 630 2
14 679 2
14 846 2
14 943 2
14 952 2
14 958 2
15 20 2
15 24 2
15 34 2
15 62 2
15 114 2
15 149 2
15 166 2
15 270 2
15 286 2
15 296 2
15 408 2
15 444 2
15 564 2
15 571 2
15 583 2
15 592 2
15 767 2
15 977 2
15 996 2
15 997 2
15 35 2
15 44 2
15 64 2
15 69 2
15 95 2
15 105 2
15 106 2
15 113 2
15 144 2
15 155 2
15 169 2
15 187 2
15 200 2
15 218 2
15 247 2
15 250 2
15 309 2
15 382 2
15 426 2
15 471 2
15 543 2
15 556 2
15 600 2
15 651 2
15 663 2
15 686 2
15 694 2
15 710 2
15 823 2
15 843 2
15 861 2
15 876 2
15 927 2
16 29 2
16 47 2
16 98 2
16 104 2
16 107 2
16 120 2
16 121 2
16 154 2
16 170 2
16 251 2
16 461 2
16 463 2
16 508 2
16 596 2
16 656 2
16 762 2
16 834 2
16 901 2
16 927 2
16 936 2
16 21 2
16 22 2
16 23 2
16 33 2
16 45 2
16 57 2
16 59 2
16 86 2
16 99 2
16 100 2
16 119 2
16 177 2
16 228 2
16 265 2
16 379 2
16 383 2
16 453 2
16 476 2
16 539 2
16 601 2
16 604 2
16 618 2
16 709 2
16 728 2
16 750 2
16 817 2
16 854 2
16 915 2
16 938 2
16 996 2
17 32 2
17 38 2
17 42 2
17 152 2
17 164 2
17 225 2
17 253 2
17 401 2
17 470 2
17 532 2
17 747 2
17 794 2
17 31 2
17 39 2
17 54 2
17 71 2
17 126 2
17 143 2
17 220 2
17 248 2
17 360 2
17 389 2
17 496 2
17 509 2
17 591 2
17 599 2
17 621 2
17 774 2
17 940 2
18 48 2
18 50 2
18 52 2
18 80 2
18 95 2
18 96 2
18 134 2
18 141 2
18 192 2
18 353 2
18 358 2
18 364 2
18 427 2
18 465 2
18 487 2
18 529 2
18 618 2
18 654 2
18 685 2
18 745 2
18 807 2
18 862 2
18 879 2
18 957 2
18 36 2
18 40 2
18 46 2
18 49 2
18 65 2
18 81 2
18 125 2
18 147 2
18 197 2
18 216 2
18 226 2
18 238 2
18 245 2
18 253 2
18 268 2
18 277 2
18 285 2
18 286 2
18 297 2
18 306 2
18 336 2
18 368 2
18 375 2
18 403 2
18 409 2
18 418 2
18 424 2
18 432 2
18 508 2
18 514 2
18 535 2
18 670 2
18 754 2
18 778 2
18 780 2
18 864 2
18 912 2
19 23 2
19 35 2
19 54 2
19 79 2
19 87 2
19 143 2
19 214 2
19 348 2
19 368 2
19 375 2
19 403 2
19 409 2
19 431 2
19 474 2
19 499 2
19 528 2
19 26 2
19 34 2
19 37 2
19 52 2
19 58 2
19 93 2
19 134 2
19 151 2
19 184 2
19 211 2
19 241 2
19 244 2
19 273 2
19 337 2
19 494 2
19 575 2
19 616 2
19 751 2
20 106 2
20 166 2
20 492 2
20 910 2
20 24 2
20 60 2
20 88 2
20 129 2
20 393 2
20 633 2
20 671 2
20 775 2
20 835 2
21 39 2
21 129 2
21 136 2
21 171 2
21 179 2
21 188 2
21 235 2
21 280 2
21 287 2
21 400 2
21 506 2
21 521 2
21 548 2
21 675 2
21 763 2
21 793 2
21 924 2
21 22 2
21 23 2
21 29 2
21 57 2
21 119 2
21 165 2
21 175 2
21 198 2
21 541 2
21 552 2
21 770 2
21 867 2
21 881 2
21 896 2
21 915 2
22 31 2
22 93 2
22 100 2
22 127 2
22 138 2
22 210 2
22 250 2
22 260 2
22 418 2
22 462 2
22 507 2
22 639 2
22 783 2
22 854 2
22 940 2
22 941 2
22 228 2
22 469 2
22 770 2
22 869 2
22 881 2
22 913 2
22 938 2
22 980 2
23 87 2
23 88 2
23 224 2
23 242 2
23 244 2
23 259 2
23 306 2
23 314 2
23 315 2
23 324 2
23 328 2
23 378 2
23 386 2
23 388 2
23 431 2
23 442 2
23 499 2
23 622 2
23 669 2
23 676 2
23 690 2
23 730 2
23 760 2
23 954 2
23 57 2
23 59 2
23 89 2
23 158 2
23 539 2
23 552 2
23 721 2
23 844 2
23 854 2
24 26 2
24 34 2
24 62 2
24 97 2
24 114 2
24 190 2
24 208 2
24 216 2
24 261 2
24 270 2
24 286 2
24 296 2
24 313 2
24 565 2
24 678 2
24 826 2
24 963 2
24 965 2
24 129 2
24 195 2
24 199 2
24 201 2
24 455 2
24 588 2
24 639 2
24 662 2
24 671 2
24 701 2
24 772 2
24 935 2
24 964 2
25 27 2
25 41 2
25 49 2
25 56 2
25 73 2
25 89 2
25 145 2
25 160 2
25 161 2
25 167 2
25 168 2
25 169 2
25 293 2
25 339 2
25 377 2
25 452 2
25 482 2
25 544 2
25 563 2
25 636 2
25 708 2
25 892 2
25 895 2
25 945 2
25 30 2
25 38 2
25 43 2
25 48 2
25 51 2
25 55 2
25 66 2
25 72 2
25 117 2
25 135 2
25 154 2
25 170 2
25 183 2
25 192 2
25 214 2
25 227 2
25 249 2
25 292 2
25 328 2
25 330 2
25 367 2
25 421 2
25 479 2
25 490 2
25 491 2
25 518 2
25 582 2
25 635 2
25 642 2
25 647 2
25 702 2
25 756 2
25 803 2
25 815 2
25 973 2
26 97 2
26 211 2
26 216 2
26 897 2
26 52 2
26 58 2
26 92 2
26 114 2
26 176 2
26 237 2
26 261 2
26 271 2
26 296 2
26 307 2
26 311 2
26 314 2
26 352 2
26 400 2
26 416 2
26 438 2
26 439 2
26 555 2
26 589 2
26 611 2
26 634 2
26 640 2
26 751 2
26 781 2
26 798 2
26 839 2
26 901 2
26 906 2
26 917 2
26 918 2
26 947 2
26 983 2
27 40 2
27 41 2
27 49 2
27 101 2
27 161 2
27 163 2
27 177 2
27 197 2
27 362 2
27 485 2
27 753 2
27 875 2
27 28 2
27 61 2
27 107 2
27 109 2
27 202 2
27 232 2
27 317 2
27 327 2
27 361 2
27 394 2
27 411 2
27 441 2
27 492 2
27 626 2
27 660 2
27 711 2
27 765 2
27 849 2
27 991 2
28 33 2
28 36 2
28 37 2
28 53 2
28 55 2
28 82 2
28 105 2
28 108 2
28 109 2
28 115 2
28 132 2
28 159 2
28 230 2
28 269 2
28 407 2
28 422 2
28 434 2
28 562 2
28 569 2
28 584 2
28 720 2
28 861 2
28 904 2
28 980 2
28 41 2
28 50 2
28 61 2
28 67 2
28 232 2
28 327 2
28 361 2
28 394 2
28 398 2
28 504 2
28 532 2
28 734 2
28 782 2
28 865 2
29 47 2
29 64 2
29 98 2
29 154 2
29 218 2
29 236 2
29 248 2
29 330 2
29 404 2
29 411 2
29 428 2
29 461 2
29 463 2
29 545 2
29 560 2
29 813 2
29 917 2
29 922 2
29 988 2
29 165 2
29 860 2
30 70 2
30 75 2
30 83 2
30 86 2
30 110 2
30 122 2
30 125 2
30 145 2
30 148 2
30 156 2
30 158 2
30 185 2
30 191 2
30 233 2
30 255 2
30 257 2
30 263 2
30 273 2
30 281 2
30 294 2
30 312 2
30 318 2
30 352 2
30 374 2
30 413 2
30 417 2
30 439 2
30 456 2
30 459 2
30 537 2
30 582 2
30 587 2
30 718 2
30 741 2
30 775 2
30 779 2
30 38 2
30 43 2
30 48 2
30 73 2
30 102 2
30 174 2
30 214 2
30 235 2
30 328 2
30 354 2
30 367 2
30 404 2
30 421 2
30 435 2
30 576 2
30 625 2
30 647 2
30 676 2
30 695 2
30 724 2
30 953 2
31 93 2
31 100 2
31 102 2
31 138 2
31 181 2
31 300 2
31 480 2
31 507 2
31 639 2
31 791 2
31 913 2
31 973 2
31 39 2
31 42 2
31 96 2
31 101 2
31 225 2
31 516 2
31 749 2
31 818 2
31 832 2
31 919 2
32 253 2
32 274 2
32 416 2
32 510 2
32 958 2
32 68 2
32 628 2
32 678 2
33 55 2
33 58 2
33 115 2
33 174 2
33 187 2
33 410 2
33 429 2
33 481 2
33 598 2
33 667 2
33 683 2
33 688 2
33 765 2
33 781 2
33 802 2
33 850 2
33 861 2
33 921 2
33 955 2
33 959 2
33 45 2
33 77 2
33 90 2
33 137 2
33 221 2
33 726 2
33 790 2
34 270 2
34 93 2
34 116 2
34 136 2
34 140 2
34 148 2
34 151 2
34 172 2
34 229 2
34 298 2
34 401 2
34 638 2
34 807 2
35 54 2
35 68 2
35 72 2
35 131 2
35 246 2
35 359 2
35 426 2
35 640 2
35 925 2
35 95 2
35 113 2
35 144 2
35 242 2
35 258 2
35 282 2
35 309 2
35 363 2
35 370 2
35 505 2
35 600 2
35 859 2
35 861 2
35 986 2
36 53 2
36 67 2
36 108 2
36 126 2
36 189 2
36 193 2
36 282 2
36 397 2
36 476 2
36 552 2
36 670 2
36 752 2
36 869 2
36 882 2
36 902 2
36 40 2
36 46 2
36 76 2
36 81 2
36 82 2
36 131 2
36 146 2
36 285 2
36 316 2
36 386 2
36 407 2
36 475 2
36 499 2
36 562 2
36 571 2
36 573 2
36 622 2
36 668 2
36 720 2
36 773 2
36 829 2
36 853 2
36 889 2
36 897 2
36 965 2
37 230 2
37 434 2
37 562 2
37 133 2
37 184 2
37 784 2
38 42 2
38 71 2
38 94 2
38 152 2
38 178 2
38 213 2
38 278 2
38 303 2
38 320 2
38 349 2
38 354 2
38 401 2
38 470 2
38 472 2
38 558 2
38 586 2
38 601 2
38 614 2
38 615 2
38 704 2
38 723 2
38 735 2
38 794 2
38 806 2
38 808 2
38 831 2
38 840 2
38 890 2
38 914 2
38 972 2
38 975 2
38 998 2
38 43 2
38 55 2
38 66 2
38 72 2
38 78 2
38 130 2
38 164 2
38 192 2
38 193 2
38 235 2
38 259 2
38 295 2
38 404 2
38 489 2
38 490 2
38 580 2
38 625 2
38 702 2
38 801 2
39 179 2
39 235 2
39 361 2
39 365 2
39 504 2
39 759 2
39 42 2
39 54 2
39 62 2
39 71 2
39 83 2
39 122 2
39 190 2
39 196 2
39 220 2
39 225 2
39 240 2
39 468 2
39 496 2
39 516 2
39 523 2
39 609 2
39 620 2
39 646 2
39 689 2
39 774 2
39 777 2
39 866 2
39 875 2
39 878 2
40 61 2
40 66 2
40 207 2
40 267 2
40 289 2
40 362 2
40 406 2
40 594 2
40 824 2
40 930 2
40 49 2
40 65 2
40 81 2
40 138 2
40 147 2
40 188 2
40 277 2
40 286 2
40 321 2
40 336 2
40 475 2
40 534 2
40 607 2
41 49 2
41 56 2
41 101 2
41 163 2
41 167 2
41 177 2
41 197 2
41 339 2
41 346 2
41 423 2
41 538 2
41 546 2
41 673 2
41 736 2
41 833 2
41 50 2
41 372 2
41 443 2
41 782 2
41 930 2
42 71 2
42 164 2
42 472 2
42 558 2
42 604 2
42 679 2
42 723 2
42 974 2
42 62 2
42 83 2
42 101 2
42 132 2
42 159 2
42 225 2
42 397 2
42 437 2
42 523 2
42 749 2
42 793 2
43 92 2
43 112 2
43 137 2
43 198 2
43 302 2
43 347 2
43 432 2
43 607 2
43 728 2
43 960 2
43 72 2
43 78 2
43 117 2
43 153 2
43 154 2
43 193 2
43 262 2
43 281 2
43 313 2
43 328 2
43 354 2
43 444 2
43 676 2
43 739 2
43 847 2
44 76 2
44 77 2
44 182 2
44 196 2
44 503 2
44 602 2
44 64 2
44 105 2
44 106 2
44 169 2
44 208 2
44 209 2
44 218 2
44 222 2
44 266 2
44 434 2
44 483 2
44 645 2
44 710 2
44 820 2
44 858 2
44 868 2
44 883 2
45 399 2
45 655 2
45 663 2
45 952 2
45 86 2
45 90 2
45 99 2
45 100 2
45 110 2
45 115 2
45 796 2
45 900 2
45 996 2
46 123 2
46 184 2
46 217 2
46 249 2
46 76 2
46 285 2
46 407 2
46 499 2
46 562 2
46 766 2
46 780 2
46 848 2
46 897 2
47 64 2
47 98 2
47 99 2
47 107 2
47 120 2
47 209 2
47 218 2
47 251 2
47 275 2
47 310 2
47 336 2
47 385 2
47 488 2
47 512 2
47 522 2
47 539 2
47 554 2
47 575 2
47 626 2
47 744 2
47 761 2
47 789 2
47 798 2
47 832 2
47 837 2
47 927 2
47 936 2
47 168 2
47 463 2
47 581 2
47 674 2
47 846 2
47 952 2
48 51 2
48 52 2
48 60 2
48 80 2
48 81 2
48 103 2
48 142 2
48 150 2
48 172 2
48 243 2
48 419 2
48 437 2
48 443 2
48 450 2
48 451 2
48 465 2
48 475 2
48 531 2
48 619 2
48 627 2
48 644 2
48 645 2
48 685 2
48 743 2
48 745 2
48 860 2
48 871 2
48 967 2
48 73 2
48 214 2
48 292 2
48 427 2
48 658 2
48 821 2
49 163 2
49 167 2
49 423 2
49 538 2
49 945 2
49 65 2
49 138 2
49 188 2
49 253 2
49 275 2
49 288 2
49 297 2
49 306 2
49 322 2
49 403 2
49 412 2
49 462 2
49 508 2
49 529 2
49 587 2
49 714 2
49 816 2
50 141 2
50 147 2
50 173 2
50 183 2
50 192 2
50 268 2
50 308 2
50 394 2
50 435 2
50 454 2
50 658 2
50 726 2
50 838 2
50 857 2
50 862 2
50 920 2
50 968 2
50 976 2
50 981 2
50 987 2
50 67 2
50 111 2
50 205 2
50 319 2
50 782 2
51 60 2
51 65 2
51 153 2
51 325 2
51 419 2
51 445 2
51 561 2
51 923 2
51 183 2
51 335 2
51 349 2
51 410 2
51 433 2
51 582 2
51 824 2
52 80 2
52 81 2
52 95 2
52 96 2
52 103 2
52 119 2
52 124 2
52 134 2
52 150 2
52 151 2
52 229 2
52 243 2
52 316 2
52 364 2
52 437 2
52 443 2
52 566 2
52 585 2
52 616 2
52 654 2
52 662 2
52 743 2
52 797 2
52 812 2
52 957 2
52 982 2
52 241 2
52 296 2
52 352 2
52 575 2
52 640 2
52 800 2
52 855 2
53 67 2
53 126 2
53 269 2
53 282 2
53 422 2
53 631 2
53 696 2
53 904 2
53 56 2
53 94 2
53 108 2
53 173 2
53 189 2
53 233 2
53 255 2
53 501 2
53 880 2
53 908 2
54 68 2
54 79 2
54 113 2
54 372 2
54 71 2
54 122 2
54 123 2
54 126 2
54 143 2
54 156 2
54 212 2
54 254 2
54 323 2
54 381 2
54 389 2
54 402 2
54 448 2
54 548 2
54 564 2
54 590 2
54 620 2
54 629 2
54 727 2
54 769 2
54 925 2
55 115 2
55 187 2
55 584 2
55 683 2
55 765 2
55 781 2
55 66 2
55 130 2
55 135 2
55 170 2
55 227 2
55 259 2
55 366 2
55 518 2
55 580 2
55 644 2
55 656 2
55 801 2
55 882 2
55 885 2
55 948 2
56 73 2
56 271 2
56 377 2
56 708 2
56 713 2
56 94 2
56 104 2
56 173 2
56 243 2
56 255 2
56 305 2
56 419 2
56 500 2
56 736 2
56 845 2
57 78 2
57 130 2
57 133 2
57 212 2
57 254 2
57 387 2
57 555 2
57 665 2
57 748 2
57 799 2
57 979 2
57 59 2
57 89 2
57 97 2
57 119 2
57 175 2
57 203 2
57 223 2
57 265 2
57 574 2
57 613 2
57 667 2
57 675 2
57 705 2
57 728 2
57 934 2
57 951 2
57 992 2
58 174 2
58 202 2
58 525 2
58 624 2
58 667 2
58 693 2
58 836 2
58 907 2
58 92 2
58 273 2
58 314 2
58 493 2
58 494 2
58 731 2
58 751 2
58 918 2
59 232 2
59 382 2
59 600 2
59 661 2
59 686 2
59 918 2
59 89 2
59 97 2
59 118 2
59 158 2
59 223 2
59 252 2
59 265 2
59 383 2
59 415 2
59 574 2
59 613 2
59 624 2
59 748 2
59 802 2
59 854 2
59 886 2
59 984 2
60 142 2
60 153 2
60 172 2
60 425 2
60 88 2
60 166 2
60 167 2
60 507 2
60 530 2
60 559 2
60 633 2
60 733 2
60 742 2
60 961 2
61 66 2
61 69 2
61 180 2
61 205 2
61 297 2
61 357 2
61 406 2
61 597 2
61 621 2
61 700 2
61 883 2
61 964 2
61 107 2
61 109 2
61 202 2
61 270 2
61 327 2
61 411 2
61 446 2
61 461 2
61 504 2
61 532 2
61 747 2
61 865 2
61 911 2
61 985 2
62 114 2
62 149 2
62 199 2
62 208 2
62 223 2
62 501 2
62 716 2
62 965 2
62 977 2
62 83 2
62 132 2
62 159 2
62 178 2
62 190 2
62 196 2
62 387 2
62 567 2
62 793 2
62 923 2
63 111 2
63 490 2
63 884 2
63 84 2
63 120 2
63 171 2
63 185 2
63 440 2
63 442 2
63 596 2
63 598 2
63 687 2
63 842 2
63 943 2
63 958 2
64 218 2
64 236 2
64 922 2
64 69 2
64 106 2
64 200 2
64 247 2
64 250 2
64 395 2
64 483 2
64 627 2
64 636 2
64 690 2
65 234 2
65 436 2
65 445 2
65 557 2
65 573 2
65 697 2
65 699 2
65 772 2
65 923 2
65 138 2
65 147 2
65 197 2
65 253 2
65 275 2
65 534 2
66 207 2
66 297 2
66 405 2
66 406 2
66 433 2
66 597 2
66 964 2
66 135 2
66 192 2
66 259 2
66 366 2
66 489 2
66 491 2
66 554 2
66 882 2
66 973 2
67 108 2
67 109 2
67 132 2
67 740 2
67 904 2
67 956 2
67 980 2
67 111 2
67 128 2
67 398 2
67 452 2
68 72 2
68 85 2
68 90 2
68 372 2
68 635 2
68 732 2
68 163 2
68 260 2
68 628 2
68 678 2
68 840 2
69 84 2
69 180 2
69 205 2
69 295 2
69 681 2
69 155 2
69 200 2
69 690 2
70 83 2
70 86 2
70 122 2
70 148 2
70 185 2
70 220 2
70 221 2
70 226 2
70 281 2
70 309 2
70 318 2
70 329 2
70 335 2
70 340 2
70 420 2
70 439 2
70 446 2
70 453 2
70 629 2
70 695 2
70 766 2
70 821 2
70 75 2
70 145 2
70 157 2
70 213 2
70 215 2
70 284 2
70 290 2
70 299 2
70 326 2
70 343 2
70 456 2
70 553 2
70 685 2
71 94 2
71 278 2
71 303 2
71 472 2
71 505 2
71 614 2
71 615 2
71 679 2
71 806 2
71 122 2
71 123 2
71 143 2
71 220 2
71 240 2
71 402 2
71 470 2
71 621 2
71 646 2
71 654 2
71 769 2
71 940 2
71 979 2
72 85 2
72 131 2
72 276 2
72 291 2
72 395 2
72 426 2
72 640 2
72 732 2
72 782 2
72 898 2
72 925 2
72 929 2
72 995 2
72 78 2
72 117 2
72 153 2
72 164 2
72 181 2
72 281 2
72 312 2
72 313 2
72 342 2
72 490 2
72 739 2
72 758 2
72 838 2
72 905 2
73 89 2
73 160 2
73 194 2
73 271 2
73 377 2
73 452 2
73 482 2
73 713 2
73 845 2
73 895 2
73 915 2
73 658 2
73 821 2
74 144 2
74 200 2
74 262 2
74 299 2
74 369 2
74 402 2
74 540 2
74 778 2
74 800 2
74 888 2
74 414 2
74 684 2
74 863 2
75 86 2
75 110 2
75 156 2
75 191 2
75 228 2
75 283 2
75 294 2
75 352 2
75 459 2
75 486 2
75 633 2
75 718 2
75 805 2
75 272 2
75 326 2
75 405 2
75 825 2
75 968 2
76 256 2
76 503 2
76 559 2
76 641 2
76 780 2
76 82 2
76 668 2
77 182 2
77 288 2
77 342 2
77 137 2
77 221 2
77 341 2
77 353 2
77 655 2
77 902 2
78 176 2
78 231 2
78 491 2
78 665 2
78 721 2
78 164 2
78 193 2
78 312 2
78 739 2
78 898 2
79 113 2
79 474 2
79 80 2
79 85 2
79 139 2
79 217 2
79 497 2
79 547 2
79 699 2
79 887 2
79 949 2
80 95 2
80 151 2
80 219 2
80 243 2
80 465 2
80 475 2
80 513 2
80 529 2
80 531 2
80 691 2
80 807 2
80 978 2
80 85 2
80 87 2
80 98 2
80 139 2
80 334 2
80 454 2
80 460 2
80 699 2
80 740 2
80 887 2
81 103 2
81 451 2
81 616 2
81 619 2
81 662 2
81 810 2
81 868 2
81 336 2
81 475 2
81 571 2
81 573 2
81 778 2
82 105 2
82 165 2
82 193 2
82 247 2
82 279 2
82 479 2
82 500 2
82 581 2
82 882 2
82 131 2
82 142 2
82 230 2
82 481 2
82 668 2
82 713 2
82 794 2
82 920 2
83 122 2
83 220 2
83 255 2
83 257 2
83 263 2
83 312 2
83 374 2
83 541 2
83 687 2
83 694 2
83 766 2
83 779 2
83 796 2
83 847 2
83 132 2
83 196 2
83 567 2
83 609 2
84 295 2
84 580 2
84 613 2
84 677 2
84 91 2
84 112 2
84 120 2
84 141 2
84 150 2
84 171 2
84 185 2
84 263 2
84 274 2
84 276 2
84 364 2
84 380 2
84 391 2
84 458 2
84 623 2
84 842 2
84 928 2
85 90 2
85 276 2
85 291 2
85 321 2
85 366 2
85 527 2
85 635 2
85 652 2
85 701 2
85 710 2
85 732 2
85 782 2
85 898 2
85 217 2
85 454 2
85 459 2
85 699 2
86 148 2
86 233 2
86 294 2
86 384 2
86 633 2
86 750 2
86 870 2
86 99 2
86 110 2
86 162 2
86 177 2
86 379 2
86 453 2
86 725 2
87 88 2
87 143 2
87 242 2
87 315 2
87 804 2
87 98 2
87 182 2
87 390 2
87 460 2
88 242 2
88 259 2
88 343 2
88 804 2
88 943 2
88 166 2
88 167 2
88 333 2
88 526 2
88 530 2
88 559 2
88 633 2
88 835 2
88 851 2
88 961 2
89 160 2
89 168 2
89 194 2
89 818 2
89 845 2
89 892 2
89 97 2
89 118 2
89 158 2
89 203 2
89 252 2
89 257 2
89 344 2
89 359 2
89 392 2
89 449 2
89 528 2
89 705 2
89 721 2
90 635 2
90 652 2
90 796 2
91 117 2
91 239 2
91 305 2
91 341 2
91 518 2
91 692 2
91 724 2
91 112 2
91 186 2
91 236 2
91 408 2
91 583 2
91 788 2
91 990 2
92 137 2
92 157 2
92 198 2
92 432 2
92 576 2
92 579 2
92 607 2
92 717 2
92 809 2
92 908 2
92 176 2
92 261 2
92 279 2
92 302 2
92 314 2
92 400 2
92 493 2
92 525 2
92 852 2
93 100 2
93 102 2
93 127 2
93 210 2
93 222 2
93 322 2
93 418 2
93 462 2
93 480 2
93 578 2
93 749 2
93 899 2
93 913 2
93 973 2
93 116 2
93 134 2
93 136 2
93 140 2
93 148 2
93 151 2
93 207 2
93 244 2
93 451 2
93 464 2
93 484 2
93 506 2
93 632 2
93 696 2
93 717 2
93 870 2
93 893 2
94 278 2
94 243 2
95 96 2
95 119 2
95 124 2
95 151 2
95 219 2
95 316 2
95 807 2
95 812 2
95 879 2
95 242 2
95 309 2
95 426 2
96 119 2
96 134 2
96 229 2
96 353 2
96 797 2
96 879 2
96 982 2
96 191 2
96 857 2
97 211 2
97 118 2
97 203 2
97 223 2
97 257 2
97 478 2
97 624 2
97 675 2
98 107 2
98 209 2
98 463 2
98 596 2
98 834 2
98 182 2
98 390 2
98 460 2
98 495 2
98 740 2
99 120 2
99 121 2
99 275 2
99 385 2
99 508 2
99 649 2
99 792 2
99 100 2
99 115 2
99 177 2
99 476 2
99 750 2
100 127 2
100 222 2
100 469 2
100 480 2
100 639 2
100 899 2
100 115 2
100 476 2
100 996 2
101 177 2
101 346 2
101 498 2
101 853 2
101 934 2
101 397 2
101 762 2
101 919 2
102 181 2
102 322 2
102 355 2
102 578 2
102 749 2
102 877 2
102 174 2
102 953 2
103 150 2
103 451 2
103 616 2
103 810 2
103 868 2
103 264 2
103 345 2
103 430 2
103 584 2
103 738 2
103 957 2
103 987 2
104 118 2
104 292 2
104 380 2
104 448 2
104 632 2
104 419 2
104 500 2
104 736 2
104 845 2
105 165 2
105 175 2
105 247 2
105 258 2
105 379 2
105 479 2
105 709 2
105 825 2
105 169 2
105 208 2
105 209 2
105 222 2
105 339 2
105 417 2
105 614 2
105 694 2
105 730 2
105 967 2
105 989 2
106 166 2
106 444 2
106 492 2
106 564 2
106 820 2
106 872 2
106 910 2
106 996 2
106 218 2
106 247 2
106 395 2
106 627 2
106 651 2
107 209 2
107 310 2
107 834 2
107 936 2
107 109 2
107 317 2
107 441 2
107 461 2
107 626 2
107 664 2
107 666 2
107 747 2
107 849 2
107 911 2
108 109 2
108 159 2
108 407 2
108 720 2
108 740 2
108 956 2
108 233 2
108 283 2
108 294 2
108 315 2
108 362 2
108 406 2
108 423 2
108 568 2
108 569 2
108 735 2
108 879 2
108 926 2
108 997 2
109 132 2
109 159 2
109 740 2
109 202 2
109 270 2
109 446 2
109 747 2
110 125 2
110 128 2
110 156 2
110 228 2
110 266 2
110 273 2
110 283 2
110 587 2
110 702 2
110 994 2
110 162 2
110 251 2
110 465 2
110 900 2
111 490 2
111 128 2
111 205 2
111 210 2
111 319 2
111 355 2
111 358 2
111 524 2
111 921 2
111 944 2
112 238 2
112 347 2
112 430 2
112 236 2
112 458 2
113 144 2
113 187 2
113 363 2
113 382 2
113 471 2
113 688 2
113 708 2
113 890 2
114 208 2
114 286 2
114 313 2
114 501 2
114 977 2
114 237 2
114 311 2
114 438 2
114 521 2
114 549 2
114 719 2
114 805 2
115 187 2
115 410 2
115 481 2
115 584 2
116 204 2
116 327 2
116 703 2
116 136 2
116 172 2
116 229 2
116 451 2
116 464 2
116 506 2
116 560 2
116 595 2
116 619 2
116 638 2
116 700 2
116 904 2
117 239 2
117 305 2
117 341 2
117 574 2
117 692 2
117 153 2
117 154 2
117 181 2
117 262 2
117 422 2
117 472 2
117 479 2
117 585 2
117 741 2
117 758 2
118 140 2
118 292 2
118 334 2
118 380 2
118 448 2
118 632 2
118 873 2
118 624 2
118 984 2
119 124 2
119 797 2
119 175 2
119 198 2
119 369 2
119 566 2
119 692 2
119 728 2
119 867 2
119 915 2
119 951 2
120 121 2
120 251 2
120 275 2
120 336 2
120 649 2
120 742 2
120 761 2
120 762 2
120 792 2
120 141 2
120 150 2
120 185 2
120 194 2
120 276 2
120 364 2
120 391 2
120 596 2
120 605 2
120 687 2
120 776 2
120 928 2
121 508 2
121 762 2
121 901 2
121 149 2
121 373 2
121 388 2
121 544 2
121 716 2
121 822 2
122 255 2
122 439 2
122 582 2
122 741 2
122 766 2
122 847 2
122 123 2
122 448 2
122 470 2
122 487 2
122 620 2
122 637 2
122 646 2
122 707 2
122 727 2
122 866 2
123 184 2
123 307 2
123 345 2
123 371 2
123 392 2
123 440 2
123 543 2
123 828 2
123 448 2
123 470 2
123 487 2
123 629 2
123 637 2
123 707 2
123 743 2
123 836 2
124 180 2
124 308 2
124 522 2
124 578 2
124 672 2
124 873 2
125 128 2
125 158 2
125 162 2
125 273 2
125 376 2
125 471 2
125 776 2
125 841 2
125 928 2
125 994 2
125 216 2
125 245 2
126 282 2
126 552 2
126 670 2
126 696 2
126 869 2
126 156 2
126 323 2
126 381 2
126 925 2
127 210 2
127 222 2
127 469 2
127 533 2
127 783 2
127 854 2
127 161 2
127 267 2
127 324 2
127 347 2
127 652 2
127 722 2
127 916 2
128 162 2
128 620 2
128 928 2
128 994 2
128 210 2
128 358 2
128 746 2
129 136 2
129 206 2
129 506 2
129 521 2
129 195 2
129 256 2
129 393 2
129 546 2
129 671 2
129 712 2
129 764 2
129 789 2
130 133 2
130 135 2
130 203 2
130 212 2
130 748 2
130 979 2
130 295 2
130 661 2
130 885 2
131 395 2
131 426 2
131 142 2
131 386 2
131 481 2
131 550 2
131 713 2
131 936 2
132 567 2
132 793 2
133 135 2
133 212 2
133 240 2
133 387 2
133 590 2
134 229 2
134 353 2
134 358 2
134 364 2
134 427 2
134 839 2
134 846 2
134 207 2
134 211 2
134 224 2
134 289 2
134 337 2
134 365 2
134 513 2
134 632 2
134 745 2
134 833 2
135 240 2
135 170 2
135 366 2
135 642 2
135 644 2
135 737 2
135 756 2
135 948 2
136 171 2
136 206 2
136 467 2
136 521 2
136 675 2
136 751 2
136 140 2
136 172 2
136 484 2
136 807 2
137 198 2
137 717 2
137 728 2
137 809 2
138 260 2
138 337 2
138 414 2
138 507 2
138 612 2
138 625 2
138 823 2
138 905 2
138 941 2
138 983 2
138 188 2
138 275 2
138 288 2
138 529 2
138 534 2
138 691 2
139 155 2
139 468 2
139 484 2
139 568 2
139 630 2
139 643 2
139 755 2
139 991 2
139 334 2
140 334 2
140 634 2
140 680 2
140 865 2
140 148 2
140 401 2
140 484 2
140 807 2
141 173 2
141 192 2
141 268 2
141 308 2
141 394 2
141 487 2
141 618 2
141 711 2
141 722 2
141 734 2
141 787 2
141 838 2
141 886 2
141 981 2
141 150 2
141 194 2
141 955 2
142 172 2
142 425 2
142 644 2
142 830 2
142 230 2
142 481 2
142 698 2
142 794 2
142 999 2
143 348 2
143 375 2
143 455 2
143 515 2
143 638 2
143 647 2
143 389 2
143 402 2
143 548 2
143 940 2
144 299 2
144 402 2
144 778 2
144 187 2
144 556 2
144 688 2
144 715 2
145 169 2
145 237 2
145 606 2
145 666 2
145 157 2
145 284 2
145 320 2
145 343 2
145 485 2
145 498 2
145 520 2
145 579 2
145 659 2
145 884 2
146 284 2
146 370 2
146 383 2
146 803 2
146 316 2
146 445 2
146 622 2
146 965 2
147 454 2
147 530 2
147 608 2
147 197 2
147 277 2
148 185 2
148 221 2
148 233 2
148 384 2
148 453 2
148 605 2
148 629 2
148 671 2
148 750 2
148 848 2
148 870 2
148 401 2
149 152 2
149 179 2
149 287 2
149 373 2
149 388 2
149 396 2
149 544 2
149 551 2
149 716 2
149 822 2
150 743 2
150 391 2
150 623 2
150 706 2
151 219 2
151 316 2
151 566 2
151 244 2
151 616 2
152 320 2
152 179 2
152 512 2
152 939 2
153 325 2
153 919 2
153 181 2
153 262 2
153 281 2
153 342 2
153 422 2
153 444 2
153 741 2
154 248 2
154 330 2
154 428 2
154 461 2
154 656 2
154 479 2
155 484 2
155 514 2
155 535 2
155 567 2
155 568 2
155 572 2
155 643 2
155 822 2
155 843 2
156 191 2
156 587 2
156 702 2
156 805 2
156 212 2
156 323 2
157 373 2
157 579 2
157 784 2
157 908 2
157 299 2
157 343 2
157 498 2
157 502 2
157 527 2
157 895 2
158 537 2
158 841 2
158 252 2
158 392 2
158 721 2
158 844 2
159 407 2
159 178 2
159 329 2
159 437 2
159 753 2
160 194 2
160 482 2
160 636 2
160 818 2
160 234 2
160 332 2
160 351 2
160 909 2
160 942 2
161 544 2
161 267 2
161 356 2
161 378 2
161 557 2
161 809 2
162 376 2
162 471 2
162 620 2
162 776 2
162 928 2
162 251 2
162 280 2
162 331 2
162 371 2
162 725 2
162 932 2
163 197 2
163 423 2
163 485 2
163 546 2
163 673 2
163 260 2
163 278 2
163 385 2
163 480 2
163 834 2
163 962 2
164 225 2
164 401 2
164 558 2
164 604 2
164 735 2
164 985 2
164 998 2
164 312 2
164 898 2
164 905 2
165 175 2
165 247 2
165 279 2
165 304 2
165 379 2
165 709 2
165 788 2
165 541 2
165 755 2
165 860 2
166 444 2
166 492 2
166 583 2
166 820 2
166 872 2
166 167 2
166 333 2
166 340 2
166 507 2
166 526 2
166 650 2
166 733 2
166 742 2
166 744 2
166 760 2
166 851 2
166 981 2
166 988 2
167 339 2
167 945 2
167 526 2
167 530 2
167 733 2
168 892 2
168 463 2
168 795 2
169 237 2
169 241 2
169 293 2
169 489 2
169 497 2
169 502 2
169 577 2
169 606 2
169 715 2
169 738 2
169 208 2
169 339 2
169 694 2
169 730 2
169 989 2
170 215 2
170 478 2
170 712 2
170 518 2
170 642 2
170 644 2
170 656 2
170 737 2
171 188 2
171 287 2
171 301 2
171 332 2
171 333 2
171 550 2
171 675 2
171 763 2
171 785 2
171 263 2
171 380 2
171 442 2
171 467 2
172 644 2
172 830 2
172 860 2
172 638 2
173 183 2
173 227 2
173 264 2
173 268 2
173 272 2
173 350 2
173 435 2
173 441 2
173 523 2
173 603 2
173 711 2
173 726 2
173 815 2
173 939 2
173 189 2
173 255 2
173 305 2
173 346 2
173 880 2
174 202 2
174 429 2
174 667 2
174 693 2
174 836 2
174 953 2
175 258 2
175 304 2
175 326 2
175 415 2
175 709 2
175 951 2
175 198 2
175 369 2
175 566 2
175 814 2
176 231 2
176 252 2
176 449 2
176 261 2
176 271 2
176 279 2
176 302 2
176 307 2
176 416 2
176 525 2
176 611 2
176 768 2
176 798 2
177 346 2
177 498 2
177 736 2
177 379 2
178 201 2
178 213 2
178 390 2
178 398 2
178 586 2
178 601 2
178 704 2
178 329 2
178 387 2
179 400 2
179 648 2
179 287 2
179 939 2
180 204 2
180 308 2
180 325 2
180 447 2
180 519 2
180 672 2
180 828 2
180 862 2
181 300 2
181 355 2
181 657 2
181 992 2
181 422 2
181 472 2
181 758 2
181 838 2
182 196 2
182 390 2
182 495 2
183 227 2
183 264 2
183 272 2
183 323 2
183 351 2
183 435 2
183 460 2
183 658 2
183 705 2
183 769 2
183 857 2
183 947 2
183 949 2
183 249 2
183 643 2
183 804 2
183 903 2
184 217 2
184 249 2
184 307 2
184 392 2
184 516 2
184 543 2
184 595 2
184 609 2
184 651 2
184 659 2
184 777 2
184 970 2
184 784 2
184 954 2
185 221 2
185 281 2
185 340 2
185 413 2
185 417 2
185 446 2
185 276 2
185 596 2
185 776 2
185 842 2
186 518 2
186 556 2
186 570 2
186 593 2
186 724 2
186 239 2
186 408 2
186 425 2
186 990 2
187 410 2
187 683 2
187 955 2
187 382 2
187 543 2
187 556 2
187 610 2
187 663 2
187 688 2
187 708 2
187 715 2
188 287 2
188 301 2
188 550 2
188 288 2
188 691 2
189 195 2
189 298 2
189 397 2
189 476 2
189 477 2
189 346 2
189 998 2
190 199 2
190 223 2
190 265 2
190 319 2
190 672 2
190 716 2
190 737 2
190 965 2
190 468 2
190 777 2
190 923 2
190 946 2
191 459 2
191 805 2
191 474 2
191 677 2
191 857 2
191 978 2
192 308 2
192 487 2
192 722 2
192 787 2
192 976 2
192 491 2
192 702 2
193 581 2
193 882 2
193 902 2
194 818 2
194 845 2
194 605 2
194 955 2
194 966 2
195 298 2
195 477 2
195 199 2
195 201 2
195 231 2
195 256 2
195 384 2
195 455 2
195 546 2
195 588 2
195 712 2
195 764 2
196 602 2
196 609 2
197 485 2
197 673 2
197 753 2
198 302 2
198 576 2
198 717 2
198 369 2
198 692 2
198 814 2
198 867 2
199 223 2
199 265 2
199 319 2
199 509 2
199 599 2
199 617 2
199 672 2
199 891 2
199 201 2
199 231 2
199 384 2
199 572 2
199 639 2
199 718 2
199 831 2
199 937 2
200 262 2
200 290 2
200 396 2
200 412 2
200 438 2
200 855 2
200 888 2
200 938 2
200 250 2
200 690 2
200 876 2
201 390 2
201 547 2
201 756 2
201 231 2
201 455 2
202 525 2
202 836 2
202 907 2
202 270 2
202 411 2
203 254 2
203 748 2
203 257 2
203 344 2
203 478 2
203 528 2
203 705 2
203 934 2
204 327 2
204 447 2
204 862 2
205 357 2
205 621 2
205 681 2
205 319 2
205 355 2
205 558 2
205 563 2
205 921 2
206 751 2
206 219 2
206 301 2
206 669 2
206 837 2
207 267 2
207 289 2
207 360 2
207 405 2
207 421 2
207 424 2
207 224 2
207 338 2
207 513 2
207 597 2
207 632 2
207 696 2
207 893 2
208 313 2
208 501 2
208 565 2
208 339 2
209 310 2
209 512 2
209 731 2
209 768 2
209 789 2
209 832 2
209 885 2
209 222 2
209 417 2
209 545 2
209 614 2
209 820 2
209 967 2
210 418 2
210 783 2
210 940 2
210 358 2
210 524 2
210 615 2
210 746 2
210 757 2
210 891 2
211 289 2
211 300 2
211 337 2
211 365 2
211 745 2
211 783 2
211 833 2
212 254 2
212 436 2
212 537 2
212 590 2
213 398 2
213 601 2
213 801 2
213 819 2
213 972 2
213 215 2
213 310 2
213 456 2
213 606 2
213 787 2
214 285 2
214 368 2
214 403 2
214 610 2
214 876 2
214 878 2
214 292 2
214 367 2
214 427 2
214 435 2
214 695 2
214 729 2
214 771 2
214 815 2
215 478 2
215 660 2
215 712 2
215 971 2
215 310 2
215 456 2
215 553 2
215 685 2
216 261 2
216 963 2
216 245 2
216 409 2
216 514 2
216 533 2
216 535 2
216 892 2
217 249 2
217 516 2
217 609 2
217 547 2
218 236 2
218 545 2
218 710 2
218 883 2
219 269 2
219 301 2
219 450 2
219 517 2
219 669 2
219 837 2
219 856 2
219 931 2
220 226 2
220 695 2
220 240 2
220 496 2
220 599 2
220 621 2
220 654 2
220 689 2
221 340 2
221 341 2
221 726 2
221 790 2
222 469 2
222 533 2
222 967 2
223 716 2
223 574 2
223 675 2
224 244 2
224 314 2
224 457 2
224 757 2
224 338 2
224 473 2
224 513 2
224 597 2
224 922 2
225 604 2
225 974 2
225 985 2
225 516 2
225 523 2
225 749 2
225 818 2
226 309 2
226 420 2
226 695 2
226 238 2
226 268 2
226 424 2
226 428 2
226 874 2
227 264 2
227 351 2
227 447 2
227 588 2
227 769 2
227 939 2
227 949 2
227 330 2
228 266 2
228 283 2
228 469 2
228 618 2
228 869 2
228 938 2
229 298 2
230 569 2
230 698 2
230 794 2
230 920 2
230 999 2
231 491 2
231 384 2
231 572 2
231 937 2
232 600 2
232 394 2
232 991 2
232 994 2
233 384 2
233 605 2
233 283 2
233 294 2
233 357 2
233 406 2
233 501 2
233 908 2
234 436 2
234 573 2
234 674 2
234 758 2
234 772 2
234 332 2
234 909 2
235 280 2
235 361 2
235 548 2
235 856 2
235 404 2
236 545 2
236 583 2
236 788 2
237 241 2
237 489 2
237 606 2
237 666 2
237 706 2
237 790 2
238 331 2
238 368 2
238 375 2
238 424 2
238 428 2
238 874 2
238 877 2
239 305 2
239 246 2
239 291 2
239 348 2
239 425 2
239 457 2
239 515 2
241 489 2
241 497 2
241 577 2
241 706 2
241 774 2
241 790 2
241 575 2
242 259 2
242 315 2
242 343 2
242 378 2
242 388 2
242 483 2
242 727 2
242 258 2
242 370 2
242 577 2
242 779 2
243 437 2
243 475 2
243 513 2
243 627 2
243 733 2
243 909 2
243 926 2
244 306 2
244 311 2
244 314 2
244 324 2
244 328 2
244 457 2
244 511 2
244 517 2
244 690 2
244 725 2
244 757 2
244 814 2
244 935 2
244 616 2
245 277 2
245 458 2
245 496 2
245 642 2
245 754 2
245 852 2
245 858 2
245 911 2
245 409 2
245 533 2
245 649 2
245 892 2
246 317 2
246 359 2
246 381 2
246 493 2
246 526 2
246 291 2
246 293 2
246 348 2
246 413 2
246 586 2
246 899 2
247 379 2
247 479 2
247 788 2
247 395 2
247 636 2
247 651 2
248 330 2
248 404 2
248 411 2
248 917 2
248 360 2
248 377 2
248 591 2
248 594 2
248 680 2
249 516 2
249 659 2
249 643 2
249 804 2
250 363 2
250 876 2
251 539 2
251 744 2
251 761 2
251 280 2
251 371 2
251 465 2
251 477 2
251 673 2
251 682 2
251 785 2
251 932 2
252 449 2
252 392 2
253 274 2
253 747 2
253 849 2
253 297 2
253 322 2
253 350 2
253 399 2
253 995 2
254 555 2
254 799 2
254 436 2
254 590 2
255 374 2
255 541 2
255 582 2
255 796 2
255 847 2
255 305 2
255 880 2
256 559 2
256 546 2
257 263 2
257 456 2
257 344 2
257 359 2
257 478 2
257 697 2
258 825 2
258 370 2
258 505 2
258 577 2
258 657 2
258 950 2
259 343 2
259 378 2
259 386 2
259 483 2
259 489 2
259 554 2
259 580 2
259 882 2
260 337 2
260 414 2
260 650 2
260 941 2
260 278 2
260 480 2
260 834 2
260 962 2
261 678 2
261 963 2
261 271 2
261 525 2
261 781 2
262 290 2
262 369 2
262 412 2
262 741 2
263 312 2
263 456 2
263 687 2
263 694 2
263 274 2
263 380 2
264 272 2
264 323 2
264 350 2
264 441 2
264 460 2
264 705 2
264 769 2
264 939 2
264 304 2
264 430 2
264 602 2
264 987 2
265 319 2
265 509 2
265 599 2
265 617 2
265 698 2
265 737 2
265 891 2
265 896 2
265 383 2
265 415 2
265 613 2
265 667 2
265 802 2
265 812 2
265 886 2
266 434 2
266 645 2
266 681 2
266 974 2
267 289 2
267 360 2
267 421 2
267 930 2
267 356 2
267 536 2
267 652 2
267 809 2
267 888 2
268 726 2
268 838 2
268 920 2
269 422 2
269 631 2
269 771 2
269 450 2
269 703 2
269 931 2
269 956 2
270 446 2
271 713 2
271 307 2
271 768 2
271 781 2
272 323 2
272 350 2
272 523 2
272 303 2
272 542 2
272 732 2
273 494 2
274 510 2
275 336 2
275 385 2
275 488 2
275 554 2
275 649 2
275 742 2
276 291 2
276 321 2
276 366 2
276 536 2
276 931 2
276 364 2
277 852 2
277 858 2
277 911 2
277 286 2
277 321 2
277 432 2
277 466 2
277 607 2
277 864 2
278 303 2
278 349 2
278 354 2
278 505 2
278 719 2
278 840 2
278 480 2
279 500 2
279 302 2
279 852 2
280 548 2
280 793 2
280 331 2
280 371 2
280 477 2
280 503 2
280 785 2
280 806 2
281 318 2
281 329 2
281 335 2
281 413 2
281 446 2
281 464 2
281 313 2
281 342 2
281 444 2
281 847 2
282 670 2
282 696 2
282 752 2
282 859 2
283 294 2
283 315 2
283 357 2
283 431 2
283 569 2
284 383 2
284 389 2
284 290 2
284 485 2
284 792 2
284 975 2
285 356 2
285 367 2
285 610 2
285 878 2
285 932 2
285 999 2
285 407 2
286 296 2
286 408 2
286 767 2
286 321 2
286 432 2
286 466 2
286 670 2
287 301 2
287 332 2
287 763 2
287 924 2
288 342 2
288 495 2
288 827 2
288 864 2
288 944 2
288 529 2
288 587 2
288 691 2
288 850 2
289 930 2
289 300 2
290 396 2
290 412 2
290 466 2
290 473 2
290 792 2
291 321 2
291 527 2
291 782 2
291 348 2
291 413 2
291 457 2
291 515 2
291 538 2
291 586 2
291 592 2
291 799 2
292 427 2
293 715 2
293 773 2
293 899 2
294 352 2
294 486 2
294 633 2
294 775 2
294 315 2
294 362 2
294 406 2
294 423 2
294 511 2
295 661 2
296 408 2
296 352 2
296 855 2
296 906 2
296 983 2
297 597 2
297 306 2
297 322 2
297 350 2
297 399 2
297 462 2
297 714 2
298 477 2
299 540 2
299 778 2
299 800 2
300 992 2
301 332 2
301 333 2
301 550 2
301 916 2
301 517 2
301 856 2
302 432 2
302 576 2
302 852 2
303 349 2
303 505 2
303 614 2
303 719 2
303 831 2
303 903 2
303 542 2
303 732 2
303 826 2
304 326 2
304 689 2
304 374 2
304 540 2
304 602 2
304 759 2
304 761 2
305 341 2
305 574 2
306 311 2
306 324 2
306 442 2
306 725 2
306 760 2
306 935 2
306 462 2
306 816 2
307 371 2
307 392 2
307 440 2
307 542 2
307 591 2
307 828 2
307 416 2
307 439 2
307 589 2
307 634 2
307 768 2
308 394 2
308 722 2
308 976 2
308 325 2
309 420 2
309 600 2
309 986 2
310 512 2
310 522 2
310 626 2
310 731 2
310 906 2
310 966 2
311 935 2
311 438 2
311 521 2
311 555 2
311 719 2
311 808 2
312 687 2
312 779 2
312 898 2
312 905 2
313 565 2
314 690 2
314 757 2
314 400 2
315 362 2
315 511 2
315 569 2
315 767 2
315 879 2
315 926 2
316 566 2
316 812 2
316 622 2
316 773 2
316 853 2
317 393 2
317 493 2
317 628 2
317 866 2
317 441 2
317 492 2
318 329 2
318 464 2
318 811 2
318 376 2
318 723 2
319 672 2
319 891 2
319 355 2
319 558 2
320 914 2
320 520 2
321 527 2
321 466 2
321 607 2
322 578 2
322 350 2
322 995 2
323 460 2
323 947 2
323 381 2
323 564 2
324 328 2
324 442 2
324 517 2
324 622 2
324 623 2
324 653 2
324 669 2
324 682 2
324 725 2
324 730 2
324 954 2
324 722 2
325 919 2
325 519 2
325 828 2
326 415 2
326 689 2
326 951 2
326 405 2
326 420 2
327 361 2
327 504 2
327 660 2
327 734 2
328 517 2
328 622 2
328 623 2
328 682 2
328 814 2
328 887 2
328 354 2
328 647 2
329 335 2
329 464 2
329 811 2
329 753 2
329 910 2
330 411 2
330 428 2
330 560 2
330 635 2
330 797 2
331 344 2
331 391 2
331 494 2
331 551 2
331 946 2
331 503 2
332 333 2
332 916 2
332 909 2
333 916 2
333 340 2
333 561 2
333 683 2
333 760 2
333 851 2
333 971 2
334 634 2
334 680 2
335 349 2
335 410 2
336 778 2
337 414 2
337 612 2
337 625 2
337 650 2
337 905 2
337 983 2
337 365 2
337 783 2
338 637 2
338 473 2
338 597 2
338 752 2
340 561 2
340 631 2
340 650 2
340 683 2
340 760 2
340 971 2
340 988 2
341 574 2
341 692 2
341 353 2
341 486 2
341 655 2
342 495 2
344 391 2
344 494 2
344 551 2
344 553 2
344 880 2
344 359 2
344 449 2
344 488 2
344 528 2
344 697 2
344 811 2
345 584 2
345 593 2
345 665 2
345 738 2
346 498 2
346 736 2
346 853 2
346 998 2
347 430 2
348 375 2
348 409 2
348 455 2
348 520 2
348 638 2
348 816 2
348 863 2
348 515 2
348 538 2
348 592 2
349 354 2
349 831 2
349 903 2
349 984 2
349 410 2
349 433 2
349 763 2
349 824 2
350 441 2
350 523 2
350 603 2
350 815 2
350 399 2
350 995 2
351 447 2
351 588 2
352 486 2
352 718 2
352 775 2
352 640 2
352 800 2
352 983 2
353 358 2
353 486 2
353 655 2
353 902 2
354 840 2
354 676 2
354 724 2
355 657 2
355 877 2
355 558 2
355 563 2
356 844 2
356 932 2
356 378 2
356 536 2
356 809 2
356 888 2
357 621 2
357 700 2
357 883 2
357 431 2
358 746 2
359 381 2
359 526 2
359 534 2
359 786 2
359 449 2
359 488 2
359 697 2
359 811 2
360 421 2
360 424 2
360 942 2
360 509 2
360 591 2
360 680 2
360 810 2
361 365 2
361 504 2
361 856 2
361 660 2
362 594 2
362 668 2
362 824 2
362 889 2
362 423 2
362 511 2
362 767 2
362 997 2
364 427 2
364 839 2
364 846 2
364 928 2
365 504 2
365 759 2
365 745 2
365 783 2
366 536 2
367 421 2
367 435 2
367 576 2
367 729 2
367 803 2
367 815 2
368 403 2
368 375 2
369 566 2
369 692 2
369 814 2
370 524 2
370 577 2
370 657 2
370 779 2
370 950 2
371 440 2
371 542 2
371 932 2
372 443 2
372 482 2
372 565 2
372 930 2
373 784 2
373 396 2
373 544 2
374 541 2
374 540 2
374 608 2
374 761 2
375 515 2
375 863 2
376 471 2
376 723 2
377 452 2
377 708 2
377 594 2
377 993 2
378 386 2
378 388 2
378 483 2
378 676 2
378 727 2
378 851 2
378 557 2
379 788 2
379 453 2
379 709 2
379 976 2
380 448 2
380 873 2
381 526 2
381 534 2
381 564 2
381 925 2
382 661 2
382 543 2
382 610 2
382 823 2
383 389 2
383 415 2
383 748 2
384 605 2
384 671 2
384 750 2
384 848 2
384 572 2
385 488 2
386 550 2
386 720 2
386 791 2
386 982 2
387 590 2
388 676 2
388 822 2
389 548 2
390 547 2
390 874 2
391 494 2
391 553 2
391 623 2
391 706 2
392 543 2
392 595 2
392 970 2
393 775 2
395 995 2
395 627 2
395 636 2
396 438 2
396 466 2
396 551 2
397 476 2
397 762 2
398 801 2
398 819 2
398 452 2
399 655 2
399 952 2
400 648 2
400 843 2
401 470 2
401 735 2
402 769 2
402 979 2
403 412 2
403 418 2
403 508 2
403 603 2
404 625 2
405 433 2
405 420 2
405 825 2
407 499 2
407 766 2
407 848 2
407 929 2
408 767 2
409 520 2
409 528 2
409 714 2
409 746 2
409 533 2
409 535 2
409 649 2
409 754 2
409 912 2
410 481 2
410 598 2
410 921 2
410 955 2
410 433 2
410 763 2
411 560 2
411 813 2
411 917 2
413 417 2
413 586 2
413 799 2
414 612 2
414 617 2
414 684 2
415 951 2
415 748 2
415 802 2
416 549 2
416 589 2
416 439 2
416 798 2
417 545 2
417 614 2
418 462 2
418 940 2
418 603 2
419 450 2
419 561 2
419 500 2
421 803 2
422 472 2
422 585 2
422 871 2
423 538 2
423 546 2
423 833 2
423 997 2
424 942 2
424 428 2
424 877 2
426 640 2
426 929 2
426 686 2
427 839 2
428 877 2
429 914 2
430 987 2
431 499 2
432 670 2
432 864 2
433 763 2
433 824 2
434 562 2
434 868 2
435 658 2
435 576 2
435 695 2
435 729 2
435 771 2
436 557 2
436 573 2
436 699 2
436 764 2
436 537 2
437 443 2
437 585 2
437 627 2
437 733 2
437 871 2
437 909 2
437 926 2
437 989 2
438 855 2
438 555 2
438 901 2
439 589 2
440 828 2
440 570 2
440 598 2
440 958 2
441 603 2
441 626 2
442 669 2
442 467 2
442 943 2
443 585 2
443 482 2
443 930 2
444 564 2
444 583 2
444 592 2
444 872 2
444 937 2
444 997 2
444 847 2
445 923 2
445 531 2
445 653 2
445 827 2
445 894 2
447 588 2
447 862 2
448 632 2
448 487 2
448 629 2
448 727 2
448 743 2
449 488 2
451 464 2
451 560 2
451 595 2
451 619 2
451 904 2
453 629 2
453 709 2
453 976 2
454 459 2
454 510 2
454 641 2
454 959 2
455 647 2
455 588 2
455 662 2
455 701 2
456 685 2
457 511 2
459 510 2
460 705 2
460 947 2
461 664 2
462 714 2
462 816 2
463 596 2
464 811 2
464 506 2
464 560 2
464 717 2
464 870 2
465 529 2
465 745 2
465 967 2
466 473 2
467 785 2
468 755 2
468 991 2
468 777 2
468 875 2
468 946 2
469 533 2
469 869 2
469 913 2
469 941 2
470 794 2
470 707 2
471 776 2
471 890 2
471 924 2
472 615 2
472 723 2
472 808 2
472 585 2
472 871 2
473 752 2
473 922 2
474 677 2
474 978 2
475 513 2
475 531 2
475 645 2
475 691 2
475 978 2
475 571 2
476 750 2
477 673 2
477 682 2
477 785 2
477 806 2
477 819 2
480 899 2
480 913 2
480 834 2
481 598 2
481 713 2
482 636 2
482 895 2
482 915 2
483 727 2
483 851 2
484 514 2
484 567 2
484 568 2
484 572 2
484 630 2
484 646 2
484 739 2
484 894 2
484 953 2
485 753 2
485 875 2
485 659 2
485 872 2
485 884 2
485 963 2
485 975 2
487 618 2
487 787 2
487 637 2
488 554 2
489 497 2
489 502 2
489 519 2
489 554 2
490 884 2
491 973 2
492 820 2
493 628 2
493 866 2
493 731 2
495 827 2
496 642 2
496 664 2
496 754 2
496 599 2
496 689 2
496 774 2
496 878 2
497 502 2
497 519 2
497 577 2
497 738 2
497 774 2
498 853 2
498 934 2
498 502 2
499 562 2
499 766 2
499 829 2
501 908 2
502 519 2
502 738 2
502 527 2
502 648 2
502 830 2
502 895 2
504 734 2
504 865 2
505 719 2
506 717 2
507 742 2
507 744 2
507 981 2
509 599 2
509 896 2
509 948 2
509 810 2
510 958 2
510 641 2
510 693 2
511 767 2
512 522 2
512 575 2
512 731 2
512 768 2
512 789 2
512 906 2
512 933 2
512 966 2
513 691 2
514 567 2
514 739 2
514 953 2
515 638 2
515 863 2
515 538 2
516 609 2
516 659 2
517 623 2
517 653 2
517 814 2
517 856 2
518 990 2
518 656 2
519 828 2
520 816 2
520 579 2
521 719 2
521 808 2
522 575 2
522 906 2
522 873 2
523 815 2
524 615 2
524 757 2
524 933 2
524 944 2
524 970 2
525 624 2
527 648 2
527 830 2
527 895 2
528 714 2
528 746 2
529 587 2
529 850 2
530 608 2
530 559 2
531 645 2
531 978 2
531 653 2
531 704 2
531 827 2
532 985 2
533 649 2
533 892 2
534 786 2
534 795 2
535 822 2
535 881 2
535 993 2
535 754 2
536 931 2
536 888 2
538 592 2
539 744 2
539 798 2
539 927 2
539 601 2
540 761 2
541 796 2
541 755 2
542 591 2
542 826 2
543 595 2
543 651 2
543 777 2
543 610 2
543 823 2
544 563 2
544 986 2
544 716 2
546 833 2
546 712 2
547 756 2
547 874 2
549 589 2
549 684 2
549 729 2
549 805 2
550 936 2
550 982 2
551 946 2
552 829 2
552 869 2
552 896 2
555 799 2
555 901 2
555 917 2
555 947 2
556 570 2
556 663 2
557 697 2
557 699 2
557 764 2
557 770 2
557 835 2
557 867 2
557 969 2
558 563 2
559 641 2
559 780 2
559 961 2
560 813 2
560 619 2
560 700 2
561 631 2
561 683 2
562 829 2
562 897 2
563 986 2
564 592 2
564 937 2
564 996 2
565 841 2
567 572 2
567 953 2
568 643 2
568 735 2
568 945 2
569 879 2
570 593 2
570 612 2
570 786 2
571 573 2
572 937 2
577 774 2
577 657 2
577 779 2
580 613 2
580 801 2
581 674 2
581 846 2
582 741 2
583 788 2
584 593 2
584 738 2
584 957 2
585 871 2
586 704 2
586 890 2
586 975 2
586 799 2
587 702 2
587 850 2
588 662 2
589 634 2
592 937 2
592 997 2
593 665 2
594 668 2
594 707 2
594 824 2
594 889 2
594 893 2
594 962 2
595 651 2
595 970 2
596 776 2
597 964 2
598 921 2
598 959 2
599 617 2
599 698 2
600 686 2
600 861 2
600 986 2
601 817 2
602 759 2
604 974 2
604 985 2
605 671 2
606 787 2
606 907 2
607 960 2
610 876 2
610 878 2
610 999 2
611 842 2
611 839 2
612 983 2
612 630 2
612 679 2
612 786 2
612 813 2
613 677 2
613 667 2
613 812 2
613 992 2
615 806 2
615 757 2
615 891 2
615 933 2
616 810 2
617 698 2
619 700 2
619 904 2
620 866 2
621 700 2
621 654 2
622 773 2
623 653 2
623 682 2
623 887 2
623 706 2
624 984 2
625 823 2
625 905 2
626 849 2
627 733 2
627 871 2
627 989 2
628 866 2
629 743 2
629 836 2
630 646 2
630 679 2
630 813 2
631 771 2
631 950 2
634 680 2
634 865 2
635 797 2
635 969 2
639 718 2
640 925 2
640 929 2
640 800 2
641 780 2
641 693 2
641 959 2
642 737 2
642 756 2
643 804 2
643 903 2
644 830 2
644 860 2
644 948 2
645 858 2
645 974 2
646 894 2
648 843 2
648 830 2
649 742 2
649 792 2
650 988 2
651 777 2
652 701 2
652 710 2
653 827 2
653 894 2
654 957 2
655 902 2
656 817 2
657 950 2
658 821 2
659 872 2
659 884 2
660 971 2
661 918 2
662 701 2
662 935 2
664 666 2
664 972 2
665 721 2
666 972 2
667 693 2
667 812 2
667 992 2
668 707 2
669 730 2
669 837 2
670 752 2
673 682 2
673 819 2
674 758 2
676 724 2
677 978 2
678 826 2
678 840 2
679 813 2
682 887 2
682 819 2
683 688 2
683 765 2
683 802 2
683 850 2
684 729 2
684 859 2
684 912 2
687 694 2
688 802 2
688 708 2
688 715 2
689 878 2
694 730 2
695 771 2
696 893 2
697 770 2
697 835 2
697 867 2
697 811 2
699 887 2
699 949 2
701 710 2
701 935 2
701 964 2
703 956 2
704 890 2
705 934 2
706 790 2
709 976 2
710 883 2
711 734 2
711 886 2
711 765 2
712 764 2
712 789 2
714 746 2
715 773 2
717 809 2
717 870 2
718 831 2
720 791 2
721 844 2
722 916 2
723 808 2
726 920 2
726 987 2
726 790 2
727 851 2
728 951 2
729 859 2
730 954 2
730 989 2
731 768 2
731 885 2
731 933 2
731 966 2
733 909 2
733 989 2
734 886 2
735 998 2
736 845 2
738 957 2
740 956 2
742 744 2
743 836 2
744 798 2
745 967 2
745 833 2
747 849 2
747 911 2
748 979 2
749 973 2
749 818 2
749 832 2
750 848 2
750 870 2
751 918 2
753 875 2
753 910 2
754 912 2
755 991 2
758 838 2
760 971 2
762 901 2
763 924 2
764 789 2
765 781 2
766 848 2
766 929 2
768 885 2
768 933 2
769 949 2
769 979 2
770 835 2
770 969 2
770 881 2
770 980 2
771 950 2
773 853 2
773 889 2
773 977 2
778 800 2
782 898 2
783 854 2
784 954 2
785 806 2
786 795 2
787 907 2
789 832 2
789 837 2
794 999 2
797 982 2
797 969 2
801 819 2
802 850 2
802 886 2
804 943 2
804 961 2
804 903 2
810 868 2
818 832 2
824 889 2
824 893 2
824 900 2
825 968 2
827 894 2
831 903 2
831 984 2
832 837 2
834 962 2
835 867 2
835 969 2
836 907 2
838 981 2
839 846 2
843 927 2
846 952 2
848 929 2
852 858 2
853 934 2
853 889 2
853 977 2
862 968 2
864 944 2
869 913 2
869 941 2
872 963 2
879 926 2
881 993 2
887 949 2
888 938 2
889 893 2
889 900 2
889 962 2
889 977 2
890 924 2
893 900 2
893 962 2
895 915 2
896 948 2
901 917 2
903 984 2
904 980 2
909 926 2
913 941 2
917 947 2
920 987 2
921 959 2
922 988 2
935 964 2
943 961 2
944 970 2
955 966 2
991 994 2
0 0 -139
1 1 -112
2 2 -156
3 3 -104
4 4 -131
5 5 -94
6 6 -69
7 7 -100
8 8 -110
9 9 -88
10 10 -79
11 11 -54
12 12 -24
13 13 -53
14 14 -56
15 15 -59
16 16 -56
17 17 -34
18 18 -67
19 19 -40
20 20 -19
21 21 -37
22 22 -30
23 23 -39
24 24 -37
25 25 -64
26 26 -42
27 27 -37
28 28 -43
29 29 -27
30 30 -62
31 31 -27
32 32 -13
33 33 -32
34 34 -19
35 35 -29
36 36 -46
37 37 -12
38 38 -57
39 39 -36
40 40 -28
41 41 -26
42 42 -25
43 43 -31
44 44 -29
45 45 -19
46 46 -19
47 47 -39
48 48 -40
49 49 -28
50 50 -31
51 51 -21
52 52 -39
53 53 -24
54 54 -31
55 55 -27
56 56 -21
57 57 -34
58 58 -22
59 59 -29
60 60 -20
61 61 -32
62 62 -25
63 63 -21
64 64 -19
65 65 -21
66 66 -22
67 67 -16
68 68 -17
69 69 -14
70 70 -41
71 71 -28
72 72 -33
73 73 -19
74 74 -19
75 75 -23
76 76 -13
77 77 -15
78 78 -16
79 79 -17
80 80 -28
81 81 -18
82 82 -22
83 83 -24
84 84 -27
85 85 -23
86 86 -20
87 87 -14
88 88 -21
89 89 -25
90 90 -9
91 91 -19
92 92 -25
93 93 -37
94 94 -8
95 95 -18
96 96 -15
97 97 -14
98 98 -16
99 99 -17
100 100 -15
101 101 -14
102 102 -14
103 103 -18
104 104 -15
105 105 -25
106 106 -18
107 107 -20
108 108 -25
109 109 -13
110 110 -20
111 111 -16
112 112 -11
113 113 -14
114 114 -18
115 115 -10
116 116 -20
117 117 -21
118 118 -15
119 119 -17
120 120 -27
121 121 -15
122 122 -22
123 123 -22
124 124 -12
125 125 -18
126 126 -15
127 127 -19
128 128 -13
129 129 -18
130 130 -15
131 131 -13
132 132 -8
133 133 -11
134 134 -23
135 135 -14
136 136 -16
137 137 -10
138 138 -22
139 139 -15
140 140 -14
141 141 -23
142 142 -15
143 143 -16
144 144 -13
145 145 -20
146 146 -14
147 147 -11
148 148 -18
149 149 -15
150 150 -10
151 151 -11
152 152 -10
153 153 -15
154 154 -12
155 155 -14
156 156 -12
157 157 -16
158 158 -12
159 159 -11
160 160 -15
161 161 -12
162 162 -17
163 163 -17
164 164 -15
165 165 -15
166 166 -24
167 167 -11
168 168 -9
169 169 -21
170 170 -14
171 171 -18
172 172 -10
173 173 -25
174 174 -12
175 175 -16
176 176 -19
177 177 -10
178 178 -15
179 179 -10
180 180 -14
181 181 -14
182 182 -9
183 183 -23
184 184 -20
185 185 -16
186 186 -13
187 187 -17
188 188 -11
189 189 -13
190 190 -17
191 191 -12
192 192 -13
193 193 -9
194 194 -11
195 195 -18
196 196 -8
197 197 -9
198 198 -13
199 199 -22
200 200 -17
201 201 -11
202 202 -11
203 203 -13
204 204 -8
205 205 -14
206 206 -11
207 207 -19
208 208 -10
209 209 -19
210 210 -15
211 211 -13
212 212 -10
213 213 -15
214 214 -20
215 215 -14
216 216 -14
217 217 -10
218 218 -10
219 219 -14
220 220 -14
221 221 -10
222 222 -9
223 223 -9
224 224 -15
225 225 -12
226 226 -13
227 227 -13
228 228 -12
229 229 -7
230 230 -11
231 231 -10
232 232 -10
233 233 -14
234 234 -13
235 235 -11
236 236 -9
237 237 -12
238 238 -12
239 239 -13
240 240 -6
241 241 -13
242 242 -17
243 243 -13
244 244 -20
245 245 -18
246 246 -17
247 247 -12
248 248 -15
249 249 -10
250 250 -8
251 251 -17
252 252 -8
253 253 -14
254 254 -10
255 255 -13
256 256 -8
257 257 -12
258 258 -11
259 259 -14
260 260 -14
261 261 -11
262 262 -10
263 263 -12
264 264 -18
265 265 -21
266 266 -10
267 267 -15
268 268 -9
269 269 -13
270 270 -7
271 271 -10
272 272 -12
273 273 -7
274 274 -7
275 275 -12
276 276 -12
277 277 -15
278 278 -13
279 279 -9
280 280 -14
281 281 -16
282 282 -10
283 283 -11
284 284 -12
285 285 -13
286 286 -13
287 287 -10
288 288 -15
289 289 -8
290 290 -11
291 291 -17
292 292 -7
293 293 -9
294 294 -15
295 295 -7
296 296 -11
297 297 -13
298 298 -7
299 299 -9
300 300 -7
301 301 -12
302 302 -8
303 303 -15
304 304 -13
305 305 -8
306 306 -14
307 307 -17
308 308 -10
309 309 -9
310 310 -12
311 311 -12
312 312 -10
313 313 -7
314 314 -9
315 315 -12
316 316 -11
317 317 -12
318 318 -11
319 319 -10
320 320 -8
321 321 -9
322 322 -9
323 323 -10
324 324 -18
325 325 -8
326 326 -11
327 327 -10
328 328 -14
329 329 -11
330 330 -11
331 331 -11
332 332 -9
333 333 -13
334 334 -8
335 335 -8
336 336 -7
337 337 -14
338 338 -10
339 339 -6
340 340 -13
341 341 -11
342 342 -7
343 343 -6
344 344 -17
345 345 -10
346 346 -10
347 347 -7
348 348 -16
349 349 -14
350 350 -12
351 351 -8
352 352 -12
353 353 -10
354 354 -9
355 355 -10
356 356 -12
357 357 -10
358 358 -7
359 359 -14
360 360 -13
361 361 -10
362 362 -14
363 363 -6
364 364 -10
365 365 -10
366 366 -7
367 367 -11
368 368 -8
369 369 -9
370 370 -11
371 371 -9
372 372 -10
373 373 -9
374 374 -10
375 375 -8
376 376 -8
377 377 -10
378 378 -13
379 379 -10
380 380 -8
381 381 -10
382 382 -10
383 383 -9
384 384 -11
385 385 -7
386 386 -10
387 387 -7
388 388 -8
389 389 -7
390 390 -8
391 391 -10
392 392 -9
393 393 -7
394 394 -6
395 395 -9
396 396 -9
397 397 -8
398 398 -9
399 399 -8
400 400 -8
401 401 -8
402 402 -8
403 403 -10
404 404 -7
405 405 -9
406 406 -6
407 407 -10
408 408 -7
409 409 -15
410 410 -12
411 411 -9
412 412 -6
413 413 -9
414 414 -9
415 415 -9
416 416 -10
417 417 -8
418 418 -9
419 419 -9
420 420 -6
421 421 -7
422 422 -9
423 423 -10
424 424 -9
425 425 -6
426 426 -9
427 427 -7
428 428 -7
429 429 -7
430 430 -7
431 431 -7
432 432 -8
433 433 -8
434 434 -8
435 435 -11
436 436 -11
437 437 -14
438 438 -9
439 439 -7
440 440 -10
441 441 -8
442 442 -9
443 443 -9
444 444 -13
445 445 -11
446 446 -6
447 447 -8
448 448 -11
449 449 -7
450 450 -6
451 451 -11
452 452 -6
453 453 -8
454 454 -10
455 455 -10
456 456 -7
457 457 -7
458 458 -6
459 459 -7
460 460 -8
461 461 -7
462 462 -8
463 463 -7
464 464 -11
465 465 -9
466 466 -7
467 467 -5
468 468 -11
469 469 -10
470 470 -8
471 471 -9
472 472 -11
473 473 -7
474 474 -8
475 475 -12
476 476 -7
477 477 -11
478 478 -6
479 479 -6
480 480 -9
481 481 -8
482 482 -9
483 483 -8
484 484 -15
485 485 -13
486 486 -6
487 487 -9
488 488 -7
489 489 -10
490 490 -7
491 491 -7
492 492 -7
493 493 -9
494 494 -6
495 495 -7
496 496 -13
497 497 -11
498 498 -9
499 499 -9
500 500 -6
501 501 -7
502 502 -12
503 503 -6
504 504 -8
505 505 -7
506 506 -7
507 507 -9
508 508 -6
509 509 -10
510 510 -9
511 511 -7
512 512 -14
513 513 -7
514 514 -9
515 515 -8
516 516 -8
517 517 -10
518 518 -8
519 519 -7
520 520 -7
521 521 -8
522 522 -9
523 523 -7
524 524 -11
525 525 -7
526 526 -6
527 527 -9
528 528 -8
529 529 -8
530 530 -8
531 531 -11
532 532 -7
533 533 -8
534 534 -8
535 535 -10
536 536 -8
537 537 -5
538 538 -7
539 539 -9
540 540 -7
541 541 -8
542 542 -8
543 543 -11
544 544 -9
545 545 -6
546 546 -8
547 547 -8
548 548 -6
549 549 -10
550 550 -8
551 551 -7
552 552 -9
553 553 -6
554 554 -6
555 555 -10
556 556 -8
557 557 -13
558 558 -7
559 559 -9
560 560 -9
561 561 -8
562 562 -8
563 563 -7
564 564 -9
565 565 -7
566 566 -6
567 567 -8
568 568 -9
569 569 -7
570 570 -8
571 571 -7
572 572 -7
573 573 -6
574 574 -6
575 575 -6
576 576 -6
577 577 -9
578 578 -6
579 579 -6
580 580 -8
581 581 -8
582 582 -7
583 583 -7
584 584 -9
585 585 -7
586 586 -10
587 587 -8
588 588 -7
589 589 -7
590 590 -6
591 591 -6
592 592 -8
593 593 -7
594 594 -12
595 595 -8
596 596 -7
597 597 -7
598 598 -8
599 599 -8
600 600 -9
601 601 -7
602 602 -7
603 603 -6
604 604 -8
605 605 -7
606 606 -8
607 607 -7
608 608 -6
609 609 -6
610 610 -9
611 611 -7
612 612 -11
613 613 -10
614 614 -6
615 615 -10
616 616 -7
617 617 -7
618 618 -6
619 619 -7
620 620 -7
621 621 -8
622 622 -7
623 623 -10
624 624 -7
625 625 -8
626 626 -6
627 627 -9
628 628 -7
629 629 -8
630 630 -9
631 631 -8
632 632 -6
633 633 -6
634 634 -8
635 635 -8
636 636 -6
637 637 -6
638 638 -6
639 639 -7
640 640 -9
641 641 -9
642 642 -8
643 643 -8
644 644 -9
645 645 -8
646 646 -7
647 647 -6
648 648 -8
649 649 -8
650 650 -7
651 651 -7
652 652 -8
653 653 -8
654 654 -7
655 655 -7
656 656 -7
657 657 -7
658 658 -7
659 659 -8
660 660 -7
661 661 -7
662 662 -8
663 663 -6
664 664 -8
665 665 -7
666 666 -7
667 667 -9
668 668 -7
669 669 -8
670 670 -7
671 671 -6
672 672 -6
673 673 -8
674 674 -7
675 675 -6
676 676 -7
677 677 -7
678 678 -8
679 679 -7
680 680 -6
681 681 -6
682 682 -8
683 683 -10
684 684 -8
685 685 -6
686 686 -6
687 687 -7
688 688 -8
689 689 -7
690 690 -6
691 691 -6
692 692 -6
693 693 -6
694 694 -7
695 695 -7
696 696 -7
697 697 -10
698 698 -6
699 699 -8
700 700 -6
701 701 -9
702 702 -6
703 703 -7
704 704 -7
705 705 -7
706 706 -7
707 707 -6
708 708 -6
709 709 -7
710 710 -7
711 711 -9
712 712 -8
713 713 -6
714 714 -7
715 715 -7
716 716 -6
717 717 -8
718 718 -7
719 719 -6
720 720 -6
721 721 -7
722 722 -7
723 723 -7
724 724 -6
725 725 -6
726 726 -9
727 727 -7
728 728 -7
729 729 -7
730 730 -8
731 731 -10
732 732 -6
733 733 -8
734 734 -7
735 735 -7
736 736 -7
737 737 -6
738 738 -7
739 739 -6
740 740 -7
741 741 -6
742 742 -7
743 743 -7
744 744 -7
745 745 -8
746 746 -6
747 747 -8
748 748 -7
749 749 -8
750 750 -8
751 751 -7
752 752 -6
753 753 -8
754 754 -7
755 755 -7
756 756 -6
757 757 -6
758 758 -7
759 759 -6
760 760 -7
761 761 -6
762 762 -7
763 763 -7
764 764 -7
765 765 -7
766 766 -8
767 767 -6
768 768 -8
769 769 -8
770 770 -10
771 771 -7
772 772 -6
773 773 -9
774 774 -6
775 775 -6
776 776 -6
777 777 -6
778 778 -7
779 779 -6
780 780 -6
781 781 -6
782 782 -7
783 783 -7
784 784 -7
785 785 -7
786 786 -7
787 787 -7
788 788 -6
789 789 -8
790 790 -6
791 791 -6
792 792 -6
793 793 -6
794 794 -7
795 795 -6
796 796 -6
797 797 -8
798 798 -6
799 799 -6
800 800 -6
801 801 -7
802 802 -8
803 803 -6
804 804 -9
805 805 -6
806 806 -6
807 807 -6
808 808 -6
809 809 -6
810 810 -7
811 811 -6
812 812 -6
813 813 -6
814 814 -6
815 815 -6
816 816 -6
817 817 -5
818 818 -7
819 819 -6
820 820 -6
821 821 -6
822 822 -6
823 823 -6
824 824 -9
825 825 -7
826 826 -6
827 827 -7
828 828 -6
829 829 -5
830 830 -6
831 831 -8
832 832 -7
833 833 -6
834 834 -7
835 835 -8
836 836 -7
837 837 -6
838 838 -7
839 839 -7
840 840 -6
841 841 -6
842 842 -6
843 843 -7
844 844 -6
845 845 -6
846 846 -7
847 847 -6
848 848 -7
849 849 -6
850 850 -6
851 851 -6
852 852 -7
853 853 -9
854 854 -6
855 855 -6
856 856 -6
857 857 -6
858 858 -6
859 859 -6
860 860 -6
861 861 -6
862 862 -7
863 863 -6
864 864 -7
865 865 -6
866 866 -6
867 867 -6
868 868 -6
869 869 -8
870 870 -6
871 871 -6
872 872 -7
873 873 -6
874 874 -6
875 875 -6
876 876 -6
877 877 -6
878 878 -6
879 879 -7
880 880 -6
881 881 -7
882 882 -6
883 883 -6
884 884 -6
885 885 -6
886 886 -6
887 887 -7
888 888 -7
889 889 -10
890 890 -7
891 891 -6
892 892 -6
893 893 -8
894 894 -6
895 895 -7
896 896 -7
897 897 -6
898 898 -6
899 899 -6
900 900 -6
901 901 -7
902 902 -6
903 903 -7
904 904 -7
905 905 -6
906 906 -6
907 907 -6
908 908 -6
909 909 -7
910 910 -5
911 911 -6
912 912 -6
913 913 -7
914 914 -6
915 915 -6
916 916 -6
917 917 -7
918 918 -6
919 919 -6
920 920 -7
921 921 -7
922 922 -7
923 923 -6
924 924 -6
925 925 -6
926 926 -6
927 927 -6
928 928 -6
929 929 -6
930 930 -6
931 931 -6
932 932 -6
933 933 -6
934 934 -6
935 935 -7
936 936 -6
937 937 -6
938 938 -6
939 939 -6
940 940 -6
941 941 -6
942 942 -6
943 943 -7
944 944 -6
945 945 -6
946 946 -6
947 947 -6
948 948 -6
949 949 -6
950 950 -6
951 951 -6
952 952 -6
953 953 -6
954 954 -6
955 955 -7
956 956 -6
957 957 -6
958 958 -6
959 959 -6
960 960 -6
961 961 -5
962 962 -6
963 963 -6
964 964 -6
965 965 -6
966 966 -6
967 967 -6
968 968 -6
969 969 -6
970 970 -6
971 971 -6
972 972 -6
973 973 -6
974 974 -6
975 975 -6
976 976 -6
977 977 -6
978 978 -6
979 979 -6
980 980 -6
981 981 -6
982 982 -6
983 983 -6
984 984 -6
985 985 -6
986 986 -6
987 987 -6
988 988 -6
989 989 -6
990 990 -5
991 991 -7
992 992 -6
993 993 -6
994 994 -6
995 995 -6
996 996 -6
997 997 -6
998 998 -6
999 999 -6