1000 6916 -171 1
0 11 2
0 15 2
0 22 2
0 31 2
0 32 2
0 35 2
0 36 2
0 43 2
0 46 2
0 47 2
0 50 2
0 62 2
0 80 2
0 92 2
0 116 2
0 131 2
0 137 2
0 139 2
0 143 2
0 146 2
0 153 2
0 155 2
0 211 2
0 235 2
0 266 2
0 272 2
0 282 2
0 304 2
0 317 2
0 324 2
0 326 2
0 345 2
0 379 2
0 406 2
0 414 2
0 422 2
0 449 2
0 458 2
0 459 2
0 471 2
0 477 2
0 478 2
0 517 2
0 518 2
0 528 2
0 545 2
0 550 2
0 607 2
0 626 2
0 630 2
0 703 2
0 713 2
0 906 2
0 932 2
0 984 2
0 1 2
0 2 2
0 3 2
0 4 2
0 5 2
0 6 2
0 7 2
0 13 2
0 25 2
0 26 2
0 27 2
0 30 2
0 34 2
0 51 2
0 60 2
0 65 2
0 111 2
0 119 2
0 128 2
0 129 2
0 134 2
0 135 2
0 156 2
0 170 2
0 179 2
0 195 2
0 201 2
0 214 2
0 227 2
0 228 2
0 233 2
0 238 2
0 247 2
0 257 2
0 263 2
0 267 2
0 277 2
0 278 2
0 281 2
0 283 2
0 284 2
0 291 2
0 303 2
0 316 2
0 322 2
0 338 2
0 344 2
0 353 2
0 359 2
0 361 2
0 367 2
0 381 2
0 436 2
0 438 2
0 447 2
0 460 2
0 461 2
0 493 2
0 523 2
0 529 2
0 575 2
0 580 2
0 613 2
0 749 2
0 800 2
0 817 2
0 837 2
0 852 2
0 887 2
0 900 2
0 925 2
0 934 2
0 937 2
0 940 2
0 941 2
1 7 2
1 11 2
1 12 2
1 13 2
1 14 2
1 16 2
1 24 2
1 33 2
1 40 2
1 53 2
1 55 2
1 78 2
1 83 2
1 87 2
1 96 2
1 133 2
1 142 2
1 152 2
1 172 2
1 174 2
1 187 2
1 191 2
1 193 2
1 195 2
1 201 2
1 208 2
1 241 2
1 242 2
1 249 2
1 258 2
1 285 2
1 303 2
1 316 2
1 318 2
1 320 2
1 334 2
1 347 2
1 363 2
1 372 2
1 384 2
1 388 2
1 394 2
1 425 2
1 441 2
1 452 2
1 478 2
1 499 2
1 509 2
1 514 2
1 516 2
1 542 2
1 552 2
1 560 2
1 574 2
1 597 2
1 603 2
1 620 2
1 622 2
1 638 2
1 640 2
1 678 2
1 697 2
1 740 2
1 749 2
1 784 2
1 807 2
1 834 2
1 860 2
1 867 2
1 888 2
1 893 2
1 916 2
1 966 2
1 967 2
1 983 2
1 2 2
1 3 2
1 5 2
1 8 2
1 9 2
1 18 2
1 19 2
1 21 2
1 25 2
1 26 2
1 30 2
1 58 2
1 62 2
1 67 2
1 73 2
1 76 2
1 131 2
1 139 2
1 157 2
1 169 2
1 190 2
1 205 2
1 215 2
1 223 2
1 229 2
1 244 2
1 257 2
1 415 2
1 435 2
1 450 2
1 481 2
1 507 2
1 533 2
1 545 2
1 551 2
1 570 2
1 606 2
1 618 2
1 630 2
1 720 2
1 724 2
1 737 2
1 781 2
1 792 2
1 797 2
1 827 2
1 877 2
1 927 2
1 958 2
1 960 2
2 6 2
2 8 2
2 13 2
2 14 2
2 20 2
2 24 2
2 25 2
2 44 2
2 45 2
2 51 2
2 54 2
2 56 2
2 59 2
2 63 2
2 64 2
2 66 2
2 75 2
2 82 2
2 95 2
2 96 2
2 103 2
2 108 2
2 122 2
2 123 2
2 142 2
2 147 2
2 150 2
2 164 2
2 165 2
2 180 2
2 204 2
2 210 2
2 212 2
2 214 2
2 237 2
2 244 2
2 251 2
2 256 2
2 260 2
2 300 2
2 345 2
2 354 2
2 360 2
2 401 2
2 404 2
2 408 2
2 417 2
2 463 2
2 497 2
2 527 2
2 541 2
2 544 2
2 557 2
2 560 2
2 566 2
2 578 2
2 583 2
2 613 2
2 625 2
2 629 2
2 636 2
2 665 2
2 666 2
2 672 2
2 673 2
2 677 2
2 698 2
2 709 2
2 726 2
2 734 2
2 791 2
2 827 2
2 845 2
2 850 2
2 865 2
2 873 2
2 921 2
2 954 2
2 993 2
2 3 2
2 4 2
2 7 2
2 11 2
2 27 2
2 33 2
2 37 2
2 50 2
2 74 2
2 109 2
2 119 2
2 151 2
2 188 2
2 197 2
2 206 2
2 226 2
2 233 2
2 240 2
2 249 2
2 272 2
2 299 2
2 343 2
2 377 2
2 479 2
2 545 2
2 550 2
2 565 2
2 567 2
2 571 2
2 573 2
2 599 2
2 620 2
2 639 2
2 644 2
2 662 2
2 799 2
2 816 2
2 856 2
2 983 2
3 13 2
3 28 2
3 30 2
3 34 2
3 43 2
3 65 2
3 73 2
3 77 2
3 80 2
3 88 2
3 123 2
3 135 2
3 138 2
3 140 2
3 144 2
3 160 2
3 169 2
3 183 2
3 186 2
3 197 2
3 206 2
3 221 2
3 237 2
3 254 2
3 259 2
3 271 2
3 281 2
3 295 2
3 300 2
3 329 2
3 330 2
3 342 2
3 393 2
3 395 2
3 401 2
3 411 2
3 413 2
3 440 2
3 447 2
3 453 2
3 462 2
3 524 2
3 562 2
3 577 2
3 588 2
3 622 2
3 677 2
3 687 2
3 727 2
3 738 2
3 771 2
3 811 2
3 822 2
3 829 2
3 835 2
3 849 2
3 855 2
3 871 2
3 877 2
3 941 2
3 4 2
3 5 2
3 6 2
3 8 2
3 9 2
3 10 2
3 12 2
3 15 2
3 16 2
3 17 2
3 19 2
3 24 2
3 35 2
3 38 2
3 40 2
3 44 2
3 46 2
3 47 2
3 48 2
3 50 2
3 52 2
3 54 2
3 56 2
3 68 2
3 72 2
3 78 2
3 85 2
3 89 2
3 94 2
3 110 2
3 111 2
3 122 2
3 133 2
3 145 2
3 148 2
3 151 2
3 153 2
3 176 2
3 178 2
3 185 2
3 207 2
3 230 2
3 239 2
3 253 2
3 272 2
3 275 2
3 276 2
3 277 2
3 294 2
3 297 2
3 298 2
3 303 2
3 308 2
3 312 2
3 315 2
3 319 2
3 326 2
3 328 2
3 341 2
3 346 2
3 350 2
3 370 2
3 383 2
3 403 2
3 405 2
3 422 2
3 434 2
3 442 2
3 452 2
3 457 2
3 488 2
3 489 2
3 502 2
3 512 2
3 540 2
3 545 2
3 552 2
3 561 2
3 580 2
3 582 2
3 596 2
3 598 2
3 620 2
3 623 2
3 631 2
3 632 2
3 650 2
3 662 2
3 682 2
3 692 2
3 710 2
3 731 2
3 739 2
3 744 2
3 769 2
3 782 2
3 785 2
3 845 2
3 852 2
3 853 2
3 864 2
3 886 2
3 917 2
3 952 2
3 958 2
3 983 2
3 986 2
3 992 2
4 8 2
4 10 2
4 15 2
4 17 2
4 27 2
4 34 2
4 38 2
4 39 2
4 44 2
4 52 2
4 58 2
4 71 2
4 89 2
4 112 2
4 134 2
4 141 2
4 146 2
4 185 2
4 192 2
4 252 2
4 305 2
4 312 2
4 345 2
4 379 2
4 508 2
4 527 2
4 604 2
4 685 2
4 711 2
4 730 2
4 734 2
4 741 2
4 753 2
4 756 2
4 879 2
4 6 2
4 7 2
4 11 2
4 13 2
4 33 2
4 40 2
4 46 2
4 50 2
4 60 2
4 65 2
4 74 2
4 106 2
4 122 2
4 128 2
4 129 2
4 133 2
4 135 2
4 136 2
4 145 2
4 149 2
4 175 2
4 184 2
4 194 2
4 202 2
4 226 2
4 232 2
4 264 2
4 266 2
4 289 2
4 297 2
4 324 2
4 327 2
4 342 2
4 392 2
4 451 2
4 473 2
4 484 2
4 501 2
4 556 2
4 582 2
4 622 2
4 629 2
4 632 2
4 661 2
4 679 2
4 704 2
4 715 2
4 717 2
4 740 2
4 749 2
4 774 2
4 794 2
4 860 2
4 864 2
4 865 2
4 869 2
4 876 2
4 994 2
5 7 2
5 9 2
5 12 2
5 30 2
5 35 2
5 83 2
5 104 2
5 125 2
5 217 2
5 320 2
5 411 2
5 471 2
5 507 2
5 523 2
5 570 2
5 653 2
5 662 2
5 803 2
5 825 2
5 8 2
5 16 2
5 18 2
5 20 2
5 21 2
5 22 2
5 23 2
5 25 2
5 34 2
5 45 2
5 49 2
5 78 2
5 79 2
5 92 2
5 93 2
5 111 2
5 141 2
5 201 2
5 204 2
5 213 2
5 247 2
5 248 2
5 296 2
5 326 2
5 363 2
5 366 2
5 371 2
5 389 2
5 450 2
5 494 2
5 526 2
5 546 2
5 581 2
5 605 2
5 610 2
5 625 2
5 634 2
5 640 2
5 648 2
5 670 2
5 686 2
5 698 2
5 820 2
5 827 2
5 936 2
6 8 2
6 10 2
6 17 2
6 19 2
6 20 2
6 38 2
6 56 2
6 91 2
6 95 2
6 159 2
6 175 2
6 178 2
6 213 2
6 216 2
6 219 2
6 327 2
6 377 2
6 465 2
6 489 2
6 530 2
6 563 2
6 568 2
6 724 2
6 739 2
6 789 2
6 863 2
6 891 2
6 914 2
6 13 2
6 40 2
6 44 2
6 68 2
6 106 2
6 134 2
6 160 2
6 199 2
6 214 2
6 220 2
6 265 2
6 339 2
6 349 2
6 390 2
6 394 2
6 447 2
6 500 2
6 504 2
6 532 2
6 536 2
6 603 2
6 629 2
6 641 2
6 723 2
6 727 2
6 802 2
6 857 2
6 919 2
6 965 2
7 16 2
7 22 2
7 26 2
7 29 2
7 31 2
7 35 2
7 41 2
7 47 2
7 50 2
7 53 2
7 55 2
7 61 2
7 83 2
7 111 2
7 116 2
7 131 2
7 132 2
7 166 2
7 191 2
7 201 2
7 211 2
7 217 2
7 220 2
7 247 2
7 269 2
7 284 2
7 315 2
7 381 2
7 390 2
7 427 2
7 450 2
7 487 2
7 505 2
7 523 2
7 558 2
7 567 2
7 579 2
7 650 2
7 749 2
7 817 2
7 874 2
7 918 2
7 11 2
7 27 2
7 37 2
7 60 2
7 109 2
7 136 2
7 299 2
7 438 2
7 473 2
7 529 2
7 661 2
7 735 2
7 841 2
8 38 2
8 44 2
8 58 2
8 74 2
8 91 2
8 103 2
8 121 2
8 149 2
8 159 2
8 204 2
8 608 2
8 686 2
8 737 2
8 756 2
8 789 2
8 818 2
8 866 2
8 951 2
8 999 2
8 9 2
8 10 2
8 14 2
8 16 2
8 18 2
8 20 2
8 39 2
8 41 2
8 62 2
8 67 2
8 72 2
8 73 2
8 82 2
8 97 2
8 99 2
8 116 2
8 123 2
8 125 2
8 141 2
8 154 2
8 161 2
8 163 2
8 168 2
8 173 2
8 178 2
8 187 2
8 219 2
8 229 2
8 231 2
8 243 2
8 251 2
8 292 2
8 319 2
8 375 2
8 388 2
8 395 2
8 408 2
8 410 2
8 457 2
8 503 2
8 512 2
8 560 2
8 598 2
8 604 2
8 637 2
8 640 2
8 695 2
8 705 2
8 725 2
8 801 2
8 849 2
8 870 2
8 903 2
8 939 2
8 968 2
9 18 2
9 23 2
9 33 2
9 78 2
9 104 2
9 151 2
9 152 2
9 168 2
9 174 2
9 184 2
9 209 2
9 222 2
9 253 2
9 263 2
9 303 2
9 343 2
9 355 2
9 356 2
9 368 2
9 383 2
9 411 2
9 432 2
9 444 2
9 514 2
9 539 2
9 570 2
9 606 2
9 662 2
9 745 2
9 750 2
9 770 2
9 799 2
9 803 2
9 808 2
9 809 2
9 10 2
9 12 2
9 14 2
9 17 2
9 19 2
9 36 2
9 48 2
9 52 2
9 57 2
9 59 2
9 61 2
9 73 2
9 76 2
9 94 2
9 118 2
9 121 2
9 138 2
9 158 2
9 164 2
9 169 2
9 210 2
9 242 2
9 246 2
9 373 2
9 417 2
9 449 2
9 467 2
9 533 2
9 541 2
9 720 2
9 724 2
9 725 2
9 731 2
9 769 2
9 838 2
9 877 2
9 905 2
9 926 2
10 17 2
10 19 2
10 28 2
10 42 2
10 48 2
10 110 2
10 117 2
10 175 2
10 178 2
10 192 2
10 205 2
10 229 2
10 267 2
10 277 2
10 278 2
10 311 2
10 312 2
10 321 2
10 327 2
10 399 2
10 495 2
10 511 2
10 530 2
10 590 2
10 634 2
10 693 2
10 724 2
10 736 2
10 887 2
10 891 2
10 12 2
10 14 2
10 15 2
10 36 2
10 39 2
10 71 2
10 72 2
10 97 2
10 104 2
10 121 2
10 138 2
10 143 2
10 163 2
10 187 2
10 219 2
10 329 2
10 347 2
10 355 2
10 358 2
10 391 2
10 403 2
10 417 2
10 488 2
10 521 2
10 527 2
10 574 2
10 750 2
10 881 2
10 890 2
11 16 2
11 22 2
11 26 2
11 29 2
11 40 2
11 84 2
11 107 2
11 166 2
11 179 2
11 190 2
11 310 2
11 316 2
11 352 2
11 374 2
11 406 2
11 434 2
11 477 2
11 496 2
11 516 2
11 528 2
11 548 2
11 626 2
11 793 2
11 927 2
11 33 2
11 149 2
11 188 2
11 299 2
11 342 2
11 501 2
11 638 2
11 661 2
11 735 2
12 18 2
12 21 2
12 23 2
12 49 2
12 76 2
12 106 2
12 120 2
12 125 2
12 126 2
12 231 2
12 263 2
12 320 2
12 394 2
12 455 2
12 507 2
12 525 2
12 653 2
12 691 2
12 745 2
12 809 2
12 812 2
12 859 2
12 938 2
12 990 2
12 15 2
12 17 2
12 24 2
12 31 2
12 35 2
12 36 2
12 38 2
12 42 2
12 53 2
12 57 2
12 64 2
12 70 2
12 91 2
12 101 2
12 104 2
12 113 2
12 115 2
12 143 2
12 158 2
12 159 2
12 181 2
12 193 2
12 209 2
12 210 2
12 253 2
12 256 2
12 300 2
12 304 2
12 318 2
12 321 2
12 334 2
12 369 2
12 374 2
12 378 2
12 385 2
12 421 2
12 434 2
12 449 2
12 522 2
12 569 2
12 595 2
12 607 2
12 619 2
12 694 2
12 706 2
12 738 2
12 805 2
12 818 2
13 14 2
13 25 2
13 51 2
13 54 2
13 123 2
13 186 2
13 244 2
13 291 2
13 294 2
13 342 2
13 369 2
13 492 2
13 509 2
13 565 2
13 601 2
13 622 2
13 648 2
13 682 2
13 771 2
13 777 2
13 821 2
13 823 2
13 835 2
13 849 2
13 134 2
13 179 2
13 659 2
13 727 2
13 809 2
14 24 2
14 25 2
14 37 2
14 45 2
14 81 2
14 82 2
14 93 2
14 98 2
14 148 2
14 165 2
14 193 2
14 215 2
14 232 2
14 245 2
14 248 2
14 296 2
14 322 2
14 359 2
14 375 2
14 409 2
14 484 2
14 509 2
14 543 2
14 647 2
14 670 2
14 807 2
14 814 2
14 845 2
14 873 2
14 922 2
14 934 2
14 39 2
14 71 2
14 99 2
14 121 2
14 355 2
14 358 2
14 521 2
14 833 2
14 997 2
15 27 2
15 34 2
15 36 2
15 43 2
15 52 2
15 62 2
15 70 2
15 77 2
15 89 2
15 113 2
15 139 2
15 189 2
15 252 2
15 298 2
15 307 2
15 392 2
15 413 2
15 447 2
15 448 2
15 464 2
15 534 2
15 575 2
15 753 2
15 833 2
15 35 2
15 47 2
15 101 2
15 104 2
15 110 2
15 115 2
15 148 2
15 159 2
15 182 2
15 186 2
15 193 2
15 315 2
15 488 2
15 491 2
15 508 2
15 558 2
15 595 2
15 631 2
15 866 2
15 872 2
15 881 2
15 946 2
15 978 2
16 40 2
16 53 2
16 84 2
16 101 2
16 195 2
16 269 2
16 680 2
16 708 2
16 798 2
16 20 2
16 22 2
16 41 2
16 43 2
16 55 2
16 78 2
16 95 2
16 98 2
16 123 2
16 154 2
16 235 2
16 305 2
16 348 2
16 389 2
16 425 2
16 432 2
16 598 2
16 610 2
16 657 2
16 891 2
16 915 2
16 962 2
17 39 2
17 57 2
17 68 2
17 114 2
17 117 2
17 154 2
17 175 2
17 200 2
17 229 2
17 239 2
17 276 2
17 289 2
17 348 2
17 362 2
17 407 2
17 489 2
17 556 2
17 580 2
17 634 2
17 652 2
17 692 2
17 722 2
17 746 2
17 937 2
17 982 2
17 24 2
17 31 2
17 42 2
17 48 2
17 61 2
17 64 2
17 118 2
17 137 2
17 140 2
17 158 2
17 174 2
17 176 2
17 212 2
17 236 2
17 246 2
17 259 2
17 304 2
17 364 2
17 404 2
17 409 2
17 421 2
17 441 2
17 456 2
17 509 2
17 541 2
17 609 2
17 669 2
17 714 2
17 823 2
17 889 2
17 911 2
17 923 2
18 23 2
18 33 2
18 49 2
18 87 2
18 120 2
18 157 2
18 161 2
18 209 2
18 225 2
18 372 2
18 466 2
18 532 2
18 599 2
18 609 2
18 635 2
18 890 2
18 948 2
18 970 2
18 21 2
18 62 2
18 79 2
18 82 2
18 102 2
18 116 2
18 132 2
18 192 2
18 286 2
18 464 2
18 618 2
18 640 2
18 711 2
18 747 2
18 814 2
19 28 2
19 135 2
19 138 2
19 337 2
19 419 2
19 485 2
19 891 2
19 94 2
19 692 2
19 877 2
20 103 2
20 149 2
20 159 2
20 199 2
20 216 2
20 261 2
20 283 2
20 437 2
20 504 2
20 512 2
20 596 2
20 618 2
20 665 2
20 735 2
20 788 2
20 882 2
20 22 2
20 23 2
20 28 2
20 32 2
20 41 2
20 43 2
20 45 2
20 49 2
20 55 2
20 69 2
20 87 2
20 90 2
20 92 2
20 95 2
20 100 2
20 127 2
20 141 2
20 150 2
20 155 2
20 161 2
20 231 2
20 248 2
20 252 2
20 269 2
20 280 2
20 309 2
20 362 2
20 376 2
20 380 2
20 393 2
20 396 2
20 397 2
20 399 2
20 431 2
20 432 2
20 443 2
20 526 2
20 543 2
20 555 2
20 624 2
20 642 2
20 646 2
20 693 2
20 695 2
20 698 2
20 743 2
20 760 2
20 786 2
20 791 2
20 836 2
20 858 2
20 896 2
20 899 2
20 968 2
20 999 2
21 49 2
21 76 2
21 106 2
21 126 2
21 182 2
21 187 2
21 188 2
21 196 2
21 231 2
21 249 2
21 258 2
21 262 2
21 443 2
21 466 2
21 599 2
21 728 2
21 785 2
21 856 2
21 79 2
21 450 2
21 464 2
21 618 2
21 625 2
22 26 2
22 31 2
22 41 2
22 86 2
22 111 2
22 177 2
22 218 2
22 220 2
22 238 2
22 255 2
22 310 2
22 374 2
22 519 2
22 528 2
22 630 2
22 846 2
22 987 2
22 23 2
22 28 2
22 29 2
22 32 2
22 43 2
22 81 2
22 100 2
22 171 2
22 211 2
22 235 2
22 269 2
22 270 2
22 285 2
22 337 2
22 360 2
22 362 2
22 372 2
22 389 2
22 424 2
22 433 2
22 445 2
22 471 2
22 506 2
22 537 2
22 572 2
22 634 2
22 654 2
22 655 2
22 683 2
22 688 2
22 743 2
22 829 2
22 844 2
22 904 2
22 984 2
22 985 2
23 120 2
23 209 2
23 253 2
23 532 2
23 609 2
23 28 2
23 29 2
23 45 2
23 69 2
23 87 2
23 90 2
23 108 2
23 198 2
23 290 2
23 376 2
23 514 2
23 593 2
23 654 2
23 697 2
23 861 2
23 884 2
24 96 2
24 164 2
24 165 2
24 193 2
24 359 2
24 463 2
24 542 2
24 729 2
24 740 2
24 752 2
24 983 2
24 31 2
24 53 2
24 63 2
24 77 2
24 126 2
24 253 2
24 313 2
24 365 2
24 402 2
24 468 2
24 569 2
25 37 2
25 64 2
25 85 2
25 180 2
25 212 2
25 256 2
25 280 2
25 291 2
25 296 2
25 308 2
25 331 2
25 332 2
25 349 2
25 412 2
25 417 2
25 502 2
25 601 2
25 619 2
25 672 2
25 765 2
25 875 2
25 876 2
25 993 2
25 26 2
25 34 2
25 51 2
25 58 2
25 66 2
25 84 2
25 93 2
25 114 2
25 131 2
25 170 2
25 221 2
25 274 2
25 325 2
25 333 2
25 437 2
25 470 2
25 579 2
25 583 2
25 608 2
25 630 2
25 668 2
25 796 2
25 826 2
25 827 2
25 882 2
25 928 2
25 944 2
26 29 2
26 41 2
26 132 2
26 177 2
26 179 2
26 218 2
26 255 2
26 287 2
26 310 2
26 434 2
26 519 2
26 725 2
26 793 2
26 846 2
26 943 2
26 978 2
26 30 2
26 58 2
26 66 2
26 83 2
26 124 2
26 157 2
26 215 2
26 223 2
26 250 2
26 333 2
26 340 2
26 481 2
26 497 2
26 579 2
26 587 2
26 674 2
26 678 2
26 737 2
26 752 2
26 771 2
26 819 2
26 987 2
27 36 2
27 52 2
27 70 2
27 71 2
27 109 2
27 146 2
27 223 2
27 305 2
27 307 2
27 361 2
27 451 2
27 518 2
27 559 2
27 582 2
27 730 2
27 879 2
27 931 2
27 37 2
27 119 2
27 197 2
27 206 2
27 529 2
27 565 2
27 613 2
27 776 2
27 834 2
27 856 2
27 973 2
28 135 2
28 197 2
28 339 2
28 419 2
28 562 2
28 610 2
28 723 2
28 29 2
28 32 2
28 81 2
28 87 2
28 108 2
28 162 2
28 171 2
28 180 2
28 211 2
28 222 2
28 224 2
28 290 2
28 337 2
28 360 2
28 379 2
28 472 2
28 514 2
28 572 2
28 593 2
28 594 2
28 697 2
28 722 2
28 730 2
28 850 2
28 907 2
29 132 2
29 166 2
29 179 2
29 190 2
29 287 2
29 293 2
29 352 2
29 421 2
29 548 2
29 623 2
29 725 2
29 360 2
29 372 2
29 424 2
29 433 2
29 654 2
29 908 2
29 979 2
30 471 2
30 607 2
30 157 2
30 250 2
30 255 2
30 257 2
30 476 2
30 497 2
30 767 2
30 819 2
31 32 2
31 47 2
31 60 2
31 86 2
31 92 2
31 111 2
31 137 2
31 246 2
31 274 2
31 403 2
31 420 2
31 423 2
31 436 2
31 458 2
31 505 2
31 585 2
31 713 2
31 42 2
31 53 2
31 63 2
31 181 2
31 209 2
31 313 2
31 404 2
31 448 2
31 463 2
31 609 2
31 665 2
31 684 2
31 784 2
32 86 2
32 92 2
32 143 2
32 246 2
32 423 2
32 436 2
32 630 2
32 81 2
32 269 2
32 270 2
32 285 2
32 444 2
32 466 2
32 506 2
32 555 2
32 594 2
32 646 2
32 789 2
32 829 2
32 843 2
32 966 2
33 87 2
33 102 2
33 133 2
33 152 2
33 157 2
33 161 2
33 172 2
33 225 2
33 290 2
33 299 2
33 336 2
33 350 2
33 429 2
33 469 2
33 470 2
33 521 2
33 605 2
33 612 2
33 706 2
33 757 2
33 860 2
33 74 2
33 149 2
33 188 2
33 194 2
33 202 2
33 279 2
34 185 2
34 711 2
34 829 2
34 896 2
34 941 2
34 51 2
34 93 2
34 201 2
34 238 2
34 363 2
34 494 2
34 581 2
35 50 2
35 217 2
35 284 2
35 326 2
35 328 2
35 381 2
35 390 2
35 520 2
35 550 2
35 762 2
35 790 2
35 38 2
35 47 2
35 89 2
35 101 2
35 153 2
35 165 2
35 182 2
35 282 2
35 406 2
35 453 2
35 508 2
35 821 2
35 946 2
36 70 2
36 109 2
36 223 2
36 230 2
36 439 2
36 464 2
36 551 2
36 571 2
36 761 2
36 832 2
36 898 2
36 57 2
36 91 2
36 138 2
36 321 2
36 334 2
36 474 2
36 495 2
36 778 2
36 838 2
37 45 2
37 59 2
37 63 2
37 66 2
37 72 2
37 81 2
37 118 2
37 148 2
37 156 2
37 163 2
37 167 2
37 210 2
37 234 2
37 264 2
37 292 2
37 296 2
37 354 2
37 484 2
37 621 2
37 651 2
37 672 2
37 699 2
37 764 2
37 766 2
37 772 2
37 806 2
37 872 2
37 895 2
37 953 2
37 109 2
37 565 2
37 644 2
38 58 2
38 67 2
38 91 2
38 112 2
38 141 2
38 608 2
38 633 2
38 737 2
38 889 2
38 89 2
38 165 2
38 275 2
38 282 2
38 434 2
38 439 2
38 452 2
38 619 2
38 818 2
39 42 2
39 57 2
39 68 2
39 110 2
39 192 2
39 200 2
39 275 2
39 311 2
39 346 2
39 416 2
39 433 2
39 522 2
39 590 2
39 915 2
39 71 2
39 97 2
39 99 2
39 168 2
39 173 2
39 408 2
39 520 2
39 574 2
39 604 2
39 653 2
39 783 2
39 870 2
39 885 2
39 997 2
40 84 2
40 101 2
40 107 2
40 195 2
40 516 2
40 620 2
40 656 2
40 680 2
40 755 2
40 44 2
40 46 2
40 54 2
40 56 2
40 96 2
40 106 2
40 160 2
40 185 2
40 199 2
40 200 2
40 220 2
40 239 2
40 265 2
40 295 2
40 339 2
40 349 2
40 350 2
40 401 2
40 691 2
40 715 2
40 782 2
40 810 2
41 177 2
41 220 2
41 238 2
41 579 2
41 688 2
41 817 2
41 923 2
41 55 2
41 123 2
41 127 2
41 388 2
41 693 2
41 839 2
41 914 2
41 962 2
42 48 2
42 57 2
42 110 2
42 154 2
42 239 2
42 275 2
42 278 2
42 289 2
42 416 2
42 522 2
42 787 2
42 904 2
42 915 2
42 64 2
42 70 2
42 75 2
42 88 2
42 112 2
42 196 2
42 203 2
42 209 2
42 262 2
42 287 2
42 302 2
42 307 2
42 364 2
42 404 2
42 448 2
42 455 2
42 456 2
42 559 2
42 684 2
42 706 2
42 714 2
42 726 2
42 840 2
42 867 2
42 998 2
43 46 2
43 62 2
43 65 2
43 77 2
43 140 2
43 153 2
43 189 2
43 206 2
43 240 2
43 282 2
43 298 2
43 302 2
43 324 2
43 392 2
43 448 2
43 449 2
43 453 2
43 524 2
43 667 2
43 743 2
43 747 2
43 871 2
43 944 2
43 100 2
43 235 2
43 252 2
43 280 2
43 336 2
43 432 2
43 445 2
43 486 2
43 642 2
43 690 2
43 791 2
43 891 2
44 604 2
44 686 2
44 54 2
44 68 2
44 220 2
44 312 2
44 394 2
44 500 2
44 532 2
44 691 2
44 710 2
45 59 2
45 72 2
45 75 2
45 79 2
45 81 2
45 82 2
45 93 2
45 98 2
45 100 2
45 105 2
45 118 2
45 122 2
45 124 2
45 129 2
45 147 2
45 156 2
45 167 2
45 173 2
45 203 2
45 215 2
45 227 2
45 233 2
45 234 2
45 270 2
45 335 2
45 365 2
45 396 2
45 400 2
45 404 2
45 410 2
45 424 2
45 431 2
45 529 2
45 546 2
45 587 2
45 627 2
45 696 2
45 707 2
45 804 2
45 971 2
45 49 2
45 69 2
45 296 2
45 648 2
46 65 2
46 80 2
46 88 2
46 127 2
46 144 2
46 183 2
46 221 2
46 281 2
46 282 2
46 306 2
46 340 2
46 357 2
46 387 2
46 545 2
46 674 2
46 683 2
46 744 2
46 769 2
46 776 2
46 824 2
46 826 2
46 848 2
46 854 2
46 864 2
46 56 2
46 96 2
46 122 2
46 230 2
46 295 2
46 327 2
46 489 2
46 547 2
46 909 2
47 60 2
47 131 2
47 247 2
47 272 2
47 458 2
47 646 2
47 918 2
47 986 2
47 110 2
47 153 2
47 182 2
47 491 2
47 739 2
47 952 2
48 117 2
48 239 2
48 276 2
48 278 2
48 600 2
48 681 2
48 787 2
48 904 2
48 52 2
48 59 2
48 61 2
48 80 2
48 85 2
48 103 2
48 146 2
48 147 2
48 176 2
48 212 2
48 234 2
48 330 2
48 331 2
48 407 2
48 441 2
48 442 2
48 509 2
48 511 2
48 651 2
48 708 2
48 773 2
48 777 2
48 790 2
48 880 2
48 911 2
48 924 2
48 938 2
49 106 2
49 188 2
49 466 2
49 785 2
49 92 2
49 150 2
49 177 2
49 204 2
49 208 2
49 296 2
49 371 2
49 397 2
49 462 2
49 483 2
49 519 2
49 686 2
49 804 2
49 808 2
50 116 2
50 136 2
50 284 2
50 317 2
50 326 2
50 328 2
50 391 2
50 435 2
50 459 2
50 461 2
50 468 2
50 491 2
50 520 2
50 617 2
50 762 2
50 906 2
50 151 2
50 276 2
50 297 2
50 346 2
50 370 2
50 423 2
50 440 2
50 989 2
51 54 2
51 64 2
51 85 2
51 90 2
51 97 2
51 99 2
51 108 2
51 128 2
51 162 2
51 181 2
51 214 2
51 224 2
51 226 2
51 291 2
51 297 2
51 313 2
51 369 2
51 480 2
51 494 2
51 497 2
51 503 2
51 531 2
51 614 2
51 645 2
51 648 2
51 810 2
51 823 2
51 170 2
51 195 2
51 221 2
51 238 2
51 316 2
51 325 2
51 470 2
51 482 2
51 635 2
51 871 2
51 893 2
52 71 2
52 89 2
52 113 2
52 134 2
52 426 2
52 741 2
52 59 2
52 80 2
52 85 2
52 103 2
52 130 2
52 146 2
52 147 2
52 191 2
52 217 2
52 234 2
52 237 2
52 245 2
52 258 2
52 320 2
52 496 2
52 590 2
52 602 2
52 758 2
52 769 2
52 775 2
52 902 2
52 926 2
52 930 2
52 967 2
53 55 2
53 61 2
53 69 2
53 115 2
53 202 2
53 269 2
53 315 2
53 445 2
53 640 2
53 813 2
53 916 2
53 956 2
53 957 2
53 63 2
53 77 2
53 126 2
53 142 2
53 167 2
53 172 2
53 181 2
53 241 2
53 301 2
53 314 2
53 365 2
53 374 2
53 378 2
53 707 2
53 784 2
53 875 2
53 964 2
54 108 2
54 181 2
54 244 2
54 251 2
54 286 2
54 353 2
54 369 2
54 480 2
54 492 2
54 544 2
54 553 2
54 565 2
54 716 2
54 721 2
54 821 2
54 861 2
54 913 2
54 935 2
54 976 2
54 985 2
54 989 2
54 350 2
54 691 2
55 61 2
55 69 2
55 115 2
55 378 2
55 454 2
55 476 2
55 506 2
55 537 2
55 558 2
55 640 2
55 705 2
55 819 2
55 842 2
55 95 2
55 98 2
55 127 2
55 144 2
55 155 2
55 166 2
55 305 2
55 380 2
55 562 2
55 729 2
55 786 2
55 839 2
55 899 2
55 962 2
56 300 2
56 822 2
56 96 2
56 185 2
56 200 2
56 207 2
56 429 2
56 517 2
56 544 2
56 612 2
56 751 2
56 862 2
56 947 2
56 980 2
57 68 2
57 114 2
57 130 2
57 145 2
57 154 2
57 275 2
57 338 2
57 346 2
57 348 2
57 556 2
57 564 2
57 576 2
57 616 2
57 660 2
57 937 2
57 939 2
57 91 2
57 113 2
57 318 2
57 386 2
57 449 2
57 515 2
57 805 2
57 838 2
58 67 2
58 74 2
58 112 2
58 319 2
58 633 2
58 659 2
58 820 2
58 66 2
58 83 2
58 84 2
58 86 2
58 107 2
58 114 2
58 117 2
58 124 2
58 131 2
58 215 2
58 244 2
58 274 2
58 288 2
58 293 2
58 332 2
58 335 2
58 345 2
58 415 2
58 446 2
58 570 2
58 587 2
58 600 2
58 626 2
58 671 2
58 732 2
58 741 2
58 771 2
58 788 2
58 826 2
58 828 2
58 854 2
58 895 2
58 927 2
59 63 2
59 72 2
59 75 2
59 79 2
59 105 2
59 163 2
59 171 2
59 203 2
59 207 2
59 243 2
59 268 2
59 292 2
59 301 2
59 309 2
59 364 2
59 396 2
59 663 2
59 792 2
59 844 2
59 872 2
59 895 2
59 929 2
59 949 2
59 80 2
59 130 2
59 191 2
59 217 2
59 511 2
59 633 2
59 708 2
59 745 2
59 758 2
59 920 2
60 65 2
60 136 2
60 175 2
60 184 2
60 438 2
60 458 2
60 794 2
61 69 2
61 202 2
61 454 2
61 476 2
61 486 2
61 558 2
61 641 2
61 118 2
61 137 2
61 140 2
61 152 2
61 212 2
61 259 2
61 331 2
61 373 2
61 531 2
62 153 2
62 155 2
62 189 2
62 235 2
62 266 2
62 302 2
62 325 2
62 534 2
62 569 2
62 868 2
62 67 2
62 82 2
62 102 2
62 125 2
62 132 2
62 139 2
62 216 2
62 310 2
62 352 2
62 416 2
62 430 2
62 475 2
62 503 2
62 553 2
62 636 2
62 687 2
62 728 2
62 770 2
63 66 2
63 163 2
63 207 2
63 243 2
63 360 2
63 637 2
63 644 2
63 699 2
63 981 2
63 77 2
63 167 2
63 241 2
63 254 2
63 261 2
63 268 2
63 313 2
63 485 2
63 566 2
63 753 2
63 784 2
63 964 2
64 85 2
64 90 2
64 94 2
64 97 2
64 180 2
64 214 2
64 280 2
64 297 2
64 308 2
64 333 2
64 483 2
64 513 2
64 531 2
64 557 2
64 598 2
64 779 2
64 810 2
64 963 2
64 996 2
64 70 2
64 75 2
64 120 2
64 300 2
64 306 2
64 364 2
64 385 2
64 400 2
64 413 2
64 617 2
64 680 2
65 140 2
65 169 2
65 228 2
65 240 2
65 273 2
65 314 2
65 366 2
65 714 2
65 732 2
65 910 2
65 128 2
65 324 2
65 557 2
65 774 2
65 794 2
65 981 2
66 210 2
66 360 2
66 566 2
66 583 2
66 644 2
66 981 2
66 83 2
66 84 2
66 86 2
66 107 2
66 293 2
66 333 2
66 340 2
66 420 2
66 586 2
66 674 2
66 732 2
66 975 2
67 74 2
67 121 2
67 319 2
67 633 2
67 737 2
67 820 2
67 866 2
67 889 2
67 139 2
67 503 2
67 797 2
68 114 2
68 130 2
68 200 2
68 652 2
68 692 2
68 722 2
68 982 2
68 312 2
68 341 2
68 500 2
68 965 2
69 115 2
69 202 2
69 445 2
69 454 2
69 486 2
69 506 2
69 641 2
69 956 2
69 969 2
69 376 2
69 393 2
69 696 2
69 701 2
70 109 2
70 230 2
70 307 2
70 439 2
70 464 2
70 75 2
70 88 2
70 105 2
70 112 2
70 120 2
70 203 2
70 218 2
70 225 2
70 260 2
70 300 2
70 387 2
70 400 2
70 413 2
70 487 2
70 510 2
70 538 2
70 568 2
70 585 2
70 680 2
70 726 2
70 842 2
70 848 2
70 879 2
70 897 2
71 134 2
71 305 2
71 521 2
71 574 2
71 653 2
71 890 2
71 997 2
72 105 2
72 156 2
72 171 2
72 268 2
72 351 2
72 410 2
72 675 2
72 731 2
72 804 2
72 895 2
72 178 2
72 187 2
72 251 2
72 294 2
72 317 2
72 347 2
72 403 2
72 502 2
72 785 2
72 824 2
72 903 2
72 942 2
72 961 2
73 78 2
73 151 2
73 168 2
73 241 2
73 288 2
73 538 2
73 540 2
73 784 2
73 808 2
73 888 2
73 76 2
73 164 2
73 190 2
73 229 2
73 375 2
73 505 2
73 507 2
73 672 2
73 725 2
73 948 2
74 121 2
74 319 2
74 659 2
74 202 2
74 226 2
74 279 2
74 392 2
74 685 2
74 704 2
74 892 2
75 79 2
75 122 2
75 124 2
75 158 2
75 170 2
75 270 2
75 335 2
75 364 2
75 386 2
75 415 2
75 430 2
75 456 2
75 591 2
75 631 2
75 791 2
75 844 2
75 897 2
75 900 2
75 909 2
75 930 2
75 945 2
75 88 2
75 105 2
75 120 2
75 196 2
75 218 2
75 306 2
75 307 2
75 418 2
75 419 2
75 563 2
75 585 2
75 656 2
75 699 2
75 830 2
75 867 2
76 187 2
76 231 2
76 334 2
76 394 2
76 552 2
76 967 2
76 164 2
76 169 2
76 190 2
76 205 2
76 505 2
76 606 2
76 948 2
77 298 2
77 413 2
77 524 2
77 577 2
77 743 2
77 833 2
77 126 2
77 142 2
77 167 2
77 301 2
77 707 2
78 151 2
78 174 2
78 184 2
78 208 2
78 222 2
78 241 2
78 242 2
78 318 2
78 355 2
78 363 2
78 388 2
78 402 2
78 499 2
78 539 2
78 611 2
78 678 2
78 720 2
78 778 2
78 893 2
78 962 2
78 975 2
78 997 2
78 326 2
78 328 2
78 405 2
78 610 2
78 657 2
78 845 2
79 124 2
79 158 2
79 170 2
79 194 2
79 203 2
79 301 2
79 364 2
79 400 2
79 430 2
79 442 2
79 460 2
79 475 2
79 572 2
79 668 2
79 715 2
79 899 2
79 909 2
79 464 2
80 88 2
80 127 2
80 329 2
80 545 2
80 854 2
80 932 2
80 130 2
80 146 2
80 237 2
80 511 2
80 633 2
80 902 2
81 118 2
81 148 2
81 627 2
81 171 2
81 270 2
81 444 2
81 466 2
81 537 2
81 594 2
81 597 2
81 712 2
81 789 2
81 843 2
82 93 2
82 404 2
82 431 2
82 102 2
82 116 2
82 125 2
82 192 2
82 216 2
82 271 2
82 310 2
82 352 2
82 430 2
82 475 2
82 687 2
82 711 2
82 721 2
82 756 2
83 191 2
83 384 2
83 523 2
83 874 2
83 107 2
83 124 2
83 340 2
83 420 2
83 586 2
84 101 2
84 107 2
84 755 2
84 86 2
84 114 2
84 117 2
84 183 2
84 288 2
84 335 2
84 354 2
84 356 2
84 368 2
84 398 2
84 414 2
84 427 2
84 437 2
84 446 2
84 647 2
84 956 2
84 990 2
85 90 2
85 94 2
85 103 2
85 880 2
86 423 2
87 102 2
87 133 2
87 285 2
87 299 2
87 336 2
87 350 2
87 372 2
87 470 2
87 521 2
87 535 2
87 758 2
87 780 2
87 890 2
87 948 2
87 90 2
87 108 2
87 162 2
87 180 2
87 198 2
87 224 2
87 351 2
87 411 2
87 589 2
87 760 2
87 883 2
87 916 2
88 127 2
88 144 2
88 329 2
88 674 2
88 105 2
88 112 2
88 196 2
88 225 2
88 287 2
88 302 2
88 387 2
88 419 2
88 510 2
88 563 2
88 616 2
88 652 2
88 699 2
88 830 2
89 113 2
89 252 2
89 426 2
89 741 2
89 165 2
89 275 2
89 406 2
89 439 2
89 480 2
90 94 2
90 97 2
90 99 2
90 162 2
90 176 2
90 257 2
90 265 2
90 313 2
90 816 2
90 198 2
90 760 2
90 883 2
91 219 2
91 377 2
91 465 2
91 608 2
91 775 2
91 113 2
91 321 2
91 386 2
91 474 2
91 495 2
91 513 2
91 539 2
91 611 2
91 778 2
91 846 2
91 951 2
92 137 2
92 143 2
92 246 2
92 274 2
92 422 2
92 150 2
92 177 2
92 204 2
92 213 2
92 248 2
92 311 2
92 366 2
92 443 2
92 519 2
92 543 2
92 546 2
92 601 2
92 658 2
92 858 2
93 98 2
93 100 2
93 119 2
93 232 2
93 233 2
93 250 2
93 279 2
93 323 2
93 389 2
93 494 2
94 692 2
94 731 2
94 986 2
95 150 2
95 199 2
95 213 2
95 261 2
95 788 2
95 98 2
95 144 2
95 348 2
95 562 2
95 729 2
95 899 2
96 142 2
96 164 2
96 542 2
96 200 2
96 295 2
96 429 2
96 528 2
96 544 2
97 99 2
97 128 2
97 198 2
97 236 2
97 385 2
97 457 2
97 467 2
97 472 2
97 840 2
97 942 2
97 163 2
97 173 2
97 560 2
97 885 2
98 100 2
98 119 2
98 129 2
98 215 2
98 232 2
98 245 2
98 248 2
98 322 2
98 323 2
98 696 2
98 903 2
98 144 2
98 166 2
98 305 2
98 348 2
98 425 2
98 459 2
98 915 2
98 933 2
99 128 2
99 162 2
99 176 2
99 198 2
99 236 2
99 257 2
99 265 2
99 385 2
99 536 2
99 581 2
99 628 2
99 645 2
99 658 2
99 702 2
99 801 2
99 892 2
99 168 2
100 119 2
100 129 2
100 233 2
100 250 2
100 279 2
100 424 2
100 742 2
100 786 2
100 252 2
100 336 2
100 362 2
100 683 2
100 812 2
100 836 2
100 904 2
101 115 2
101 558 2
101 676 2
101 733 2
102 157 2
102 299 2
102 605 2
102 757 2
102 780 2
102 783 2
102 132 2
102 192 2
102 216 2
102 271 2
102 286 2
102 564 2
102 756 2
102 770 2
103 149 2
103 204 2
103 283 2
103 344 2
103 358 2
103 629 2
103 665 2
103 712 2
103 902 2
103 951 2
103 999 2
103 147 2
103 245 2
103 320 2
103 330 2
103 548 2
103 689 2
103 775 2
103 787 2
103 880 2
103 945 2
104 125 2
104 570 2
104 745 2
104 990 2
104 143 2
104 193 2
104 256 2
104 329 2
104 369 2
104 412 2
104 607 2
104 621 2
104 881 2
105 171 2
105 396 2
105 792 2
105 971 2
105 510 2
105 563 2
105 585 2
105 616 2
105 897 2
106 126 2
106 182 2
106 188 2
106 196 2
106 455 2
106 490 2
106 624 2
106 700 2
106 160 2
106 629 2
106 715 2
107 755 2
107 293 2
107 420 2
107 600 2
108 181 2
108 224 2
108 353 2
108 398 2
108 497 2
108 541 2
108 614 2
108 861 2
108 924 2
108 162 2
108 222 2
108 290 2
108 379 2
108 722 2
108 746 2
108 762 2
108 884 2
109 223 2
109 230 2
109 361 2
109 551 2
109 592 2
109 782 2
109 800 2
109 998 2
110 311 2
110 522 2
110 148 2
110 952 2
111 505 2
111 247 2
111 263 2
111 277 2
111 322 2
111 353 2
111 422 2
111 523 2
111 713 2
111 803 2
111 820 2
111 853 2
112 141 2
112 685 2
112 805 2
112 203 2
112 225 2
112 260 2
112 262 2
112 323 2
112 357 2
112 516 2
112 549 2
112 649 2
112 719 2
112 842 2
112 848 2
113 426 2
113 318 2
113 386 2
113 515 2
114 130 2
114 145 2
114 348 2
114 362 2
114 564 2
114 652 2
114 746 2
114 760 2
114 117 2
114 183 2
114 274 2
114 437 2
114 608 2
114 647 2
114 671 2
115 378 2
115 445 2
115 506 2
115 537 2
115 705 2
115 813 2
115 819 2
115 842 2
115 920 2
115 969 2
115 159 2
115 186 2
115 273 2
115 558 2
115 676 2
115 733 2
116 136 2
116 317 2
116 438 2
116 461 2
116 468 2
116 961 2
116 968 2
116 711 2
117 276 2
117 600 2
117 634 2
117 681 2
117 183 2
117 288 2
117 332 2
117 345 2
117 354 2
117 356 2
117 414 2
117 427 2
117 492 2
117 499 2
117 671 2
117 847 2
117 851 2
117 935 2
117 949 2
118 627 2
118 137 2
118 152 2
118 373 2
118 467 2
118 734 2
118 868 2
119 279 2
119 197 2
119 233 2
119 240 2
119 249 2
119 283 2
119 284 2
119 343 2
119 426 2
119 571 2
119 709 2
119 716 2
119 755 2
119 763 2
119 776 2
119 834 2
119 973 2
119 982 2
120 609 2
120 218 2
120 306 2
120 400 2
120 418 2
120 568 2
120 617 2
121 355 2
121 417 2
121 527 2
121 535 2
121 677 2
121 750 2
121 954 2
122 147 2
122 270 2
122 791 2
122 921 2
122 133 2
122 230 2
122 298 2
122 327 2
122 547 2
122 627 2
122 909 2
123 186 2
123 237 2
123 260 2
123 271 2
123 294 2
123 295 2
123 687 2
123 777 2
123 154 2
123 243 2
123 388 2
123 410 2
124 158 2
124 194 2
124 335 2
124 365 2
124 376 2
124 386 2
124 400 2
124 405 2
124 415 2
124 428 2
124 456 2
124 474 2
124 475 2
124 589 2
124 602 2
124 704 2
124 717 2
124 965 2
124 973 2
125 507 2
125 825 2
125 938 2
125 352 2
125 416 2
126 182 2
126 455 2
126 490 2
126 624 2
126 700 2
126 812 2
126 859 2
126 142 2
126 172 2
126 314 2
126 365 2
126 402 2
126 468 2
126 542 2
126 910 2
127 387 2
127 854 2
127 155 2
127 431 2
127 693 2
127 839 2
127 914 2
128 129 2
128 264 2
128 267 2
128 324 2
128 451 2
128 493 2
128 557 2
128 887 2
128 981 2
129 696 2
129 903 2
129 135 2
129 156 2
129 264 2
129 267 2
129 289 2
129 291 2
129 338 2
129 498 2
129 554 2
129 988 2
129 994 2
130 145 2
130 338 2
130 500 2
130 554 2
130 576 2
130 191 2
130 258 2
130 633 2
130 745 2
131 211 2
131 247 2
131 272 2
131 427 2
131 487 2
131 646 2
131 986 2
131 415 2
131 630 2
131 668 2
131 792 2
131 825 2
131 826 2
131 912 2
132 286 2
132 564 2
132 747 2
132 770 2
132 772 2
133 172 2
133 285 2
133 290 2
133 928 2
133 145 2
133 298 2
133 383 2
133 627 2
134 179 2
134 214 2
134 227 2
134 381 2
134 390 2
134 584 2
134 615 2
134 659 2
134 727 2
134 795 2
134 925 2
134 937 2
134 941 2
135 138 2
135 160 2
135 197 2
135 254 2
135 330 2
135 337 2
135 339 2
135 370 2
135 440 2
135 485 2
135 493 2
135 610 2
135 676 2
135 689 2
135 723 2
135 748 2
135 751 2
135 759 2
135 156 2
135 554 2
135 749 2
135 994 2
136 438 2
136 567 2
136 968 2
136 175 2
136 458 2
136 473 2
136 484 2
137 422 2
137 713 2
137 140 2
137 152 2
137 174 2
137 189 2
137 660 2
137 702 2
137 734 2
137 761 2
137 863 2
137 921 2
138 160 2
138 485 2
138 748 2
138 751 2
139 797 2
140 169 2
140 206 2
140 228 2
140 240 2
140 273 2
140 555 2
140 584 2
140 654 2
140 944 2
140 174 2
140 189 2
140 236 2
140 259 2
140 702 2
141 685 2
141 805 2
141 847 2
141 161 2
141 309 2
141 395 2
141 396 2
141 526 2
142 560 2
142 697 2
142 172 2
142 707 2
143 256 2
143 329 2
143 412 2
144 183 2
144 306 2
144 166 2
144 562 2
144 933 2
145 338 2
145 500 2
145 616 2
145 939 2
145 383 2
145 632 2
145 865 2
146 379 2
146 451 2
146 508 2
146 518 2
146 559 2
146 669 2
146 234 2
146 237 2
146 407 2
146 428 2
146 534 2
146 590 2
146 675 2
146 938 2
146 969 2
147 245 2
147 330 2
147 602 2
148 315 2
148 623 2
148 872 2
149 283 2
149 344 2
149 437 2
149 501 2
149 512 2
149 596 2
149 712 2
149 995 2
149 194 2
149 232 2
149 342 2
149 622 2
149 780 2
149 869 2
150 261 2
150 504 2
150 679 2
150 882 2
150 177 2
150 208 2
150 397 2
150 543 2
150 601 2
151 168 2
151 184 2
151 288 2
151 356 2
151 371 2
151 538 2
151 540 2
151 561 2
151 573 2
151 701 2
151 773 2
151 852 2
151 272 2
151 276 2
151 308 2
151 525 2
151 816 2
151 989 2
152 514 2
152 606 2
152 860 2
152 734 2
152 863 2
153 155 2
153 325 2
153 449 2
153 517 2
153 739 2
154 243 2
154 292 2
154 742 2
155 235 2
155 325 2
155 414 2
155 517 2
155 569 2
155 380 2
155 431 2
156 167 2
156 173 2
156 227 2
156 264 2
156 382 2
156 397 2
156 410 2
156 526 2
156 546 2
156 587 2
156 595 2
156 615 2
156 731 2
156 766 2
156 794 2
156 880 2
156 894 2
156 979 2
156 554 2
157 161 2
157 970 2
157 250 2
157 255 2
157 382 2
157 384 2
157 476 2
157 779 2
158 170 2
158 194 2
158 405 2
158 456 2
158 589 2
158 899 2
158 900 2
158 945 2
158 973 2
158 210 2
158 242 2
158 246 2
158 304 2
158 409 2
158 522 2
158 645 2
159 216 2
159 618 2
159 863 2
159 186 2
159 273 2
159 595 2
159 835 2
160 254 2
160 493 2
160 533 2
160 642 2
160 748 2
160 802 2
160 199 2
160 504 2
161 225 2
161 635 2
161 970 2
161 231 2
161 309 2
161 395 2
161 399 2
161 637 2
162 176 2
162 313 2
162 536 2
162 645 2
162 781 2
162 816 2
162 870 2
162 180 2
162 222 2
162 351 2
162 411 2
162 472 2
162 589 2
162 614 2
162 730 2
162 746 2
163 207 2
163 292 2
163 309 2
163 772 2
163 929 2
163 219 2
163 560 2
163 705 2
164 948 2
165 359 2
165 463 2
165 729 2
165 752 2
165 845 2
165 934 2
165 946 2
165 282 2
165 406 2
165 439 2
165 453 2
165 480 2
166 190 2
166 933 2
167 173 2
167 234 2
167 264 2
167 382 2
167 397 2
167 657 2
167 979 2
167 241 2
167 254 2
167 261 2
167 268 2
167 301 2
167 477 2
167 530 2
167 566 2
167 591 2
167 703 2
168 288 2
168 356 2
168 371 2
168 632 2
168 773 2
168 808 2
168 950 2
168 604 2
169 228 2
169 259 2
169 314 2
169 393 2
169 462 2
169 584 2
169 714 2
169 811 2
169 533 2
170 430 2
170 442 2
170 460 2
170 945 2
170 195 2
170 221 2
170 482 2
171 268 2
171 351 2
171 380 2
171 885 2
171 991 2
171 211 2
171 537 2
171 597 2
171 984 2
172 290 2
172 928 2
172 314 2
172 542 2
172 910 2
173 227 2
173 397 2
173 526 2
173 615 2
173 657 2
173 794 2
173 408 2
173 520 2
173 576 2
173 885 2
174 208 2
174 303 2
174 539 2
174 778 2
174 189 2
174 236 2
174 660 2
174 923 2
174 950 2
175 178 2
175 205 2
175 229 2
175 277 2
175 407 2
175 489 2
175 495 2
175 767 2
175 184 2
175 266 2
175 458 2
175 991 2
176 257 2
176 536 2
176 781 2
176 801 2
176 816 2
176 870 2
176 892 2
176 442 2
176 561 2
176 651 2
176 663 2
176 924 2
176 929 2
177 218 2
177 238 2
177 923 2
177 943 2
177 208 2
178 205 2
178 267 2
178 327 2
178 399 2
178 511 2
178 294 2
178 317 2
178 319 2
178 552 2
178 650 2
178 903 2
178 976 2
179 287 2
179 293 2
179 352 2
179 421 2
179 978 2
179 381 2
179 575 2
179 584 2
179 659 2
179 673 2
179 809 2
179 995 2
180 212 2
180 280 2
180 333 2
180 341 2
180 408 2
180 557 2
180 613 2
180 666 2
180 779 2
180 996 2
180 224 2
180 351 2
181 224 2
181 353 2
181 398 2
181 480 2
181 503 2
181 553 2
181 586 2
181 643 2
181 985 2
181 374 2
181 875 2
182 490 2
182 491 2
182 508 2
182 978 2
183 221 2
183 306 2
183 357 2
183 446 2
183 744 2
183 826 2
183 848 2
183 855 2
183 911 2
183 414 2
184 222 2
184 343 2
184 383 2
184 479 2
184 547 2
184 795 2
184 799 2
184 266 2
184 991 2
185 711 2
185 829 2
185 896 2
185 207 2
185 239 2
185 540 2
185 612 2
185 810 2
185 815 2
186 271 2
186 294 2
186 342 2
186 273 2
186 835 2
187 249 2
187 262 2
187 334 2
187 597 2
187 661 2
187 728 2
187 867 2
187 251 2
187 347 2
187 391 2
187 577 2
188 196 2
188 856 2
189 302 2
189 392 2
189 534 2
189 575 2
189 660 2
189 702 2
189 761 2
189 921 2
189 950 2
190 205 2
190 435 2
190 505 2
190 672 2
191 201 2
191 384 2
191 874 2
191 217 2
191 258 2
192 590 2
193 983 2
193 607 2
194 405 2
194 602 2
194 899 2
194 232 2
194 780 2
195 425 2
195 620 2
195 656 2
195 680 2
195 708 2
195 798 2
195 966 2
195 316 2
195 482 2
196 856 2
196 287 2
196 307 2
196 419 2
196 455 2
196 559 2
196 628 2
196 652 2
196 998 2
197 339 2
197 562 2
197 206 2
197 249 2
197 377 2
197 469 2
197 567 2
197 573 2
197 776 2
197 799 2
198 236 2
198 942 2
199 213 2
199 788 2
199 265 2
199 504 2
199 536 2
199 603 2
199 641 2
199 918 2
200 429 2
200 517 2
200 528 2
200 970 2
200 996 2
201 749 2
201 363 2
202 279 2
203 301 2
203 572 2
203 262 2
203 323 2
203 357 2
203 726 2
203 842 2
203 879 2
204 629 2
204 902 2
204 951 2
204 213 2
204 311 2
204 519 2
204 658 2
204 686 2
204 766 2
204 804 2
204 808 2
205 267 2
205 277 2
205 321 2
205 549 2
205 593 2
205 435 2
205 551 2
205 606 2
205 664 2
206 453 2
206 944 2
206 377 2
206 469 2
206 479 2
206 856 2
207 243 2
207 309 2
207 637 2
207 663 2
207 540 2
207 612 2
207 751 2
208 242 2
208 778 2
209 532 2
209 684 2
209 706 2
210 354 2
210 621 2
210 651 2
210 664 2
210 827 2
210 953 2
210 242 2
210 522 2
210 645 2
211 427 2
211 450 2
211 337 2
211 844 2
212 256 2
212 408 2
212 331 2
212 441 2
212 531 2
212 913 2
213 311 2
213 546 2
213 766 2
213 806 2
214 226 2
214 297 2
214 483 2
214 494 2
214 227 2
214 228 2
214 390 2
214 447 2
214 461 2
214 615 2
214 795 2
215 245 2
215 543 2
215 647 2
215 223 2
215 244 2
215 587 2
215 678 2
215 987 2
216 618 2
216 735 2
216 863 2
216 271 2
216 310 2
216 721 2
217 381 2
217 758 2
218 255 2
218 943 2
218 568 2
219 377 2
219 775 2
219 789 2
219 705 2
220 579 2
220 688 2
220 339 2
220 394 2
220 401 2
220 723 2
220 873 2
221 281 2
221 340 2
221 357 2
221 367 2
221 373 2
221 446 2
221 690 2
221 855 2
221 917 2
221 926 2
221 958 2
221 325 2
222 343 2
222 355 2
222 368 2
222 432 2
222 444 2
222 479 2
222 770 2
222 831 2
222 901 2
222 962 2
222 379 2
222 472 2
222 746 2
222 762 2
222 850 2
223 361 2
223 592 2
223 931 2
223 998 2
223 481 2
223 987 2
224 398 2
224 503 2
224 586 2
225 635 2
225 260 2
225 387 2
225 487 2
225 516 2
225 588 2
226 392 2
226 685 2
226 874 2
226 963 2
227 526 2
227 546 2
227 595 2
227 694 2
227 838 2
227 947 2
227 228 2
227 278 2
227 925 2
227 934 2
228 314 2
228 366 2
228 584 2
228 732 2
228 278 2
229 407 2
229 375 2
229 507 2
230 439 2
230 551 2
230 571 2
230 761 2
230 782 2
230 832 2
230 489 2
230 547 2
230 682 2
231 695 2
232 322 2
232 323 2
232 375 2
232 389 2
232 481 2
232 594 2
232 622 2
232 780 2
233 250 2
233 424 2
233 742 2
233 786 2
233 240 2
233 283 2
233 599 2
234 407 2
234 428 2
234 590 2
234 675 2
234 773 2
234 790 2
234 930 2
235 266 2
235 304 2
235 414 2
235 488 2
235 569 2
235 868 2
235 445 2
236 385 2
236 457 2
236 581 2
236 628 2
236 658 2
236 942 2
236 988 2
236 923 2
237 260 2
237 295 2
237 401 2
237 636 2
237 877 2
237 972 2
237 902 2
238 923 2
239 289 2
239 580 2
239 904 2
239 974 2
239 782 2
239 810 2
239 815 2
240 273 2
240 555 2
240 343 2
240 550 2
240 599 2
240 639 2
240 755 2
241 388 2
241 402 2
241 441 2
241 473 2
241 574 2
241 784 2
241 254 2
241 485 2
241 807 2
241 832 2
241 964 2
242 318 2
242 347 2
242 975 2
243 637 2
243 663 2
243 292 2
243 410 2
243 742 2
243 939 2
244 251 2
244 286 2
244 673 2
244 698 2
244 821 2
244 843 2
244 851 2
244 954 2
244 976 2
244 927 2
245 248 2
245 409 2
245 543 2
245 670 2
245 320 2
245 496 2
245 548 2
245 602 2
245 689 2
246 274 2
246 403 2
246 420 2
246 436 2
246 409 2
246 541 2
247 918 2
247 986 2
247 263 2
247 281 2
247 344 2
247 359 2
247 478 2
247 820 2
248 409 2
248 366 2
248 443 2
248 698 2
249 258 2
249 262 2
249 443 2
249 597 2
249 661 2
249 768 2
249 571 2
249 763 2
250 742 2
250 255 2
250 382 2
250 454 2
250 490 2
250 497 2
250 752 2
250 779 2
250 974 2
251 286 2
251 544 2
251 625 2
251 673 2
251 843 2
251 851 2
252 753 2
252 280 2
252 336 2
252 486 2
252 690 2
252 812 2
252 955 2
253 263 2
253 525 2
253 569 2
254 330 2
254 493 2
254 533 2
254 689 2
254 261 2
254 485 2
254 753 2
254 807 2
254 832 2
254 932 2
255 519 2
255 382 2
255 384 2
255 454 2
255 476 2
255 767 2
255 813 2
255 943 2
256 417 2
256 578 2
256 876 2
256 369 2
256 621 2
257 265 2
257 702 2
257 801 2
258 443 2
259 393 2
259 395 2
259 727 2
260 636 2
260 516 2
261 504 2
261 679 2
261 268 2
261 477 2
262 728 2
262 323 2
263 525 2
263 281 2
263 322 2
263 713 2
264 382 2
264 766 2
264 806 2
264 880 2
264 289 2
264 556 2
264 759 2
264 860 2
264 901 2
265 702 2
265 349 2
265 536 2
265 919 2
265 993 2
266 304 2
266 488 2
266 991 2
267 321 2
267 549 2
267 291 2
267 493 2
267 498 2
268 351 2
268 380 2
268 675 2
268 885 2
268 936 2
268 477 2
268 530 2
268 566 2
268 591 2
269 315 2
269 285 2
269 555 2
269 624 2
269 966 2
270 444 2
270 829 2
271 687 2
271 721 2
271 756 2
272 646 2
272 816 2
273 555 2
273 654 2
273 955 2
273 835 2
274 403 2
274 608 2
275 346 2
275 416 2
275 433 2
275 510 2
276 600 2
276 308 2
276 525 2
276 894 2
276 989 2
277 495 2
277 693 2
277 767 2
277 887 2
277 303 2
277 353 2
277 422 2
277 803 2
277 917 2
278 787 2
278 934 2
280 308 2
280 331 2
280 332 2
280 333 2
280 341 2
280 412 2
280 598 2
280 671 2
280 774 2
280 857 2
280 486 2
280 642 2
280 955 2
281 340 2
281 367 2
281 373 2
281 515 2
281 690 2
281 754 2
281 769 2
281 824 2
281 836 2
281 919 2
281 344 2
281 817 2
282 324 2
282 667 2
283 344 2
283 358 2
283 437 2
283 501 2
283 284 2
283 426 2
283 436 2
283 716 2
283 831 2
284 328 2
284 390 2
284 391 2
284 418 2
284 858 2
284 878 2
284 907 2
284 426 2
284 436 2
284 709 2
284 831 2
285 506 2
286 851 2
286 564 2
286 747 2
286 772 2
286 814 2
287 293 2
287 725 2
287 978 2
287 302 2
287 652 2
287 998 2
288 371 2
288 538 2
288 561 2
288 632 2
288 701 2
288 852 2
288 332 2
288 335 2
288 354 2
288 368 2
288 398 2
288 465 2
288 492 2
288 700 2
288 736 2
288 741 2
289 580 2
289 974 2
289 556 2
289 759 2
290 928 2
290 514 2
290 861 2
290 884 2
291 601 2
291 648 2
291 338 2
291 367 2
291 460 2
291 498 2
291 518 2
291 578 2
291 800 2
291 988 2
292 772 2
292 872 2
292 742 2
292 939 2
293 421 2
293 600 2
293 732 2
294 777 2
294 317 2
294 502 2
294 552 2
294 824 2
294 942 2
294 976 2
295 877 2
295 972 2
296 484 2
296 371 2
296 462 2
296 648 2
296 936 2
297 483 2
297 494 2
297 513 2
297 531 2
297 346 2
297 440 2
297 582 2
297 679 2
298 448 2
298 743 2
298 747 2
298 627 2
299 336 2
299 605 2
299 612 2
299 706 2
299 780 2
299 783 2
299 735 2
299 841 2
300 822 2
300 385 2
300 413 2
301 572 2
303 580 2
304 488 2
304 421 2
305 582 2
305 915 2
306 744 2
306 776 2
306 883 2
306 418 2
306 656 2
307 455 2
307 867 2
308 331 2
308 349 2
308 619 2
308 525 2
308 894 2
309 929 2
309 949 2
309 396 2
309 399 2
310 374 2
310 434 2
310 987 2
310 687 2
310 728 2
310 748 2
310 977 2
311 658 2
311 766 2
311 806 2
312 341 2
312 710 2
314 366 2
314 714 2
314 910 2
314 542 2
315 623 2
315 872 2
316 406 2
316 478 2
316 496 2
316 603 2
316 638 2
316 927 2
317 461 2
317 942 2
317 976 2
318 347 2
318 363 2
318 452 2
318 834 2
318 975 2
318 515 2
318 805 2
319 659 2
319 457 2
319 650 2
319 744 2
319 801 2
320 496 2
320 548 2
320 775 2
320 945 2
320 967 2
321 549 2
321 593 2
321 797 2
321 334 2
321 474 2
321 694 2
321 951 2
322 375 2
322 594 2
322 922 2
322 713 2
323 389 2
323 481 2
323 357 2
323 549 2
324 667 2
324 451 2
324 557 2
324 774 2
325 470 2
325 583 2
325 635 2
325 882 2
325 928 2
326 459 2
326 550 2
326 762 2
326 790 2
326 984 2
326 328 2
327 399 2
327 530 2
327 736 2
327 739 2
328 391 2
328 418 2
328 435 2
328 498 2
328 520 2
328 886 2
328 405 2
329 412 2
330 370 2
330 738 2
330 759 2
331 332 2
331 349 2
331 502 2
331 531 2
331 913 2
332 412 2
332 857 2
332 345 2
332 492 2
332 700 2
332 788 2
332 847 2
333 341 2
333 598 2
333 671 2
333 763 2
333 774 2
333 779 2
333 963 2
333 579 2
334 867 2
334 694 2
335 365 2
335 376 2
335 386 2
335 529 2
335 591 2
335 912 2
335 959 2
335 368 2
335 446 2
335 465 2
335 626 2
335 667 2
335 741 2
335 922 2
335 957 2
336 350 2
336 429 2
336 469 2
336 482 2
336 612 2
336 812 2
337 419 2
337 723 2
337 844 2
338 500 2
338 554 2
338 576 2
338 616 2
338 660 2
338 367 2
338 988 2
339 610 2
339 676 2
339 401 2
340 367 2
340 586 2
340 674 2
340 975 2
341 774 2
342 682 2
342 501 2
342 638 2
342 717 2
342 740 2
342 764 2
342 869 2
343 368 2
343 383 2
343 479 2
343 547 2
343 795 2
343 815 2
343 831 2
343 550 2
343 755 2
344 358 2
344 501 2
344 712 2
344 359 2
344 361 2
344 478 2
344 817 2
345 527 2
345 850 2
345 788 2
345 828 2
345 847 2
345 851 2
345 854 2
345 895 2
346 370 2
346 423 2
346 440 2
346 992 2
347 452 2
347 391 2
347 577 2
348 362 2
348 556 2
348 564 2
348 425 2
348 459 2
348 898 2
349 502 2
349 619 2
349 765 2
349 875 2
349 925 2
350 429 2
350 470 2
350 535 2
351 380 2
351 675 2
351 936 2
351 411 2
352 548 2
352 623 2
352 416 2
352 430 2
352 553 2
352 636 2
353 861 2
353 523 2
353 803 2
354 621 2
354 664 2
354 764 2
354 827 2
354 908 2
354 356 2
354 949 2
355 962 2
355 358 2
355 750 2
355 833 2
356 949 2
357 446 2
357 848 2
357 911 2
357 917 2
357 549 2
357 649 2
357 719 2
358 833 2
359 729 2
359 934 2
359 361 2
359 478 2
359 837 2
360 566 2
360 981 2
360 372 2
360 572 2
360 655 2
361 592 2
361 931 2
361 837 2
361 940 2
362 746 2
362 760 2
362 683 2
362 743 2
362 836 2
363 499 2
363 834 2
364 844 2
364 909 2
364 930 2
364 456 2
365 376 2
365 428 2
365 529 2
365 707 2
365 719 2
365 912 2
365 402 2
366 732 2
366 910 2
367 373 2
367 515 2
367 460 2
367 518 2
367 578 2
368 432 2
368 901 2
368 398 2
368 465 2
368 957 2
369 492 2
369 716 2
369 823 2
369 621 2
370 440 2
370 738 2
370 759 2
370 423 2
370 992 2
371 561 2
371 632 2
371 773 2
371 950 2
371 462 2
371 483 2
371 643 2
372 890 2
372 424 2
372 471 2
372 655 2
372 688 2
372 908 2
372 972 2
372 979 2
373 515 2
373 690 2
373 754 2
373 467 2
373 868 2
373 905 2
374 987 2
374 378 2
374 738 2
374 875 2
375 594 2
375 922 2
376 428 2
376 474 2
376 719 2
376 862 2
376 964 2
376 393 2
376 696 2
376 896 2
377 465 2
377 563 2
377 655 2
377 710 2
377 775 2
377 469 2
377 479 2
377 567 2
378 537 2
378 738 2
379 508 2
379 669 2
379 722 2
379 850 2
380 885 2
380 991 2
380 786 2
381 575 2
381 584 2
381 673 2
381 941 2
382 880 2
382 979 2
382 384 2
382 454 2
382 490 2
382 779 2
383 547 2
383 799 2
383 815 2
385 457 2
385 467 2
385 472 2
385 581 2
386 415 2
386 591 2
386 631 2
386 649 2
386 959 2
387 674 2
387 683 2
387 487 2
387 538 2
387 588 2
388 402 2
388 441 2
388 473 2
388 611 2
388 639 2
388 684 2
388 695 2
388 828 2
388 837 2
388 841 2
388 853 2
388 869 2
388 933 2
389 481 2
389 634 2
390 615 2
391 418 2
391 435 2
391 498 2
391 617 2
391 796 2
391 858 2
391 886 2
391 577 2
392 685 2
392 704 2
392 874 2
392 892 2
392 963 2
393 395 2
393 462 2
393 588 2
393 696 2
393 701 2
393 859 2
393 896 2
394 552 2
394 532 2
394 723 2
394 802 2
394 873 2
395 727 2
395 637 2
396 792 2
396 971 2
397 615 2
397 657 2
398 586 2
398 643 2
399 511 2
400 475 2
400 617 2
401 677 2
401 865 2
402 611 2
402 695 2
402 468 2
403 420 2
403 585 2
403 785 2
403 961 2
404 431 2
404 448 2
404 463 2
404 592 2
404 609 2
404 669 2
404 714 2
404 823 2
404 840 2
405 589 2
405 602 2
405 704 2
405 845 2
406 477 2
406 496 2
406 703 2
406 453 2
406 480 2
406 821 2
406 888 2
407 428 2
407 534 2
407 773 2
407 938 2
408 520 2
408 576 2
408 681 2
408 768 2
408 783 2
408 798 2
410 587 2
410 731 2
410 804 2
410 894 2
410 905 2
411 662 2
411 750 2
411 589 2
411 614 2
411 793 2
412 857 2
413 447 2
413 833 2
413 680 2
414 427 2
414 499 2
414 524 2
414 666 2
414 956 2
415 631 2
415 649 2
415 897 2
415 570 2
415 792 2
415 825 2
416 433 2
416 510 2
416 915 2
416 553 2
417 578 2
417 876 2
417 527 2
417 535 2
417 677 2
417 822 2
418 858 2
418 878 2
418 656 2
420 585 2
422 853 2
422 886 2
422 917 2
424 786 2
424 433 2
424 471 2
424 908 2
424 972 2
424 985 2
425 798 2
425 966 2
425 459 2
425 898 2
426 709 2
426 716 2
426 831 2
427 450 2
427 487 2
427 650 2
427 839 2
427 499 2
427 524 2
427 666 2
427 757 2
427 878 2
427 935 2
427 956 2
428 474 2
428 719 2
428 862 2
428 964 2
428 534 2
428 675 2
428 969 2
429 469 2
429 482 2
429 517 2
429 528 2
429 544 2
429 862 2
429 947 2
429 970 2
429 996 2
430 442 2
430 475 2
430 636 2
432 444 2
432 901 2
432 791 2
432 891 2
433 510 2
434 793 2
434 452 2
434 619 2
435 498 2
435 617 2
435 796 2
435 551 2
435 664 2
437 512 2
437 647 2
437 990 2
438 567 2
438 968 2
439 571 2
441 473 2
441 574 2
441 639 2
441 684 2
441 952 2
441 509 2
442 460 2
442 668 2
442 715 2
442 561 2
442 596 2
442 651 2
442 663 2
442 718 2
442 929 2
443 858 2
444 770 2
444 466 2
444 712 2
445 813 2
445 956 2
445 957 2
446 911 2
446 917 2
446 926 2
446 626 2
446 667 2
447 461 2
447 900 2
448 463 2
448 592 2
448 665 2
450 625 2
451 559 2
453 821 2
453 888 2
454 476 2
454 486 2
454 490 2
454 974 2
455 812 2
455 559 2
455 628 2
456 900 2
457 467 2
457 512 2
457 744 2
457 801 2
457 849 2
459 906 2
459 984 2
459 898 2
460 668 2
460 518 2
460 800 2
461 468 2
461 491 2
461 733 2
461 881 2
461 961 2
461 900 2
462 588 2
462 483 2
462 643 2
462 811 2
463 592 2
463 665 2
465 563 2
465 568 2
465 655 2
465 718 2
465 830 2
465 957 2
466 599 2
466 785 2
466 712 2
466 789 2
467 472 2
467 840 2
467 868 2
467 905 2
468 491 2
468 733 2
468 881 2
468 961 2
469 482 2
470 521 2
470 535 2
470 758 2
470 583 2
470 635 2
470 871 2
470 893 2
470 944 2
471 607 2
471 972 2
471 985 2
472 840 2
472 730 2
472 907 2
473 639 2
473 828 2
473 837 2
473 952 2
473 977 2
473 994 2
473 484 2
474 495 2
474 513 2
474 539 2
474 611 2
474 951 2
474 971 2
476 767 2
476 813 2
476 943 2
477 703 2
477 530 2
478 603 2
479 831 2
480 553 2
481 737 2
481 960 2
483 513 2
483 643 2
483 811 2
485 753 2
485 807 2
486 641 2
486 690 2
486 955 2
487 650 2
487 839 2
487 538 2
487 588 2
488 631 2
488 866 2
489 682 2
490 624 2
490 974 2
491 733 2
492 565 2
492 716 2
492 721 2
492 913 2
492 935 2
492 989 2
492 700 2
492 736 2
493 533 2
493 642 2
493 689 2
493 802 2
493 887 2
494 581 2
494 605 2
494 670 2
494 765 2
495 693 2
495 767 2
495 513 2
495 778 2
496 927 2
496 967 2
497 541 2
497 614 2
497 726 2
497 924 2
497 752 2
497 819 2
498 886 2
499 678 2
499 720 2
499 524 2
499 757 2
499 935 2
500 554 2
500 965 2
501 638 2
501 717 2
502 875 2
502 824 2
504 679 2
504 882 2
505 672 2
506 705 2
506 969 2
507 653 2
507 691 2
507 825 2
507 938 2
508 669 2
508 946 2
508 978 2
509 807 2
509 911 2
510 616 2
511 708 2
511 777 2
512 596 2
512 995 2
513 539 2
513 846 2
513 855 2
513 971 2
514 606 2
514 593 2
514 861 2
517 970 2
518 578 2
519 846 2
520 576 2
520 681 2
520 768 2
520 783 2
521 758 2
521 890 2
522 645 2
524 577 2
524 871 2
524 666 2
524 757 2
524 878 2
525 894 2
526 595 2
526 694 2
526 794 2
527 734 2
527 850 2
527 535 2
527 822 2
528 626 2
529 707 2
529 912 2
529 613 2
530 724 2
530 736 2
530 739 2
530 591 2
530 703 2
531 810 2
531 913 2
533 642 2
533 720 2
533 781 2
534 575 2
534 969 2
535 677 2
535 822 2
535 954 2
536 781 2
536 892 2
536 603 2
536 919 2
536 993 2
537 842 2
537 920 2
537 597 2
537 984 2
538 540 2
538 573 2
538 852 2
539 611 2
539 846 2
539 855 2
539 971 2
540 573 2
541 726 2
541 924 2
542 740 2
542 910 2
543 647 2
543 670 2
543 814 2
543 601 2
544 625 2
544 862 2
545 932 2
545 620 2
545 958 2
547 795 2
547 815 2
547 909 2
548 623 2
548 689 2
548 787 2
548 945 2
549 593 2
549 797 2
549 649 2
551 761 2
551 782 2
551 800 2
551 664 2
552 967 2
553 985 2
555 654 2
555 955 2
555 624 2
555 646 2
555 966 2
556 937 2
556 759 2
556 860 2
556 901 2
557 613 2
557 709 2
557 996 2
557 981 2
558 676 2
559 628 2
560 697 2
561 701 2
561 596 2
561 663 2
561 718 2
561 754 2
562 729 2
563 568 2
563 655 2
563 710 2
563 718 2
563 884 2
563 914 2
563 699 2
564 772 2
565 644 2
566 583 2
567 573 2
568 914 2
569 868 2
571 832 2
571 898 2
571 763 2
573 799 2
574 653 2
576 660 2
576 681 2
576 798 2
579 817 2
580 974 2
580 852 2
581 628 2
581 605 2
581 765 2
582 730 2
582 679 2
582 864 2
583 882 2
583 944 2
584 673 2
584 995 2
585 897 2
586 643 2
586 975 2
587 894 2
587 905 2
587 980 2
587 678 2
587 771 2
589 973 2
589 614 2
589 793 2
590 930 2
591 959 2
591 703 2
592 998 2
593 797 2
593 697 2
594 843 2
595 694 2
595 838 2
596 995 2
596 718 2
596 754 2
596 931 2
596 959 2
597 661 2
597 768 2
597 960 2
598 671 2
598 763 2
599 639 2
600 681 2
602 704 2
602 717 2
603 638 2
603 641 2
603 918 2
604 686 2
604 756 2
604 870 2
605 706 2
605 757 2
605 670 2
605 765 2
608 818 2
609 669 2
609 889 2
610 676 2
610 657 2
611 695 2
612 751 2
612 980 2
613 666 2
613 709 2
614 793 2
615 795 2
616 939 2
617 796 2
618 735 2
619 765 2
619 925 2
619 818 2
620 656 2
620 662 2
621 651 2
621 664 2
621 764 2
621 908 2
622 771 2
624 700 2
626 667 2
626 922 2
628 658 2
628 988 2
629 902 2
630 668 2
630 796 2
630 906 2
630 912 2
631 649 2
631 897 2
631 866 2
632 865 2
633 820 2
633 889 2
633 745 2
633 920 2
635 871 2
639 684 2
639 828 2
639 841 2
639 853 2
639 869 2
639 952 2
639 977 2
639 994 2
640 916 2
641 918 2
642 802 2
643 811 2
644 699 2
647 814 2
647 990 2
648 936 2
649 719 2
650 839 2
651 953 2
651 924 2
652 692 2
653 691 2
654 955 2
655 710 2
655 718 2
655 830 2
655 884 2
655 992 2
655 688 2
658 988 2
659 809 2
660 761 2
660 950 2
661 768 2
661 960 2
662 750 2
662 803 2
662 983 2
663 929 2
666 878 2
667 922 2
668 715 2
668 796 2
668 906 2
668 912 2
668 953 2
669 889 2
671 763 2
672 993 2
673 698 2
673 843 2
673 995 2
674 683 2
675 936 2
676 733 2
677 865 2
677 954 2
678 720 2
678 893 2
678 997 2
680 708 2
681 768 2
681 798 2
682 849 2
683 904 2
684 841 2
685 805 2
685 847 2
685 874 2
686 804 2
687 728 2
687 748 2
689 787 2
690 754 2
690 836 2
692 722 2
692 986 2
693 887 2
693 914 2
694 838 2
694 947 2
695 968 2
695 999 2
696 903 2
696 701 2
696 859 2
698 954 2
699 830 2
700 736 2
701 859 2
702 921 2
704 717 2
704 965 2
704 892 2
705 819 2
708 777 2
711 896 2
714 823 2
714 840 2
716 721 2
717 965 2
717 740 2
717 764 2
717 876 2
718 830 2
718 884 2
718 992 2
718 754 2
718 931 2
719 862 2
720 724 2
720 781 2
721 913 2
722 982 2
723 802 2
723 857 2
723 873 2
726 879 2
728 748 2
728 977 2
729 752 2
729 946 2
730 879 2
730 907 2
733 881 2
734 863 2
735 841 2
737 866 2
737 960 2
740 764 2
740 876 2
743 747 2
744 776 2
744 826 2
744 883 2
745 809 2
745 990 2
745 920 2
746 760 2
746 762 2
747 814 2
748 751 2
748 977 2
751 980 2
752 946 2
754 836 2
754 931 2
754 959 2
760 883 2
760 916 2
762 790 2
764 908 2
765 925 2
766 806 2
767 813 2
768 960 2
769 824 2
769 864 2
769 919 2
769 940 2
769 926 2
771 835 2
773 950 2
773 790 2
776 883 2
776 834 2
779 963 2
780 783 2
781 870 2
782 800 2
784 888 2
785 961 2
788 828 2
791 921 2
792 825 2
796 906 2
796 953 2
801 849 2
802 857 2
804 808 2
805 847 2
807 832 2
807 932 2
810 815 2
812 859 2
813 957 2
813 943 2
821 976 2
821 888 2
824 864 2
824 919 2
824 940 2
828 837 2
828 869 2
828 933 2
828 977 2
828 854 2
829 941 2
832 898 2
832 932 2
834 973 2
834 982 2
837 940 2
838 947 2
841 853 2
842 920 2
842 848 2
845 873 2
846 855 2
847 851 2
853 886 2
854 895 2
858 878 2
858 907 2
860 901 2
862 964 2
862 947 2
864 940 2
869 933 2
871 893 2
874 963 2
877 972 2
878 907 2
882 928 2
883 916 2
884 992 2
885 991 2
890 948 2
893 997 2
894 905 2
894 980 2
905 980 2
906 953 2
908 979 2
909 930 2
913 935 2
917 926 2
917 958 2
919 993 2
925 937 2
926 958 2
929 949 2
931 959 2
935 989 2
951 999 2
968 999 2
970 996 2
973 982 2
977 994 2
0 0 -130
1 1 -126
2 2 -120
3 3 -171
4 4 -96
5 5 -67
6 6 -61
7 7 -60
8 8 -80
9 9 -77
10 10 -64
11 11 -38
12 12 -77
13 13 -35
14 14 -46
15 15 -52
16 16 -37
17 17 -63
18 18 -38
19 19 -15
20 20 -76
21 21 -27
22 22 -59
23 23 -27
24 24 -28
25 25 -56
26 26 -44
27 27 -33
28 28 -38
29 29 -24
30 30 -15
31 31 -36
32 32 -26
33 33 -33
34 34 -18
35 35 -30
36 36 -26
37 37 -37
38 38 -24
39 39 -33
40 40 -37
41 41 -21
42 42 -43
43 43 -41
44 44 -17
45 45 -50
46 46 -38
47 47 -20
48 48 -40
49 49 -24
50 50 -30
51 51 -43
52 52 -36
53 53 -36
54 54 -29
55 55 -33
56 56 -19
57 57 -30
58 58 -46
59 59 -39
60 60 -12
61 61 -22
62 62 -34
63 63 -27
64 64 -36
65 65 -22
66 66 -24
67 67 -16
68 68 -17
69 69 -19
70 70 -35
71 71 -13
72 72 -29
73 73 -24
74 74 -16
75 75 -42
76 76 -18
77 77 -17
78 78 -34
79 79 -24
80 80 -18
81 81 -19
82 82 -23
83 83 -15
84 84 -26
85 85 -10
86 86 -7
87 87 -32
88 88 -24
89 89 -15
90 90 -18
91 91 -22
92 92 -25
93 93 -16
94 94 -9
95 95 -16
96 96 -14
97 97 -20
98 98 -25
99 99 -23
100 100 -21
101 101 -10
102 102 -19
103 103 -27
104 104 -18
105 105 -15
106 106 -17
107 107 -10
108 108 -23
109 109 -14
110 110 -10
111 111 -18
112 112 -21
113 113 -10
114 114 -21
115 115 -22
116 116 -14
117 117 -25
118 118 -13
119 119 -24
120 120 -13
121 121 -13
122 122 -17
123 123 -18
124 124 -25
125 125 -11
126 126 -21
127 127 -13
128 128 -15
129 129 -19
130 130 -15
131 131 -20
132 132 -11
133 133 -14
134 134 -19
135 135 -28
136 136 -12
137 137 -18
138 138 -10
139 139 -6
140 140 -20
141 141 -14
142 142 -10
143 143 -9
144 144 -11
145 145 -13
146 146 -21
147 147 -9
148 148 -9
149 149 -20
150 150 -14
151 151 -24
152 152 -11
153 153 -11
154 154 -9
155 155 -13
156 156 -25
157 157 -14
158 158 -22
159 159 -13
160 160 -14
161 161 -14
162 162 -22
163 163 -14
164 164 -7
165 165 -18
166 166 -8
167 167 -23
168 168 -14
169 169 -15
170 170 -13
171 171 -15
172 172 -11
173 173 -16
174 174 -15
175 175 -18
176 176 -19
177 177 -11
178 178 -18
179 179 -18
180 180 -18
181 181 -17
182 182 -10
183 183 -16
184 184 -15
185 185 -14
186 186 -11
187 187 -17
188 188 -8
189 189 -15
190 190 -10
191 191 -11
192 192 -7
193 193 -8
194 194 -11
195 195 -15
196 196 -15
197 197 -16
198 198 -7
199 199 -13
200 200 -11
201 201 -8
202 202 -7
203 203 -14
204 204 -17
205 205 -15
206 206 -12
207 207 -13
208 208 -8
209 209 -9
210 210 -15
211 211 -10
212 212 -12
213 213 -10
214 214 -17
215 215 -14
216 216 -12
217 217 -8
218 218 -9
219 219 -9
220 220 -13
221 221 -18
222 222 -21
223 223 -12
224 224 -9
225 225 -12
226 226 -9
227 227 -16
228 228 -11
229 229 -9
230 230 -15
231 231 -7
232 232 -14
233 233 -13
234 234 -13
235 235 -13
236 236 -14
237 237 -13
238 238 -7
239 239 -13
240 240 -13
241 241 -17
242 242 -9
243 243 -12
244 244 -16
245 245 -15
246 246 -12
247 247 -14
248 248 -10
249 249 -14
250 250 -15
251 251 -12
252 252 -13
253 253 -8
254 254 -16
255 255 -14
256 256 -11
257 257 -9
258 258 -7
259 259 -8
260 260 -8
261 261 -10
262 262 -8
263 263 -10
264 264 -15
265 265 -11
266 266 -9
267 267 -11
268 268 -15
269 269 -11
270 270 -8
271 271 -9
272 272 -8
273 273 -10
274 274 -8
275 275 -10
276 276 -11
277 277 -15
278 278 -8
279 279 -6
280 280 -19
281 281 -18
282 282 -8
283 283 -15
284 284 -17
285 285 -7
286 286 -11
287 287 -12
288 288 -22
289 289 -10
290 290 -10
291 291 -16
292 292 -10
293 293 -9
294 294 -13
295 295 -8
296 296 -11
297 297 -14
298 298 -10
299 299 -14
300 300 -9
301 301 -7
302 302 -6
303 303 -7
304 304 -8
305 305 -8
306 306 -11
307 307 -8
308 308 -11
309 309 -10
310 310 -13
311 311 -9
312 312 -7
313 313 -6
314 314 -10
315 315 -8
316 316 -11
317 317 -9
318 318 -13
319 319 -11
320 320 -11
321 321 -13
322 322 -10
323 323 -10
324 324 -10
325 325 -11
326 326 -12
327 327 -10
328 328 -13
329 329 -7
330 330 -9
331 331 -11
332 332 -13
333 333 -14
334 334 -8
335 335 -21
336 336 -12
337 337 -8
338 338 -13
339 339 -9
340 340 -10
341 341 -7
342 342 -13
343 343 -15
344 344 -13
345 345 -14
346 346 -10
347 347 -9
348 348 -12
349 349 -11
350 350 -9
351 351 -10
352 352 -12
353 353 -9
354 354 -13
355 355 -10
356 356 -7
357 357 -13
358 358 -7
359 359 -11
360 360 -11
361 361 -10
362 362 -11
363 363 -8
364 364 -10
365 365 -13
366 366 -8
367 367 -11
368 368 -11
369 369 -10
370 370 -10
371 371 -13
372 372 -14
373 373 -12
374 374 -10
375 375 -8
376 376 -14
377 377 -14
378 378 -7
379 379 -10
380 380 -9
381 381 -10
382 382 -12
383 383 -9
384 384 -6
385 385 -10
386 386 -11
387 387 -10
388 388 -19
389 389 -8
390 390 -7
391 391 -14
392 392 -11
393 393 -13
394 394 -11
395 395 -8
396 396 -8
397 397 -8
398 398 -8
399 399 -7
400 400 -8
401 401 -8
402 402 -9
403 403 -10
404 404 -15
405 405 -10
406 406 -13
407 407 -10
408 408 -12
409 409 -6
410 410 -11
411 411 -11
412 412 -7
413 413 -9
414 414 -11
415 415 -12
416 416 -10
417 417 -12
418 418 -9
419 419 -6
420 420 -7
421 421 -6
422 422 -9
423 423 -6
424 424 -12
425 425 -9
426 426 -9
427 427 -17
428 428 -13
429 429 -15
430 430 -9
431 431 -6
432 432 -10
433 433 -7
434 434 -9
435 435 -11
436 436 -6
437 437 -9
438 438 -7
439 439 -7
440 440 -6
441 441 -12
442 442 -15
443 443 -7
444 444 -9
445 445 -9
446 446 -11
447 447 -8
448 448 -9
449 449 -6
450 450 -7
451 451 -6
452 452 -6
453 453 -8
454 454 -10
455 455 -9
456 456 -7
457 457 -11
458 458 -6
459 459 -9
460 460 -9
461 461 -12
462 462 -10
463 463 -8
464 464 -6
465 465 -12
466 466 -10
467 467 -10
468 468 -10
469 469 -7
470 470 -14
471 471 -9
472 472 -9
473 473 -13
474 474 -12
475 475 -6
476 476 -9
477 477 -8
478 478 -7
479 479 -7
480 480 -7
481 481 -8
482 482 -6
483 483 -9
484 484 -6
485 485 -8
486 486 -9
487 487 -10
488 488 -8
489 489 -7
490 490 -8
491 491 -7
492 492 -14
493 493 -11
494 494 -10
495 495 -10
496 496 -8
497 497 -12
498 498 -7
499 499 -11
500 500 -8
501 501 -8
502 502 -8
503 503 -6
504 504 -8
505 505 -7
506 506 -8
507 507 -10
508 508 -9
509 509 -8
510 510 -7
511 511 -8
512 512 -8
513 513 -10
514 514 -9
515 515 -6
516 516 -6
517 517 -7
518 518 -7
519 519 -7
520 520 -10
521 521 -8
522 522 -7
523 523 -6
524 524 -11
525 525 -7
526 526 -9
527 527 -10
528 528 -7
529 529 -9
530 530 -11
531 531 -8
532 532 -6
533 533 -9
534 534 -8
535 535 -9
536 536 -11
537 537 -10
538 538 -9
539 539 -10
540 540 -7
541 541 -8
542 542 -8
543 543 -10
544 544 -8
545 545 -9
546 546 -6
547 547 -9
548 548 -10
549 549 -9
550 550 -6
551 551 -10
552 552 -7
553 553 -7
554 554 -6
555 555 -11
556 556 -10
557 557 -10
558 558 -7
559 559 -7
560 560 -7
561 561 -11
562 562 -7
563 563 -13
564 564 -7
565 565 -7
566 566 -7
567 567 -7
568 568 -7
569 569 -7
570 570 -6
571 571 -9
572 572 -6
573 573 -7
574 574 -7
575 575 -6
576 576 -9
577 577 -6
578 578 -6
579 579 -7
580 580 -8
581 581 -9
582 582 -8
583 583 -8
584 584 -8
585 585 -7
586 586 -8
587 587 -11
588 588 -6
589 589 -9
590 590 -7
591 591 -8
592 592 -7
593 593 -8
594 594 -7
595 595 -8
596 596 -11
597 597 -9
598 598 -8
599 599 -7
600 600 -7
601 601 -6
602 602 -8
603 603 -9
604 604 -8
605 605 -10
606 606 -6
607 607 -6
608 608 -7
609 609 -8
610 610 -8
611 611 -7
612 612 -8
613 613 -8
614 614 -7
615 615 -7
616 616 -7
617 617 -7
618 618 -7
619 619 -9
620 620 -8
621 621 -10
622 622 -7
623 623 -6
624 624 -7
625 625 -6
626 626 -8
627 627 -6
628 628 -8
629 629 -7
630 630 -10
631 631 -9
632 632 -7
633 633 -10
634 634 -6
635 635 -7
636 636 -6
637 637 -6
638 638 -6
639 639 -14
640 640 -7
641 641 -7
642 642 -7
643 643 -7
644 644 -6
645 645 -6
646 646 -6
647 647 -8
648 648 -7
649 649 -7
650 650 -7
651 651 -8
652 652 -7
653 653 -7
654 654 -7
655 655 -12
656 656 -6
657 657 -6
658 658 -7
659 659 -7
660 660 -8
661 661 -8
662 662 -9
663 663 -7
664 664 -6
665 665 -6
666 666 -7
667 667 -7
668 668 -11
669 669 -7
670 670 -6
671 671 -7
672 672 -7
673 673 -9
674 674 -7
675 675 -7
676 676 -7
677 677 -8
678 678 -9
679 679 -6
680 680 -7
681 681 -8
682 682 -6
683 683 -7
684 684 -7
685 685 -9
686 686 -7
687 687 -8
688 688 -5
689 689 -7
690 690 -8
691 691 -6
692 692 -8
693 693 -8
694 694 -8
695 695 -8
696 696 -9
697 697 -6
698 698 -7
699 699 -7
700 700 -7
701 701 -7
702 702 -7
703 703 -6
704 704 -9
705 705 -7
706 706 -6
707 707 -6
708 708 -7
709 709 -6
710 710 -6
711 711 -7
712 712 -6
713 713 -6
714 714 -8
715 715 -6
716 716 -7
717 717 -10
718 718 -11
719 719 -7
720 720 -8
721 721 -7
722 722 -7
723 723 -9
724 724 -6
725 725 -6
726 726 -7
727 727 -6
728 728 -8
729 729 -8
730 730 -8
731 731 -6
732 732 -6
733 733 -7
734 734 -7
735 735 -7
736 736 -6
737 737 -8
738 738 -6
739 739 -6
740 740 -8
741 741 -6
742 742 -6
743 743 -7
744 744 -9
745 745 -9
746 746 -8
747 747 -7
748 748 -8
749 749 -6
750 750 -6
751 751 -7
752 752 -7
753 753 -6
754 754 -9
755 755 -6
756 756 -6
757 757 -6
758 758 -6
759 759 -6
760 760 -8
761 761 -6
762 762 -7
763 763 -6
764 764 -7
765 765 -7
766 766 -7
767 767 -7
768 768 -7
769 769 -10
770 770 -6
771 771 -7
772 772 -6
773 773 -8
774 774 -6
775 775 -6
776 776 -8
777 777 -6
778 778 -6
779 779 -7
780 780 -7
781 781 -7
782 782 -7
783 783 -6
784 784 -7
785 785 -7
786 786 -6
787 787 -6
788 788 -7
789 789 -6
790 790 -6
791 791 -7
792 792 -7
793 793 -6
794 794 -6
795 795 -6
796 796 -8
797 797 -6
798 798 -6
799 799 -6
800 800 -6
801 801 -7
802 802 -7
803 803 -6
804 804 -7
805 805 -7
806 806 -5
807 807 -8
808 808 -6
809 809 -6
810 810 -7
811 811 -5
812 812 -7
813 813 -8
814 814 -6
815 815 -6
816 816 -6
817 817 -6
818 818 -5
819 819 -6
820 820 -6
821 821 -8
822 822 -6
823 823 -6
824 824 -9
825 825 -6
826 826 -6
827 827 -6
828 828 -11
829 829 -7
830 830 -6
831 831 -6
832 832 -8
833 833 -6
834 834 -8
835 835 -6
836 836 -6
837 837 -7
838 838 -7
839 839 -6
840 840 -6
841 841 -7
842 842 -8
843 843 -6
844 844 -6
845 845 -7
846 846 -7
847 847 -7
848 848 -6
849 849 -6
850 850 -6
851 851 -6
852 852 -6
853 853 -7
854 854 -7
855 855 -6
856 856 -6
857 857 -6
858 858 -8
859 859 -6
860 860 -7
861 861 -6
862 862 -8
863 863 -6
864 864 -7
865 865 -6
866 866 -6
867 867 -6
868 868 -6
869 869 -7
870 870 -6
871 871 -7
872 872 -6
873 873 -6
874 874 -7
875 875 -6
876 876 -6
877 877 -7
878 878 -7
879 879 -6
880 880 -6
881 881 -6
882 882 -7
883 883 -7
884 884 -7
885 885 -7
886 886 -6
887 887 -6
888 888 -6
889 889 -6
890 890 -7
891 891 -6
892 892 -6
893 893 -7
894 894 -8
895 895 -6
896 896 -6
897 897 -6
898 898 -6
899 899 -6
900 900 -6
901 901 -6
902 902 -6
903 903 -6
904 904 -6
905 905 -7
906 906 -7
907 907 -6
908 908 -7
909 909 -7
910 910 -6
911 911 -6
912 912 -6
913 913 -7
914 914 -6
915 915 -6
916 916 -6
917 917 -8
918 918 -6
919 919 -7
920 920 -6
921 921 -6
922 922 -6
923 923 -6
924 924 -6
925 925 -7
926 926 -7
927 927 -6
928 928 -6
929 929 -7
930 930 -6
931 931 -7
932 932 -6
933 933 -6
934 934 -6
935 935 -7
936 936 -6
937 937 -6
938 938 -6
939 939 -6
940 940 -6
941 941 -6
942 942 -6
943 943 -6
944 944 -6
945 945 -6
946 946 -6
947 947 -6
948 948 -6
949 949 -6
950 950 -6
951 951 -7
952 952 -6
953 953 -6
954 954 -6
955 955 -6
956 956 -6
957 957 -6
958 958 -6
959 959 -6
960 960 -6
961 961 -6
962 962 -6
963 963 -6
964 964 -6
965 965 -6
966 966 -6
967 967 -6
968 968 -7
969 969 -6
970 970 -7
971 971 -6
972 972 -6
973 973 -7
974 974 -6
975 975 -6
976 976 -6
977 977 -7
978 978 -6
979 979 -6
980 980 -6
981 981 -6
982 982 -6
983 983 -6
984 984 -6
985 985 -6
986 986 -6
987 987 -6
988 988 -6
989 989 -6
990 990 -6
991 991 -6
992 992 -6
993 993 -6
994 994 -6
995 995 -6
996 996 -6
997 997 -6
998 998 -6
999 999 -6