1000 6914 -136 1
0 10 2
0 12 2
0 13 2
0 14 2
0 17 2
0 20 2
0 23 2
0 51 2
0 55 2
0 57 2
0 61 2
0 76 2
0 79 2
0 80 2
0 97 2
0 102 2
0 104 2
0 109 2
0 117 2
0 123 2
0 127 2
0 130 2
0 145 2
0 157 2
0 181 2
0 182 2
0 189 2
0 190 2
0 204 2
0 206 2
0 207 2
0 213 2
0 215 2
0 220 2
0 254 2
0 264 2
0 275 2
0 283 2
0 293 2
0 315 2
0 329 2
0 342 2
0 348 2
0 352 2
0 354 2
0 360 2
0 380 2
0 383 2
0 388 2
0 398 2
0 427 2
0 452 2
0 464 2
0 474 2
0 476 2
0 483 2
0 506 2
0 511 2
0 516 2
0 533 2
0 543 2
0 564 2
0 574 2
0 594 2
0 604 2
0 631 2
0 636 2
0 659 2
0 688 2
0 748 2
0 813 2
0 814 2
0 835 2
0 843 2
0 910 2
0 911 2
0 936 2
0 968 2
0 987 2
0 990 2
0 1 2
0 2 2
0 3 2
0 4 2
0 5 2
0 7 2
0 8 2
0 19 2
0 22 2
0 24 2
0 32 2
0 33 2
0 35 2
0 41 2
0 45 2
0 46 2
0 65 2
0 71 2
0 87 2
0 101 2
0 103 2
0 121 2
0 126 2
0 134 2
0 167 2
0 195 2
0 219 2
0 250 2
0 263 2
0 268 2
0 269 2
0 289 2
0 296 2
0 305 2
0 330 2
0 333 2
0 371 2
0 374 2
0 435 2
0 462 2
0 548 2
0 571 2
0 585 2
0 619 2
0 643 2
0 691 2
0 701 2
0 742 2
0 771 2
0 840 2
0 857 2
0 874 2
0 908 2
0 909 2
0 966 2
0 996 2
1 4 2
1 13 2
1 20 2
1 21 2
1 24 2
1 33 2
1 40 2
1 63 2
1 95 2
1 105 2
1 116 2
1 186 2
1 197 2
1 221 2
1 259 2
1 262 2
1 307 2
1 377 2
1 389 2
1 399 2
1 423 2
1 469 2
1 611 2
1 628 2
1 629 2
1 635 2
1 639 2
1 688 2
1 705 2
1 730 2
1 744 2
1 844 2
1 901 2
1 931 2
1 941 2
1 985 2
1 2 2
1 3 2
1 6 2
1 11 2
1 16 2
1 29 2
1 30 2
1 31 2
1 35 2
1 48 2
1 51 2
1 59 2
1 61 2
1 69 2
1 82 2
1 83 2
1 91 2
1 100 2
1 101 2
1 110 2
1 111 2
1 122 2
1 130 2
1 157 2
1 160 2
1 161 2
1 175 2
1 178 2
1 205 2
1 206 2
1 207 2
1 208 2
1 215 2
1 217 2
1 219 2
1 220 2
1 228 2
1 251 2
1 253 2
1 264 2
1 273 2
1 274 2
1 301 2
1 313 2
1 321 2
1 341 2
1 346 2
1 356 2
1 367 2
1 373 2
1 379 2
1 383 2
1 392 2
1 413 2
1 431 2
1 440 2
1 444 2
1 448 2
1 456 2
1 497 2
1 502 2
1 536 2
1 537 2
1 559 2
1 560 2
1 600 2
1 618 2
1 624 2
1 678 2
1 697 2
1 713 2
1 715 2
1 766 2
1 789 2
1 792 2
1 822 2
1 846 2
1 847 2
1 871 2
1 906 2
1 923 2
1 938 2
1 940 2
1 957 2
1 978 2
2 8 2
2 17 2
2 18 2
2 19 2
2 33 2
2 37 2
2 41 2
2 48 2
2 62 2
2 66 2
2 70 2
2 71 2
2 72 2
2 77 2
2 84 2
2 86 2
2 89 2
2 106 2
2 111 2
2 137 2
2 150 2
2 154 2
2 199 2
2 228 2
2 291 2
2 300 2
2 320 2
2 323 2
2 325 2
2 337 2
2 364 2
2 379 2
2 394 2
2 420 2
2 438 2
2 451 2
2 487 2
2 490 2
2 544 2
2 586 2
2 648 2
2 671 2
2 678 2
2 702 2
2 708 2
2 759 2
2 802 2
2 835 2
2 859 2
2 878 2
2 903 2
2 939 2
2 970 2
2 993 2
2 3 2
2 4 2
2 5 2
2 6 2
2 9 2
2 10 2
2 11 2
2 13 2
2 14 2
2 16 2
2 21 2
2 28 2
2 30 2
2 31 2
2 39 2
2 46 2
2 47 2
2 53 2
2 60 2
2 69 2
2 73 2
2 74 2
2 76 2
2 83 2
2 92 2
2 99 2
2 104 2
2 105 2
2 107 2
2 119 2
2 144 2
2 165 2
2 166 2
2 169 2
2 187 2
2 196 2
2 202 2
2 209 2
2 213 2
2 225 2
2 244 2
2 254 2
2 261 2
2 270 2
2 282 2
2 287 2
2 334 2
2 343 2
2 344 2
2 357 2
2 368 2
2 393 2
2 395 2
2 408 2
2 419 2
2 427 2
2 463 2
2 481 2
2 557 2
2 575 2
2 592 2
2 623 2
2 631 2
2 641 2
2 651 2
2 669 2
2 680 2
2 714 2
2 725 2
2 739 2
2 788 2
2 816 2
2 877 2
2 930 2
2 932 2
2 949 2
2 971 2
3 5 2
3 7 2
3 15 2
3 24 2
3 25 2
3 29 2
3 31 2
3 33 2
3 38 2
3 44 2
3 49 2
3 58 2
3 67 2
3 113 2
3 116 2
3 132 2
3 144 2
3 151 2
3 154 2
3 198 2
3 221 2
3 239 2
3 270 2
3 272 2
3 295 2
3 310 2
3 313 2
3 314 2
3 324 2
3 354 2
3 362 2
3 377 2
3 394 2
3 424 2
3 462 2
3 466 2
3 469 2
3 494 2
3 497 2
3 534 2
3 550 2
3 596 2
3 606 2
3 607 2
3 610 2
3 617 2
3 635 2
3 642 2
3 670 2
3 672 2
3 763 2
3 772 2
3 783 2
3 849 2
3 925 2
3 936 2
3 962 2
3 4 2
3 6 2
3 13 2
3 28 2
3 35 2
3 42 2
3 53 2
3 61 2
3 64 2
3 65 2
3 68 2
3 79 2
3 94 2
3 107 2
3 134 2
3 146 2
3 188 2
3 231 2
3 246 2
3 291 2
3 321 2
3 349 2
3 364 2
3 425 2
3 435 2
3 444 2
3 600 2
3 609 2
3 676 2
3 686 2
3 702 2
3 814 2
3 882 2
3 937 2
3 975 2
3 995 2
4 13 2
4 21 2
4 31 2
4 40 2
4 47 2
4 59 2
4 63 2
4 65 2
4 87 2
4 102 2
4 105 2
4 117 2
4 144 2
4 190 2
4 298 2
4 334 2
4 368 2
4 450 2
4 492 2
4 518 2
4 543 2
4 596 2
4 670 2
4 706 2
4 761 2
4 824 2
4 839 2
4 886 2
4 918 2
4 978 2
4 989 2
4 5 2
4 7 2
4 9 2
4 10 2
4 12 2
4 17 2
4 19 2
4 20 2
4 24 2
4 25 2
4 26 2
4 27 2
4 28 2
4 34 2
4 37 2
4 43 2
4 55 2
4 62 2
4 64 2
4 68 2
4 74 2
4 81 2
4 88 2
4 95 2
4 106 2
4 108 2
4 123 2
4 134 2
4 138 2
4 147 2
4 150 2
4 181 2
4 194 2
4 195 2
4 196 2
4 197 2
4 199 2
4 204 2
4 223 2
4 239 2
4 244 2
4 275 2
4 288 2
4 305 2
4 345 2
4 349 2
4 354 2
4 399 2
4 417 2
4 420 2
4 447 2
4 472 2
4 478 2
4 485 2
4 523 2
4 558 2
4 594 2
4 631 2
4 682 2
4 719 2
4 733 2
4 754 2
4 764 2
4 807 2
4 868 2
4 889 2
4 915 2
5 6 2
5 11 2
5 16 2
5 35 2
5 49 2
5 51 2
5 78 2
5 83 2
5 93 2
5 94 2
5 99 2
5 129 2
5 155 2
5 160 2
5 163 2
5 172 2
5 179 2
5 180 2
5 181 2
5 208 2
5 210 2
5 227 2
5 242 2
5 258 2
5 261 2
5 265 2
5 275 2
5 278 2
5 318 2
5 322 2
5 352 2
5 354 2
5 376 2
5 382 2
5 415 2
5 424 2
5 425 2
5 467 2
5 485 2
5 486 2
5 488 2
5 495 2
5 500 2
5 613 2
5 643 2
5 651 2
5 694 2
5 718 2
5 732 2
5 742 2
5 924 2
5 952 2
5 7 2
5 8 2
5 9 2
5 12 2
5 15 2
5 17 2
5 18 2
5 20 2
5 26 2
5 37 2
5 38 2
5 44 2
5 46 2
5 50 2
5 57 2
5 72 2
5 76 2
5 89 2
5 113 2
5 114 2
5 119 2
5 127 2
5 138 2
5 149 2
5 158 2
5 165 2
5 168 2
5 171 2
5 177 2
5 183 2
5 186 2
5 189 2
5 203 2
5 229 2
5 267 2
5 282 2
5 311 2
5 317 2
5 333 2
5 381 2
5 397 2
5 414 2
5 433 2
5 442 2
5 458 2
5 483 2
5 498 2
5 499 2
5 509 2
5 514 2
5 527 2
5 528 2
5 530 2
5 564 2
5 569 2
5 595 2
5 596 2
5 614 2
5 619 2
5 630 2
5 669 2
5 757 2
5 801 2
5 837 2
5 839 2
5 840 2
5 844 2
5 863 2
5 890 2
5 894 2
5 898 2
5 946 2
5 971 2
5 981 2
6 7 2
6 9 2
6 16 2
6 88 2
6 89 2
6 154 2
6 211 2
6 231 2
6 550 2
6 648 2
6 783 2
6 801 2
6 11 2
6 13 2
6 21 2
6 23 2
6 29 2
6 42 2
6 54 2
6 56 2
6 60 2
6 66 2
6 67 2
6 104 2
6 110 2
6 116 2
6 125 2
6 187 2
6 192 2
6 193 2
6 216 2
6 242 2
6 297 2
6 302 2
6 316 2
6 321 2
6 366 2
6 408 2
6 409 2
6 413 2
6 423 2
6 431 2
6 493 2
6 495 2
6 584 2
6 638 2
6 673 2
6 702 2
6 704 2
6 710 2
7 9 2
7 15 2
7 25 2
7 28 2
7 78 2
7 88 2
7 108 2
7 128 2
7 160 2
7 198 2
7 211 2
7 214 2
7 244 2
7 327 2
7 467 2
7 501 2
7 550 2
7 681 2
7 757 2
7 808 2
7 849 2
7 930 2
7 8 2
7 18 2
7 19 2
7 22 2
7 32 2
7 36 2
7 41 2
7 43 2
7 63 2
7 86 2
7 90 2
7 115 2
7 171 2
7 186 2
7 263 2
7 267 2
7 324 2
7 354 2
7 406 2
7 407 2
7 549 2
7 685 2
7 745 2
7 752 2
7 809 2
7 886 2
8 10 2
8 11 2
8 12 2
8 14 2
8 26 2
8 27 2
8 34 2
8 42 2
8 51 2
8 52 2
8 70 2
8 74 2
8 77 2
8 83 2
8 85 2
8 96 2
8 97 2
8 106 2
8 107 2
8 112 2
8 115 2
8 124 2
8 127 2
8 163 2
8 165 2
8 175 2
8 179 2
8 188 2
8 202 2
8 207 2
8 218 2
8 236 2
8 248 2
8 250 2
8 253 2
8 256 2
8 276 2
8 290 2
8 308 2
8 315 2
8 316 2
8 338 2
8 343 2
8 345 2
8 347 2
8 472 2
8 499 2
8 515 2
8 539 2
8 541 2
8 546 2
8 563 2
8 634 2
8 667 2
8 685 2
8 715 2
8 726 2
8 729 2
8 731 2
8 738 2
8 747 2
8 754 2
8 768 2
8 776 2
8 797 2
8 806 2
8 820 2
8 832 2
8 860 2
8 876 2
8 897 2
8 898 2
8 954 2
8 959 2
8 966 2
8 979 2
8 18 2
8 22 2
8 33 2
8 36 2
8 58 2
8 137 2
8 333 2
8 422 2
8 595 2
8 642 2
8 750 2
8 896 2
8 925 2
9 16 2
9 88 2
9 108 2
9 128 2
9 149 2
9 162 2
9 210 2
9 231 2
9 244 2
9 278 2
9 292 2
9 327 2
9 361 2
9 366 2
9 369 2
9 402 2
9 433 2
9 470 2
9 489 2
9 662 2
9 669 2
9 704 2
9 796 2
9 854 2
9 922 2
9 10 2
9 12 2
9 14 2
9 15 2
9 25 2
9 27 2
9 38 2
9 39 2
9 40 2
9 52 2
9 76 2
9 78 2
9 80 2
9 99 2
9 152 2
9 197 2
9 199 2
9 298 2
9 317 2
9 326 2
9 336 2
9 344 2
9 397 2
9 424 2
9 460 2
9 468 2
9 469 2
9 490 2
9 523 2
9 542 2
9 558 2
9 590 2
9 593 2
9 650 2
9 680 2
9 744 2
9 749 2
9 836 2
9 858 2
9 862 2
10 12 2
10 17 2
10 18 2
10 19 2
10 26 2
10 27 2
10 32 2
10 36 2
10 39 2
10 42 2
10 46 2
10 52 2
10 53 2
10 60 2
10 61 2
10 84 2
10 118 2
10 124 2
10 125 2
10 143 2
10 145 2
10 158 2
10 164 2
10 171 2
10 173 2
10 220 2
10 235 2
10 293 2
10 305 2
10 323 2
10 325 2
10 333 2
10 340 2
10 359 2
10 386 2
10 391 2
10 392 2
10 393 2
10 428 2
10 473 2
10 512 2
10 517 2
10 535 2
10 561 2
10 563 2
10 570 2
10 593 2
10 600 2
10 603 2
10 634 2
10 650 2
10 652 2
10 678 2
10 693 2
10 714 2
10 725 2
10 736 2
10 751 2
10 774 2
10 785 2
10 821 2
10 859 2
10 861 2
10 907 2
10 965 2
10 14 2
10 25 2
10 74 2
10 78 2
10 142 2
10 166 2
10 479 2
11 77 2
11 83 2
11 93 2
11 94 2
11 111 2
11 129 2
11 152 2
11 155 2
11 165 2
11 234 2
11 241 2
11 247 2
11 263 2
11 276 2
11 288 2
11 406 2
11 415 2
11 559 2
11 579 2
11 685 2
11 694 2
11 697 2
11 709 2
11 867 2
11 898 2
11 16 2
11 21 2
11 23 2
11 29 2
11 47 2
11 49 2
11 59 2
11 73 2
11 75 2
11 96 2
11 97 2
11 98 2
11 105 2
11 124 2
11 136 2
11 139 2
11 151 2
11 153 2
11 169 2
11 178 2
11 182 2
11 192 2
11 216 2
11 224 2
11 248 2
11 249 2
11 271 2
11 279 2
11 297 2
11 300 2
11 312 2
11 316 2
11 366 2
11 367 2
11 388 2
11 437 2
11 451 2
11 482 2
11 547 2
11 550 2
11 551 2
11 574 2
11 620 2
11 621 2
11 662 2
11 666 2
11 688 2
11 700 2
11 710 2
11 732 2
11 736 2
11 784 2
11 791 2
11 805 2
11 808 2
11 825 2
11 856 2
11 877 2
11 900 2
11 923 2
11 943 2
11 945 2
11 990 2
11 993 2
12 14 2
12 27 2
12 32 2
12 45 2
12 50 2
12 79 2
12 91 2
12 98 2
12 118 2
12 123 2
12 134 2
12 166 2
12 185 2
12 194 2
12 209 2
12 217 2
12 232 2
12 236 2
12 237 2
12 248 2
12 255 2
12 277 2
12 296 2
12 304 2
12 343 2
12 358 2
12 400 2
12 432 2
12 480 2
12 504 2
12 525 2
12 545 2
12 577 2
12 756 2
12 764 2
12 778 2
12 781 2
12 798 2
12 807 2
12 926 2
12 965 2
12 15 2
12 17 2
12 34 2
12 57 2
12 72 2
12 114 2
12 135 2
12 140 2
12 148 2
12 191 2
12 199 2
12 221 2
12 298 2
12 319 2
12 322 2
12 338 2
12 385 2
12 416 2
12 417 2
12 465 2
12 490 2
12 544 2
12 721 2
12 924 2
12 970 2
13 20 2
13 21 2
13 23 2
13 186 2
13 190 2
13 251 2
13 330 2
13 508 2
13 537 2
13 698 2
13 706 2
13 744 2
13 886 2
13 901 2
13 918 2
13 980 2
13 982 2
13 987 2
13 42 2
13 53 2
13 66 2
13 193 2
13 214 2
13 231 2
13 291 2
13 408 2
13 540 2
13 708 2
13 975 2
14 22 2
14 45 2
14 50 2
14 68 2
14 76 2
14 104 2
14 115 2
14 184 2
14 205 2
14 237 2
14 238 2
14 264 2
14 269 2
14 286 2
14 299 2
14 353 2
14 388 2
14 401 2
14 453 2
14 478 2
14 503 2
14 511 2
14 552 2
14 555 2
14 557 2
14 567 2
14 584 2
14 664 2
14 729 2
14 793 2
14 811 2
14 39 2
14 166 2
14 542 2
14 816 2
14 930 2
15 25 2
15 35 2
15 67 2
15 113 2
15 122 2
15 160 2
15 180 2
15 270 2
15 317 2
15 689 2
15 742 2
15 757 2
15 766 2
15 38 2
15 40 2
15 57 2
15 89 2
15 112 2
15 131 2
15 183 2
15 189 2
15 298 2
15 322 2
15 460 2
15 469 2
15 587 2
15 667 2
15 675 2
15 699 2
15 883 2
15 888 2
15 960 2
15 981 2
16 149 2
16 162 2
16 231 2
16 425 2
16 465 2
16 470 2
16 568 2
16 669 2
16 30 2
16 47 2
16 49 2
16 51 2
16 92 2
16 111 2
16 136 2
16 178 2
16 206 2
16 225 2
16 237 2
16 243 2
16 308 2
16 395 2
16 427 2
16 441 2
16 481 2
16 502 2
16 811 2
16 859 2
16 984 2
17 19 2
17 37 2
17 41 2
17 48 2
17 54 2
17 61 2
17 62 2
17 69 2
17 82 2
17 119 2
17 140 2
17 200 2
17 260 2
17 273 2
17 297 2
17 300 2
17 309 2
17 373 2
17 386 2
17 520 2
17 538 2
17 644 2
17 647 2
17 649 2
17 741 2
17 794 2
17 828 2
17 835 2
17 836 2
17 858 2
17 878 2
17 910 2
17 973 2
17 983 2
17 20 2
17 34 2
17 55 2
17 114 2
17 135 2
17 191 2
17 203 2
17 221 2
17 414 2
17 439 2
17 480 2
17 489 2
17 597 2
17 674 2
17 733 2
17 754 2
17 762 2
17 787 2
17 926 2
18 26 2
18 70 2
18 74 2
18 84 2
18 86 2
18 133 2
18 303 2
18 316 2
18 359 2
18 498 2
18 526 2
18 542 2
18 658 2
18 696 2
18 699 2
18 717 2
18 997 2
18 36 2
18 58 2
18 171 2
18 324 2
18 353 2
18 363 2
18 499 2
18 505 2
18 576 2
18 595 2
18 750 2
18 896 2
18 964 2
18 983 2
19 37 2
19 46 2
19 54 2
19 150 2
19 379 2
19 386 2
19 512 2
19 586 2
19 626 2
19 765 2
19 983 2
19 24 2
19 41 2
19 43 2
19 45 2
19 71 2
19 84 2
19 86 2
19 87 2
19 90 2
19 103 2
19 115 2
19 117 2
19 120 2
19 155 2
19 156 2
19 159 2
19 172 2
19 174 2
19 211 2
19 223 2
19 241 2
19 245 2
19 259 2
19 269 2
19 280 2
19 296 2
19 307 2
19 394 2
19 508 2
19 561 2
19 582 2
19 690 2
19 696 2
19 764 2
19 902 2
19 915 2
19 962 2
19 989 2
20 23 2
20 100 2
20 251 2
20 307 2
20 330 2
20 411 2
20 508 2
20 628 2
20 637 2
20 688 2
20 837 2
20 840 2
20 26 2
20 50 2
20 55 2
20 81 2
20 106 2
20 128 2
20 145 2
20 203 2
20 275 2
20 293 2
20 489 2
20 611 2
20 929 2
21 105 2
21 186 2
21 334 2
21 492 2
21 789 2
21 886 2
21 980 2
21 23 2
21 54 2
21 56 2
21 60 2
21 67 2
21 70 2
21 73 2
21 96 2
21 97 2
21 98 2
21 109 2
21 116 2
21 213 2
21 218 2
21 261 2
21 265 2
21 286 2
21 357 2
21 387 2
21 411 2
21 412 2
21 477 2
21 532 2
21 543 2
21 589 2
21 663 2
21 753 2
21 826 2
21 838 2
21 850 2
21 887 2
21 893 2
21 900 2
21 916 2
21 950 2
22 97 2
22 104 2
22 109 2
22 115 2
22 148 2
22 167 2
22 218 2
22 253 2
22 290 2
22 404 2
22 457 2
22 468 2
22 478 2
22 503 2
22 546 2
22 552 2
22 555 2
22 566 2
22 633 2
22 673 2
22 676 2
22 797 2
22 819 2
22 906 2
22 32 2
22 33 2
22 63 2
22 126 2
22 330 2
22 371 2
22 390 2
22 422 2
22 430 2
22 545 2
23 55 2
23 57 2
23 100 2
23 230 2
23 508 2
23 637 2
23 840 2
23 880 2
23 987 2
23 54 2
23 98 2
23 139 2
23 192 2
23 663 2
23 688 2
23 700 2
23 753 2
23 812 2
24 31 2
24 40 2
24 44 2
24 47 2
24 56 2
24 59 2
24 64 2
24 95 2
24 116 2
24 146 2
24 193 2
24 196 2
24 212 2
24 239 2
24 245 2
24 262 2
24 363 2
24 494 2
24 507 2
24 606 2
24 700 2
24 713 2
24 746 2
24 805 2
24 824 2
24 888 2
24 909 2
24 87 2
24 121 2
24 195 2
24 223 2
24 268 2
24 283 2
24 376 2
24 420 2
24 475 2
24 485 2
24 518 2
24 579 2
24 601 2
24 691 2
24 851 2
24 979 2
25 28 2
25 29 2
25 30 2
25 43 2
25 132 2
25 139 2
25 178 2
25 214 2
25 280 2
25 501 2
25 660 2
25 711 2
25 981 2
25 27 2
25 78 2
25 80 2
25 142 2
25 147 2
25 152 2
25 170 2
25 210 2
25 255 2
25 326 2
25 468 2
25 479 2
25 626 2
25 862 2
26 316 2
26 499 2
26 542 2
26 775 2
26 817 2
26 37 2
26 44 2
26 50 2
26 62 2
26 77 2
26 81 2
26 85 2
26 113 2
26 118 2
26 229 2
26 239 2
26 247 2
26 293 2
26 381 2
26 455 2
26 487 2
26 520 2
26 848 2
26 998 2
27 34 2
27 36 2
27 39 2
27 53 2
27 75 2
27 81 2
27 85 2
27 91 2
27 92 2
27 96 2
27 101 2
27 126 2
27 143 2
27 170 2
27 175 2
27 195 2
27 202 2
27 203 2
27 226 2
27 229 2
27 232 2
27 281 2
27 294 2
27 296 2
27 304 2
27 319 2
27 347 2
27 349 2
27 371 2
27 392 2
27 407 2
27 431 2
27 447 2
27 477 2
27 481 2
27 536 2
27 556 2
27 569 2
27 570 2
27 575 2
27 581 2
27 587 2
27 728 2
27 735 2
27 750 2
27 809 2
27 876 2
27 884 2
27 897 2
27 914 2
27 928 2
27 942 2
27 945 2
27 947 2
27 955 2
27 958 2
27 80 2
27 147 2
27 194 2
27 197 2
27 204 2
27 230 2
27 336 2
27 340 2
27 467 2
27 478 2
27 507 2
27 593 2
27 606 2
27 636 2
27 692 2
27 707 2
27 744 2
27 759 2
27 768 2
27 795 2
27 828 2
27 836 2
27 911 2
28 29 2
28 30 2
28 38 2
28 43 2
28 141 2
28 178 2
28 198 2
28 274 2
28 280 2
28 324 2
28 336 2
28 496 2
28 505 2
28 558 2
28 612 2
28 760 2
28 64 2
28 107 2
28 209 2
28 364 2
28 369 2
28 402 2
28 419 2
28 470 2
28 676 2
28 774 2
28 870 2
29 30 2
29 38 2
29 58 2
29 132 2
29 139 2
29 141 2
29 151 2
29 266 2
29 271 2
29 272 2
29 301 2
29 311 2
29 321 2
29 413 2
29 417 2
29 434 2
29 497 2
29 505 2
29 619 2
29 660 2
29 743 2
29 962 2
29 59 2
29 75 2
29 110 2
29 274 2
29 297 2
29 388 2
29 678 2
29 819 2
29 820 2
29 903 2
29 922 2
29 947 2
30 139 2
30 141 2
30 271 2
30 274 2
30 280 2
30 311 2
30 558 2
30 573 2
30 711 2
30 31 2
30 48 2
30 51 2
30 82 2
30 154 2
30 208 2
30 342 2
30 346 2
30 347 2
30 361 2
30 375 2
30 389 2
30 395 2
30 398 2
30 401 2
30 464 2
30 524 2
30 525 2
30 624 2
30 625 2
30 756 2
30 765 2
30 800 2
30 815 2
30 847 2
30 949 2
30 985 2
30 997 2
31 44 2
31 47 2
31 56 2
31 314 2
31 346 2
31 642 2
31 670 2
31 48 2
31 69 2
31 154 2
31 163 2
31 201 2
31 205 2
31 236 2
31 264 2
31 347 2
31 365 2
31 464 2
31 524 2
31 534 2
31 570 2
31 633 2
31 761 2
31 829 2
31 949 2
31 969 2
31 978 2
32 118 2
32 123 2
32 185 2
32 220 2
32 255 2
32 305 2
32 340 2
32 348 2
32 355 2
32 393 2
32 398 2
32 449 2
32 476 2
32 535 2
32 582 2
32 655 2
32 675 2
32 889 2
32 63 2
32 126 2
32 263 2
32 390 2
32 908 2
33 313 2
33 399 2
33 330 2
33 422 2
33 430 2
33 874 2
33 966 2
34 91 2
34 175 2
34 229 2
34 236 2
34 480 2
34 481 2
34 747 2
34 756 2
34 135 2
34 148 2
34 319 2
34 331 2
34 754 2
34 926 2
34 970 2
35 49 2
35 67 2
35 99 2
35 180 2
35 242 2
35 317 2
35 643 2
35 763 2
35 772 2
35 877 2
35 61 2
35 65 2
35 79 2
35 101 2
35 122 2
35 161 2
35 167 2
35 215 2
35 228 2
35 306 2
35 315 2
35 440 2
35 448 2
35 571 2
35 585 2
35 608 2
35 655 2
35 814 2
35 878 2
35 897 2
36 39 2
36 42 2
36 60 2
36 85 2
36 92 2
36 103 2
36 112 2
36 114 2
36 136 2
36 173 2
36 216 2
36 257 2
36 365 2
36 397 2
36 421 2
36 549 2
36 680 2
36 724 2
36 821 2
36 953 2
36 58 2
36 137 2
36 284 2
36 303 2
36 531 2
36 580 2
36 901 2
37 41 2
37 54 2
37 71 2
37 72 2
37 73 2
37 82 2
37 224 2
37 233 2
37 249 2
37 260 2
37 285 2
37 390 2
37 422 2
37 442 2
37 544 2
37 599 2
37 641 2
37 644 2
37 665 2
37 773 2
37 903 2
37 44 2
37 62 2
37 77 2
37 85 2
37 93 2
37 95 2
37 127 2
37 138 2
37 162 2
37 177 2
37 433 2
37 471 2
37 472 2
37 520 2
37 563 2
37 565 2
37 738 2
37 776 2
37 865 2
37 890 2
37 999 2
38 58 2
38 266 2
38 324 2
38 434 2
38 462 2
38 833 2
38 40 2
38 52 2
38 89 2
38 112 2
38 198 2
38 358 2
38 590 2
38 644 2
38 914 2
38 960 2
39 53 2
39 75 2
39 81 2
39 121 2
39 125 2
39 158 2
39 173 2
39 203 2
39 226 2
39 333 2
39 397 2
39 509 2
39 529 2
39 654 2
39 902 2
39 99 2
39 368 2
39 542 2
39 749 2
39 816 2
39 931 2
40 59 2
40 63 2
40 95 2
40 846 2
40 929 2
40 52 2
40 198 2
40 227 2
40 445 2
40 460 2
40 644 2
40 661 2
41 48 2
41 66 2
41 82 2
41 119 2
41 140 2
41 224 2
41 273 2
41 302 2
41 390 2
41 416 2
41 442 2
41 790 2
41 828 2
41 858 2
41 45 2
41 86 2
41 117 2
41 259 2
41 289 2
41 370 2
41 394 2
41 486 2
41 503 2
41 513 2
41 616 2
41 796 2
41 954 2
42 52 2
42 60 2
42 112 2
42 114 2
42 136 2
42 171 2
42 350 2
42 365 2
42 372 2
42 510 2
42 539 2
42 549 2
42 588 2
42 593 2
42 605 2
42 608 2
42 622 2
42 625 2
42 740 2
42 810 2
42 853 2
42 869 2
42 961 2
42 984 2
42 66 2
42 214 2
42 231 2
42 246 2
42 491 2
42 493 2
42 540 2
42 609 2
42 686 2
42 708 2
43 178 2
43 214 2
43 496 2
43 612 2
43 981 2
43 354 2
43 407 2
43 764 2
44 56 2
44 64 2
44 146 2
44 183 2
44 193 2
44 314 2
44 346 2
44 375 2
44 700 2
44 727 2
44 85 2
44 93 2
44 113 2
44 118 2
44 127 2
44 133 2
44 149 2
44 455 2
44 487 2
44 514 2
44 689 2
44 728 2
44 740 2
44 866 2
44 921 2
44 988 2
45 50 2
45 68 2
45 76 2
45 79 2
45 90 2
45 98 2
45 110 2
45 130 2
45 131 2
45 134 2
45 156 2
45 161 2
45 182 2
45 205 2
45 215 2
45 223 2
45 282 2
45 286 2
45 432 2
45 436 2
45 441 2
45 443 2
45 456 2
45 479 2
45 548 2
45 571 2
45 601 2
45 664 2
45 701 2
45 719 2
45 793 2
45 798 2
45 807 2
45 826 2
45 834 2
45 71 2
45 84 2
45 117 2
45 120 2
45 143 2
45 289 2
45 348 2
45 374 2
45 462 2
45 726 2
45 742 2
45 790 2
45 796 2
46 150 2
46 159 2
46 228 2
46 435 2
46 487 2
46 512 2
46 626 2
46 678 2
46 765 2
46 619 2
46 971 2
47 49 2
47 92 2
47 124 2
47 153 2
47 169 2
47 173 2
47 176 2
47 179 2
47 202 2
47 224 2
47 270 2
47 277 2
47 645 2
47 656 2
47 739 2
47 775 2
47 810 2
47 811 2
47 830 2
47 842 2
47 861 2
47 932 2
47 984 2
48 62 2
48 66 2
48 69 2
48 140 2
48 538 2
48 540 2
48 794 2
48 887 2
48 154 2
48 163 2
48 184 2
48 201 2
48 205 2
48 208 2
48 220 2
48 233 2
48 236 2
48 276 2
48 342 2
48 392 2
48 537 2
48 570 2
48 639 2
48 913 2
48 969 2
49 99 2
49 763 2
49 124 2
49 136 2
49 151 2
49 173 2
49 179 2
49 248 2
49 260 2
49 327 2
49 461 2
49 484 2
49 519 2
49 729 2
49 967 2
50 68 2
50 90 2
50 134 2
50 156 2
50 184 2
50 223 2
50 237 2
50 238 2
50 243 2
50 269 2
50 277 2
50 287 2
50 306 2
50 331 2
50 339 2
50 353 2
50 387 2
50 443 2
50 446 2
50 557 2
50 601 2
50 695 2
50 915 2
50 937 2
50 971 2
50 986 2
50 229 2
50 293 2
51 127 2
51 174 2
51 181 2
51 189 2
51 208 2
51 213 2
51 225 2
51 261 2
51 322 2
51 356 2
51 604 2
51 616 2
51 638 2
51 659 2
51 739 2
51 784 2
51 893 2
51 899 2
51 82 2
51 91 2
51 100 2
51 111 2
51 141 2
51 157 2
51 234 2
51 355 2
51 429 2
51 632 2
51 660 2
51 723 2
52 124 2
52 593 2
52 198 2
52 227 2
52 310 2
52 445 2
52 573 2
52 590 2
52 706 2
52 783 2
52 803 2
52 914 2
53 75 2
53 125 2
53 143 2
53 164 2
53 201 2
53 357 2
53 600 2
53 652 2
53 654 2
53 725 2
53 734 2
53 958 2
54 644 2
54 647 2
54 665 2
54 56 2
54 70 2
54 242 2
54 252 2
54 337 2
54 474 2
54 747 2
54 753 2
54 963 2
55 57 2
55 80 2
55 100 2
55 230 2
55 411 2
55 576 2
55 106 2
55 128 2
55 129 2
55 145 2
55 150 2
55 200 2
55 256 2
55 339 2
55 457 2
55 489 2
55 492 2
55 506 2
55 512 2
55 521 2
55 546 2
55 591 2
55 597 2
55 613 2
55 684 2
55 711 2
55 733 2
55 762 2
55 770 2
55 869 2
55 942 2
56 146 2
56 183 2
56 245 2
56 346 2
56 445 2
56 795 2
56 67 2
56 70 2
56 242 2
56 252 2
56 262 2
56 265 2
56 286 2
56 302 2
56 337 2
56 474 2
56 603 2
56 704 2
56 963 2
57 80 2
57 204 2
57 594 2
57 687 2
57 977 2
57 72 2
57 140 2
57 158 2
57 183 2
57 322 2
57 338 2
57 386 2
57 465 2
57 566 2
57 583 2
57 699 2
57 721 2
58 151 2
58 266 2
58 301 2
58 137 2
58 284 2
58 642 2
58 750 2
59 87 2
59 368 2
59 410 2
59 440 2
59 532 2
59 75 2
59 274 2
59 367 2
59 379 2
59 451 2
59 903 2
59 922 2
59 935 2
59 993 2
60 114 2
60 171 2
60 350 2
60 774 2
60 104 2
60 334 2
60 357 2
60 647 2
60 714 2
61 145 2
61 219 2
61 312 2
61 391 2
61 79 2
61 188 2
61 212 2
61 215 2
61 226 2
61 306 2
61 315 2
61 341 2
61 515 2
61 833 2
61 937 2
62 69 2
62 200 2
62 300 2
62 674 2
62 77 2
62 95 2
62 162 2
62 247 2
62 471 2
62 594 2
62 682 2
62 807 2
62 876 2
62 879 2
63 846 2
63 929 2
63 931 2
63 390 2
63 545 2
64 239 2
64 295 2
64 439 2
64 68 2
64 88 2
64 94 2
64 102 2
64 132 2
64 146 2
64 181 2
64 257 2
64 258 2
64 278 2
64 292 2
64 318 2
64 320 2
64 364 2
64 369 2
64 438 2
64 449 2
64 588 2
64 634 2
64 717 2
64 806 2
64 891 2
64 936 2
65 102 2
65 144 2
65 383 2
65 427 2
65 752 2
65 936 2
65 571 2
65 814 2
66 193 2
66 214 2
66 493 2
67 113 2
67 122 2
67 317 2
67 408 2
67 689 2
67 772 2
67 116 2
67 125 2
67 302 2
67 314 2
67 603 2
67 835 2
68 90 2
68 184 2
68 205 2
68 401 2
68 453 2
68 479 2
68 695 2
68 770 2
68 800 2
68 811 2
68 868 2
68 938 2
68 88 2
68 94 2
68 102 2
68 108 2
68 132 2
68 257 2
68 281 2
68 382 2
68 634 2
68 648 2
68 681 2
69 200 2
69 297 2
69 459 2
69 794 2
69 973 2
69 83 2
69 207 2
69 251 2
69 264 2
69 301 2
69 335 2
69 713 2
70 74 2
70 106 2
70 107 2
70 133 2
70 147 2
70 169 2
70 188 2
70 192 2
70 250 2
70 303 2
70 490 2
70 498 2
70 526 2
70 554 2
70 677 2
70 812 2
70 827 2
70 832 2
70 905 2
70 966 2
70 252 2
70 262 2
70 265 2
70 747 2
70 958 2
71 72 2
71 249 2
71 291 2
71 409 2
71 493 2
71 586 2
71 663 2
71 671 2
71 708 2
71 831 2
71 838 2
71 900 2
71 912 2
71 951 2
71 84 2
71 143 2
71 156 2
71 232 2
71 235 2
71 266 2
71 269 2
71 299 2
71 325 2
71 372 2
71 404 2
71 452 2
71 462 2
71 533 2
71 556 2
71 628 2
71 664 2
71 734 2
71 790 2
71 793 2
72 73 2
72 137 2
72 199 2
72 249 2
72 285 2
72 291 2
72 337 2
72 409 2
72 493 2
72 583 2
72 663 2
72 712 2
72 773 2
72 802 2
72 804 2
72 831 2
72 904 2
72 998 2
72 140 2
72 158 2
73 137 2
73 544 2
73 583 2
73 904 2
73 96 2
73 105 2
73 109 2
73 144 2
73 213 2
73 285 2
73 428 2
73 463 2
73 482 2
73 494 2
73 538 2
73 550 2
73 552 2
73 598 2
73 610 2
73 720 2
73 751 2
73 773 2
73 853 2
73 928 2
74 107 2
74 133 2
74 147 2
74 169 2
74 192 2
74 252 2
74 502 2
74 627 2
74 892 2
74 959 2
74 196 2
74 343 2
75 81 2
75 101 2
75 121 2
75 126 2
75 135 2
75 195 2
75 289 2
75 294 2
75 351 2
75 378 2
75 523 2
75 621 2
75 654 2
75 871 2
75 940 2
75 945 2
75 958 2
75 991 2
75 903 2
75 935 2
75 993 2
76 130 2
76 511 2
76 567 2
76 119 2
76 311 2
76 317 2
76 344 2
76 498 2
76 509 2
76 622 2
76 652 2
76 737 2
76 801 2
76 858 2
76 898 2
77 111 2
77 234 2
77 685 2
77 162 2
77 247 2
77 520 2
77 563 2
77 738 2
77 848 2
77 865 2
77 998 2
78 244 2
78 808 2
78 142 2
78 170 2
78 326 2
78 424 2
78 786 2
79 98 2
79 110 2
79 120 2
79 138 2
79 268 2
79 461 2
79 595 2
79 721 2
79 737 2
79 188 2
79 212 2
79 306 2
79 432 2
79 849 2
79 878 2
79 897 2
80 204 2
80 360 2
80 687 2
80 908 2
80 152 2
80 336 2
81 101 2
81 121 2
81 135 2
81 170 2
81 203 2
81 289 2
81 344 2
81 349 2
81 521 2
81 529 2
81 536 2
81 575 2
81 632 2
81 902 2
81 239 2
81 275 2
81 288 2
81 611 2
82 119 2
82 224 2
82 233 2
82 260 2
82 302 2
82 341 2
82 455 2
82 641 2
82 825 2
82 91 2
82 160 2
82 164 2
82 346 2
82 355 2
82 389 2
82 400 2
82 536 2
82 617 2
82 658 2
82 660 2
82 694 2
82 765 2
82 815 2
82 940 2
83 93 2
83 163 2
83 165 2
83 168 2
83 172 2
83 177 2
83 222 2
83 267 2
83 279 2
83 376 2
83 385 2
83 437 2
83 482 2
83 578 2
83 738 2
83 768 2
83 857 2
83 865 2
83 870 2
83 207 2
83 217 2
83 335 2
84 86 2
84 320 2
84 323 2
84 359 2
84 428 2
84 696 2
84 699 2
84 143 2
84 156 2
84 232 2
84 235 2
84 348 2
84 473 2
85 92 2
85 96 2
85 103 2
85 587 2
85 728 2
85 992 2
85 93 2
85 133 2
85 455 2
85 565 2
85 709 2
85 921 2
86 320 2
86 364 2
86 438 2
86 699 2
86 717 2
86 90 2
86 172 2
86 406 2
86 886 2
87 368 2
87 410 2
87 518 2
87 532 2
87 824 2
87 103 2
87 121 2
87 159 2
87 250 2
87 579 2
87 640 2
87 794 2
87 884 2
88 211 2
88 704 2
88 102 2
88 108 2
88 123 2
88 181 2
88 258 2
88 278 2
88 281 2
88 294 2
88 329 2
88 410 2
88 588 2
88 649 2
88 763 2
88 779 2
88 875 2
89 112 2
89 131 2
89 189 2
89 358 2
89 528 2
89 562 2
89 667 2
90 156 2
90 456 2
90 479 2
90 679 2
90 701 2
90 800 2
90 845 2
90 115 2
90 155 2
90 172 2
90 245 2
90 406 2
90 453 2
90 488 2
90 549 2
90 902 2
90 977 2
91 229 2
91 232 2
91 756 2
91 100 2
91 141 2
91 160 2
91 164 2
91 180 2
91 234 2
91 355 2
91 356 2
91 400 2
91 617 2
91 632 2
92 103 2
92 728 2
92 225 2
92 237 2
92 393 2
92 811 2
92 932 2
93 94 2
93 152 2
93 172 2
93 176 2
93 258 2
93 263 2
93 267 2
93 279 2
93 288 2
93 385 2
93 585 2
93 615 2
93 651 2
93 653 2
93 732 2
93 733 2
93 856 2
93 924 2
93 133 2
93 565 2
93 709 2
93 776 2
94 129 2
94 152 2
94 176 2
94 241 2
94 367 2
94 370 2
94 454 2
94 559 2
94 732 2
94 733 2
94 852 2
94 960 2
94 146 2
94 257 2
94 318 2
94 806 2
94 995 2
95 262 2
95 363 2
95 389 2
95 423 2
95 909 2
95 594 2
96 202 2
96 431 2
96 587 2
96 992 2
96 97 2
96 109 2
96 182 2
96 218 2
96 285 2
96 290 2
96 309 2
96 352 2
96 359 2
96 378 2
96 387 2
96 403 2
96 418 2
96 428 2
96 466 2
96 482 2
96 494 2
96 510 2
96 581 2
96 602 2
96 620 2
96 629 2
96 892 2
97 109 2
97 148 2
97 207 2
97 516 2
97 633 2
97 182 2
97 218 2
97 271 2
97 352 2
97 418 2
97 554 2
97 850 2
97 892 2
97 912 2
97 943 2
98 110 2
98 138 2
98 142 2
98 153 2
98 191 2
98 284 2
98 414 2
98 432 2
98 548 2
98 595 2
98 602 2
98 666 2
98 721 2
98 139 2
98 663 2
98 812 2
98 900 2
98 950 2
98 965 2
99 242 2
99 368 2
99 680 2
99 749 2
99 931 2
100 230 2
100 411 2
100 576 2
100 880 2
100 141 2
100 180 2
100 190 2
100 240 2
100 429 2
100 436 2
100 845 2
101 126 2
101 135 2
101 170 2
101 523 2
101 556 2
101 632 2
101 750 2
101 871 2
101 991 2
101 122 2
101 130 2
101 167 2
101 219 2
101 548 2
101 701 2
101 857 2
102 117 2
102 298 2
102 383 2
102 412 2
102 452 2
102 752 2
102 803 2
102 843 2
102 978 2
102 132 2
102 258 2
102 281 2
102 292 2
102 382 2
102 648 2
102 649 2
102 782 2
102 891 2
103 159 2
103 296 2
104 264 2
104 283 2
104 299 2
104 329 2
104 478 2
104 584 2
104 187 2
104 287 2
104 334 2
104 409 2
104 434 2
104 647 2
105 197 2
105 334 2
105 450 2
105 789 2
105 839 2
105 144 2
105 550 2
105 610 2
105 784 2
106 490 2
106 832 2
106 128 2
106 129 2
106 150 2
106 447 2
106 457 2
106 521 2
106 567 2
106 612 2
106 841 2
106 929 2
107 169 2
107 188 2
107 338 2
107 345 2
107 502 2
107 554 2
107 591 2
107 627 2
107 677 2
107 815 2
107 896 2
107 959 2
107 209 2
107 402 2
107 470 2
107 676 2
108 128 2
108 681 2
108 704 2
108 922 2
108 930 2
108 123 2
108 329 2
108 410 2
108 875 2
109 148 2
109 167 2
109 187 2
109 246 2
109 457 2
109 468 2
109 762 2
109 932 2
109 285 2
109 290 2
109 309 2
109 387 2
109 466 2
109 510 2
109 568 2
109 581 2
109 802 2
109 831 2
109 976 2
110 120 2
110 131 2
110 138 2
110 142 2
110 161 2
110 268 2
110 282 2
110 284 2
110 458 2
110 491 2
110 548 2
110 923 2
110 431 2
110 495 2
110 605 2
110 635 2
111 234 2
111 157 2
111 206 2
111 308 2
111 441 2
111 880 2
112 539 2
112 549 2
112 608 2
112 726 2
112 782 2
112 961 2
112 131 2
112 358 2
112 562 2
112 960 2
113 122 2
113 270 2
113 408 2
113 426 2
113 534 2
113 777 2
113 118 2
113 149 2
113 168 2
113 185 2
113 362 2
113 381 2
113 483 2
113 504 2
113 596 2
113 614 2
113 728 2
113 772 2
113 832 2
113 988 2
114 136 2
114 216 2
114 605 2
114 625 2
114 680 2
114 724 2
114 799 2
114 810 2
114 953 2
114 221 2
114 416 2
114 924 2
114 939 2
115 290 2
115 404 2
115 503 2
115 566 2
115 729 2
115 155 2
115 174 2
115 211 2
115 453 2
115 529 2
115 535 2
115 549 2
115 670 2
115 685 2
115 748 2
115 809 2
115 817 2
115 834 2
115 904 2
116 221 2
116 259 2
116 310 2
116 494 2
116 560 2
116 610 2
116 125 2
116 314 2
116 835 2
116 994 2
117 298 2
117 412 2
117 803 2
117 120 2
117 241 2
117 259 2
117 370 2
117 796 2
117 989 2
118 166 2
118 194 2
118 209 2
118 217 2
118 255 2
118 305 2
118 355 2
118 358 2
118 374 2
118 400 2
118 525 2
118 528 2
118 703 2
118 716 2
118 722 2
118 723 2
118 786 2
118 879 2
118 943 2
118 949 2
118 487 2
118 689 2
118 728 2
118 740 2
119 828 2
119 165 2
119 311 2
119 630 2
119 652 2
119 788 2
119 813 2
120 131 2
120 268 2
120 458 2
120 461 2
120 842 2
120 241 2
120 280 2
120 541 2
121 902 2
121 250 2
121 268 2
121 283 2
121 579 2
121 640 2
121 794 2
121 851 2
122 408 2
122 130 2
122 161 2
122 175 2
122 253 2
122 272 2
123 185 2
123 398 2
123 449 2
123 911 2
123 329 2
124 563 2
124 153 2
124 173 2
124 176 2
124 249 2
124 260 2
124 304 2
124 312 2
124 328 2
124 645 2
124 743 2
124 775 2
125 158 2
125 164 2
125 201 2
125 235 2
125 473 2
125 517 2
125 314 2
126 195 2
126 319 2
126 384 2
126 569 2
126 871 2
126 371 2
126 908 2
127 157 2
127 174 2
127 206 2
127 225 2
127 332 2
127 533 2
127 823 2
127 873 2
127 514 2
128 681 2
128 129 2
128 145 2
128 200 2
128 339 2
128 384 2
128 450 2
128 526 2
128 567 2
128 612 2
128 679 2
128 711 2
128 760 2
128 929 2
128 942 2
129 155 2
129 241 2
129 579 2
129 852 2
129 200 2
129 256 2
129 521 2
129 567 2
130 182 2
130 253 2
130 272 2
130 313 2
130 405 2
130 500 2
130 873 2
130 905 2
131 161 2
131 436 2
131 441 2
131 458 2
131 491 2
131 571 2
131 667 2
132 272 2
132 660 2
132 743 2
132 382 2
132 782 2
132 891 2
133 147 2
133 303 2
133 812 2
133 827 2
133 905 2
133 921 2
134 223 2
134 243 2
134 277 2
134 287 2
134 387 2
134 513 2
134 798 2
134 948 2
134 969 2
134 305 2
134 349 2
134 435 2
134 771 2
135 289 2
135 344 2
135 351 2
135 523 2
135 148 2
135 191 2
135 331 2
135 385 2
135 391 2
135 439 2
135 572 2
135 607 2
135 674 2
135 918 2
135 926 2
136 216 2
136 257 2
136 365 2
136 372 2
136 510 2
136 605 2
136 151 2
136 461 2
136 736 2
137 199 2
137 583 2
137 804 2
137 284 2
137 303 2
137 496 2
137 580 2
137 642 2
137 925 2
138 142 2
138 153 2
138 191 2
138 240 2
138 381 2
138 595 2
138 666 2
138 177 2
138 472 2
138 719 2
139 711 2
140 273 2
140 309 2
140 522 2
140 538 2
140 540 2
140 592 2
140 684 2
140 862 2
140 887 2
140 957 2
140 338 2
140 386 2
141 271 2
141 274 2
141 336 2
141 417 2
141 505 2
141 547 2
141 573 2
141 609 2
141 180 2
141 190 2
141 234 2
141 429 2
141 436 2
141 446 2
141 687 2
141 722 2
141 818 2
142 153 2
142 240 2
142 284 2
142 414 2
142 640 2
142 923 2
142 170 2
142 210 2
142 255 2
142 479 2
142 517 2
142 786 2
142 973 2
143 392 2
143 407 2
143 448 2
143 597 2
143 600 2
143 693 2
143 785 2
143 861 2
143 942 2
143 232 2
143 266 2
143 348 2
143 426 2
143 726 2
143 852 2
144 596 2
144 617 2
144 463 2
144 598 2
144 610 2
144 641 2
144 853 2
145 219 2
145 293 2
145 312 2
145 391 2
145 990 2
146 183 2
146 193 2
146 196 2
146 245 2
146 375 2
146 405 2
146 429 2
146 445 2
146 507 2
146 562 2
146 598 2
146 707 2
146 727 2
146 795 2
146 805 2
146 847 2
146 866 2
146 919 2
146 963 2
146 318 2
146 320 2
146 995 2
147 812 2
147 194 2
147 230 2
147 399 2
147 467 2
147 507 2
147 778 2
148 167 2
148 187 2
148 403 2
148 630 2
148 633 2
148 676 2
148 906 2
148 932 2
148 319 2
148 331 2
148 385 2
148 391 2
148 572 2
148 615 2
149 162 2
149 210 2
149 265 2
149 292 2
149 318 2
149 361 2
149 366 2
149 402 2
149 425 2
149 465 2
149 485 2
149 514 2
149 568 2
149 613 2
149 656 2
149 753 2
149 787 2
149 850 2
149 935 2
149 168 2
149 185 2
149 222 2
149 350 2
149 351 2
149 360 2
149 380 2
149 698 2
149 837 2
149 952 2
150 159 2
150 228 2
150 379 2
150 435 2
150 447 2
150 457 2
150 492 2
151 301 2
151 321 2
151 619 2
151 624 2
151 682 2
151 248 2
151 461 2
151 729 2
151 736 2
152 176 2
152 263 2
152 367 2
152 370 2
152 559 2
152 615 2
152 771 2
152 848 2
152 874 2
152 960 2
153 191 2
153 240 2
153 381 2
153 602 2
153 176 2
153 224 2
153 249 2
153 304 2
153 454 2
153 547 2
153 666 2
153 727 2
153 854 2
153 861 2
153 920 2
154 394 2
154 420 2
154 648 2
154 690 2
154 783 2
154 801 2
154 933 2
154 163 2
154 184 2
154 238 2
154 347 2
154 361 2
154 365 2
154 375 2
154 396 2
154 398 2
154 415 2
154 459 2
154 476 2
154 511 2
154 539 2
154 829 2
154 985 2
154 991 2
155 415 2
155 579 2
155 174 2
155 245 2
155 307 2
155 453 2
155 488 2
155 529 2
155 535 2
155 582 2
155 654 2
155 670 2
155 834 2
156 456 2
156 601 2
156 679 2
156 719 2
156 845 2
156 235 2
156 473 2
156 793 2
157 174 2
157 206 2
157 254 2
157 332 2
157 396 2
157 444 2
157 604 2
157 616 2
157 618 2
157 739 2
157 895 2
157 974 2
158 235 2
159 626 2
160 467 2
160 757 2
160 164 2
160 356 2
160 536 2
160 658 2
160 766 2
160 792 2
161 282 2
161 436 2
161 834 2
161 875 2
161 175 2
161 440 2
161 608 2
162 292 2
162 470 2
162 568 2
162 854 2
162 471 2
162 563 2
162 999 2
163 168 2
163 179 2
163 222 2
163 335 2
163 738 2
163 857 2
163 865 2
163 952 2
163 184 2
163 201 2
163 233 2
163 238 2
163 276 2
163 365 2
163 396 2
163 459 2
163 665 2
163 672 2
163 761 2
163 951 2
164 201 2
164 357 2
164 473 2
164 561 2
164 650 2
164 652 2
164 400 2
164 658 2
165 276 2
165 308 2
165 406 2
165 472 2
165 623 2
165 768 2
165 791 2
165 860 2
165 870 2
165 946 2
165 282 2
165 442 2
165 788 2
166 194 2
166 374 2
166 528 2
166 778 2
166 926 2
166 965 2
166 930 2
167 187 2
167 246 2
167 328 2
167 403 2
167 418 2
167 457 2
167 530 2
167 676 2
167 762 2
168 482 2
168 952 2
168 185 2
168 222 2
168 323 2
168 360 2
168 362 2
168 703 2
168 781 2
168 798 2
168 837 2
168 863 2
169 192 2
169 502 2
169 554 2
169 591 2
169 815 2
169 822 2
169 202 2
169 254 2
169 651 2
169 656 2
169 741 2
169 877 2
170 349 2
170 521 2
170 556 2
170 632 2
170 735 2
170 779 2
170 792 2
170 884 2
170 210 2
170 786 2
171 350 2
171 588 2
171 774 2
171 864 2
171 186 2
171 324 2
171 353 2
171 499 2
171 505 2
171 553 2
171 752 2
171 964 2
171 980 2
171 983 2
172 177 2
172 258 2
172 267 2
172 578 2
172 585 2
173 333 2
173 397 2
173 509 2
173 821 2
173 907 2
173 179 2
173 260 2
173 277 2
173 327 2
173 519 2
173 604 2
173 743 2
173 775 2
173 830 2
173 864 2
174 225 2
174 823 2
174 873 2
174 964 2
174 211 2
174 670 2
174 696 2
174 907 2
175 347 2
175 747 2
175 754 2
175 806 2
175 914 2
176 367 2
176 454 2
176 519 2
176 733 2
176 645 2
176 810 2
177 376 2
177 382 2
177 578 2
177 433 2
177 458 2
177 827 2
178 496 2
178 760 2
178 981 2
179 277 2
180 643 2
180 742 2
180 766 2
180 877 2
180 190 2
180 240 2
180 446 2
180 683 2
180 845 2
181 189 2
181 208 2
181 227 2
181 275 2
181 356 2
181 419 2
181 471 2
181 474 2
181 580 2
181 614 2
181 638 2
181 893 2
181 916 2
181 278 2
181 294 2
181 779 2
182 215 2
182 342 2
182 380 2
182 483 2
182 668 2
182 271 2
182 418 2
182 554 2
182 602 2
182 629 2
182 912 2
183 375 2
183 405 2
183 795 2
184 269 2
184 331 2
184 446 2
184 695 2
184 938 2
184 233 2
184 238 2
184 665 2
184 934 2
185 449 2
185 582 2
185 889 2
185 222 2
185 323 2
185 350 2
185 351 2
185 362 2
185 377 2
185 504 2
185 703 2
185 781 2
185 798 2
185 941 2
186 537 2
186 844 2
186 982 2
186 267 2
186 752 2
186 980 2
187 246 2
187 328 2
187 403 2
187 418 2
187 630 2
187 645 2
187 932 2
187 287 2
187 409 2
187 434 2
188 250 2
188 338 2
188 541 2
188 667 2
188 677 2
188 731 2
188 967 2
188 212 2
188 226 2
188 432 2
188 937 2
188 956 2
189 213 2
189 356 2
189 814 2
189 528 2
189 981 2
190 543 2
190 706 2
190 240 2
190 436 2
190 446 2
190 683 2
190 687 2
190 758 2
190 818 2
190 968 2
191 602 2
191 439 2
192 252 2
192 892 2
192 216 2
192 279 2
192 638 2
192 662 2
192 688 2
192 987 2
193 196 2
193 212 2
193 429 2
193 460 2
193 700 2
193 707 2
193 767 2
193 920 2
193 976 2
194 209 2
194 374 2
194 545 2
194 589 2
194 879 2
194 943 2
194 230 2
194 340 2
194 399 2
194 478 2
194 778 2
194 828 2
194 911 2
195 294 2
195 319 2
195 420 2
195 518 2
195 691 2
195 868 2
196 212 2
196 429 2
196 460 2
196 713 2
196 746 2
196 769 2
196 788 2
196 805 2
196 927 2
196 963 2
196 976 2
196 244 2
196 343 2
196 345 2
197 450 2
197 204 2
197 523 2
197 795 2
197 889 2
198 849 2
198 227 2
198 310 2
198 644 2
198 661 2
198 914 2
198 961 2
199 802 2
199 804 2
199 998 2
199 417 2
199 490 2
199 544 2
199 558 2
200 297 2
200 459 2
200 256 2
200 339 2
200 384 2
200 506 2
200 679 2
200 684 2
201 357 2
201 236 2
201 534 2
201 712 2
201 761 2
201 913 2
202 431 2
202 581 2
202 897 2
202 254 2
202 270 2
202 557 2
202 656 2
202 741 2
203 226 2
203 281 2
203 529 2
203 414 2
203 480 2
204 360 2
204 594 2
204 687 2
204 908 2
204 977 2
204 795 2
204 889 2
205 286 2
205 401 2
205 220 2
205 273 2
205 295 2
205 332 2
205 843 2
205 969 2
206 254 2
206 332 2
206 396 2
206 444 2
206 463 2
206 475 2
206 533 2
206 564 2
206 683 2
206 813 2
206 895 2
206 934 2
206 968 2
206 972 2
206 308 2
206 502 2
206 559 2
206 653 2
206 657 2
206 730 2
207 315 2
207 506 2
207 516 2
207 692 2
207 217 2
207 251 2
207 335 2
207 497 2
207 846 2
208 227 2
208 261 2
208 419 2
208 580 2
208 638 2
208 646 2
208 691 2
208 975 2
208 342 2
208 392 2
208 639 2
208 800 2
208 885 2
209 217 2
209 545 2
209 577 2
209 589 2
209 872 2
209 879 2
209 402 2
209 419 2
209 774 2
209 870 2
210 265 2
210 278 2
210 402 2
210 527 2
210 531 2
210 796 2
210 255 2
210 517 2
210 626 2
210 973 2
211 696 2
211 907 2
212 460 2
212 713 2
212 767 2
212 769 2
212 226 2
212 432 2
212 833 2
212 849 2
212 956 2
212 972 2
213 659 2
213 814 2
213 261 2
213 592 2
213 769 2
214 501 2
215 342 2
215 631 2
215 668 2
215 228 2
215 315 2
215 341 2
215 383 2
215 515 2
215 655 2
215 785 2
216 257 2
216 421 2
216 680 2
216 279 2
216 300 2
216 316 2
216 437 2
216 638 2
216 673 2
217 400 2
217 504 2
217 497 2
218 253 2
218 256 2
218 352 2
218 359 2
218 850 2
219 312 2
219 990 2
219 548 2
220 348 2
220 393 2
220 736 2
220 273 2
220 295 2
220 537 2
220 618 2
220 637 2
220 715 2
221 259 2
221 310 2
221 560 2
221 416 2
222 335 2
222 437 2
222 482 2
222 323 2
222 350 2
222 360 2
222 380 2
222 941 2
222 952 2
223 243 2
223 443 2
223 513 2
223 948 2
223 969 2
224 233 2
224 302 2
224 341 2
224 390 2
224 416 2
224 422 2
224 455 2
224 484 2
224 551 2
224 599 2
224 825 2
224 830 2
224 890 2
224 547 2
224 727 2
224 861 2
224 920 2
225 823 2
225 964 2
225 994 2
225 237 2
225 243 2
225 393 2
225 481 2
225 575 2
226 281 2
226 833 2
227 419 2
227 471 2
227 646 2
227 691 2
227 882 2
227 917 2
227 975 2
227 310 2
227 445 2
227 573 2
227 661 2
227 693 2
227 783 2
227 961 2
228 435 2
228 487 2
229 481 2
229 947 2
230 576 2
230 880 2
230 340 2
230 467 2
230 606 2
230 636 2
230 778 2
231 669 2
231 246 2
231 291 2
231 425 2
231 491 2
231 540 2
232 296 2
232 447 2
232 266 2
232 299 2
232 325 2
232 426 2
232 443 2
232 501 2
232 556 2
232 577 2
232 664 2
232 671 2
232 777 2
232 852 2
233 341 2
233 422 2
233 484 2
233 551 2
233 830 2
233 890 2
233 276 2
233 672 2
233 821 2
233 951 2
234 247 2
234 867 2
234 632 2
235 517 2
235 473 2
235 793 2
236 248 2
236 480 2
236 534 2
236 570 2
236 633 2
236 712 2
236 913 2
237 238 2
237 306 2
237 326 2
237 395 2
237 885 2
237 243 2
238 306 2
238 326 2
238 339 2
238 353 2
238 395 2
238 459 2
238 511 2
238 665 2
238 934 2
239 295 2
239 439 2
239 606 2
239 288 2
240 381 2
240 683 2
240 758 2
240 845 2
240 968 2
240 982 2
241 852 2
241 280 2
241 541 2
241 746 2
242 337 2
242 704 2
243 287 2
243 513 2
243 937 2
244 327 2
244 808 2
244 345 2
244 631 2
245 445 2
245 507 2
245 562 2
245 307 2
245 488 2
245 508 2
245 690 2
245 823 2
245 902 2
245 977 2
246 328 2
246 530 2
246 829 2
246 425 2
246 491 2
246 609 2
247 867 2
247 998 2
248 343 2
248 515 2
248 572 2
248 764 2
248 729 2
249 409 2
249 304 2
249 312 2
249 328 2
249 454 2
249 522 2
249 574 2
249 732 2
249 825 2
249 910 2
249 927 2
250 794 2
250 884 2
251 307 2
251 330 2
251 639 2
251 698 2
251 730 2
251 744 2
251 837 2
251 301 2
251 373 2
251 822 2
252 892 2
252 262 2
252 747 2
252 958 2
253 256 2
253 797 2
253 819 2
253 272 2
253 313 2
253 405 2
253 500 2
253 560 2
253 586 2
253 873 2
254 396 2
254 564 2
254 574 2
254 651 2
254 725 2
255 358 2
255 703 2
255 716 2
255 881 2
255 517 2
255 626 2
256 506 2
256 613 2
256 797 2
257 421 2
257 634 2
257 806 2
258 651 2
258 653 2
258 856 2
258 950 2
258 292 2
258 449 2
258 588 2
258 649 2
258 717 2
258 936 2
259 560 2
259 370 2
259 394 2
259 486 2
259 503 2
259 561 2
259 989 2
260 641 2
260 327 2
260 484 2
260 743 2
261 322 2
261 592 2
261 769 2
262 363 2
262 389 2
262 888 2
262 941 2
262 958 2
263 288 2
263 615 2
263 697 2
263 709 2
264 283 2
264 299 2
264 388 2
264 464 2
264 978 2
265 318 2
265 495 2
265 527 2
265 531 2
265 780 2
265 850 2
265 286 2
265 411 2
265 477 2
265 543 2
265 933 2
266 434 2
266 833 2
266 299 2
266 426 2
266 443 2
266 501 2
266 577 2
266 777 2
267 279 2
267 585 2
268 461 2
268 842 2
268 283 2
268 376 2
268 475 2
268 578 2
268 599 2
268 986 2
269 331 2
270 362 2
270 426 2
270 672 2
270 557 2
270 739 2
271 311 2
271 413 2
271 417 2
271 430 2
271 573 2
271 609 2
271 554 2
271 943 2
272 497 2
272 873 2
273 309 2
273 373 2
273 522 2
273 590 2
273 592 2
273 818 2
273 858 2
273 295 2
273 332 2
273 618 2
273 637 2
274 336 2
274 547 2
274 558 2
274 379 2
274 678 2
274 819 2
275 352 2
275 474 2
275 488 2
275 748 2
275 611 2
276 308 2
276 406 2
276 898 2
276 672 2
276 821 2
277 387 2
277 830 2
277 864 2
278 294 2
278 763 2
279 385 2
279 300 2
279 662 2
279 987 2
280 541 2
280 746 2
281 648 2
281 681 2
282 834 2
282 875 2
282 442 2
282 527 2
282 564 2
282 569 2
282 669 2
283 329 2
283 376 2
283 578 2
283 599 2
283 851 2
283 986 2
284 414 2
284 640 2
284 923 2
284 303 2
284 496 2
284 531 2
284 668 2
284 780 2
285 773 2
285 290 2
285 428 2
285 538 2
285 751 2
285 917 2
286 664 2
286 411 2
286 412 2
286 826 2
287 937 2
287 434 2
288 697 2
289 344 2
289 351 2
289 378 2
289 565 2
289 621 2
289 913 2
289 999 2
289 374 2
290 404 2
290 546 2
290 309 2
291 337 2
291 493 2
291 708 2
291 712 2
291 975 2
292 361 2
292 489 2
292 753 2
292 787 2
292 854 2
292 449 2
294 945 2
294 763 2
294 779 2
295 439 2
295 332 2
295 843 2
296 304 2
296 447 2
296 477 2
297 459 2
297 973 2
297 388 2
297 820 2
297 990 2
298 412 2
298 978 2
298 989 2
299 584 2
299 325 2
299 372 2
299 734 2
299 777 2
300 674 2
301 619 2
301 624 2
301 682 2
301 373 2
301 713 2
302 825 2
302 603 2
303 498 2
303 496 2
303 531 2
303 580 2
303 668 2
303 901 2
304 477 2
304 328 2
304 454 2
304 522 2
305 340 2
305 355 2
305 722 2
305 723 2
305 949 2
306 326 2
306 339 2
306 915 2
306 986 2
306 878 2
307 628 2
307 639 2
307 705 2
307 720 2
307 508 2
307 582 2
307 823 2
308 472 2
308 623 2
308 946 2
308 441 2
308 880 2
309 373 2
309 520 2
309 522 2
309 590 2
309 836 2
309 510 2
310 573 2
310 693 2
310 706 2
310 803 2
310 953 2
310 961 2
311 413 2
311 430 2
311 657 2
311 498 2
311 622 2
311 630 2
311 652 2
311 737 2
311 813 2
312 574 2
312 910 2
313 377 2
313 399 2
313 607 2
313 405 2
313 560 2
313 586 2
313 905 2
313 948 2
314 642 2
314 835 2
314 994 2
315 506 2
315 692 2
315 515 2
315 655 2
316 499 2
316 542 2
316 775 2
316 817 2
316 997 2
316 366 2
316 437 2
316 621 2
317 689 2
317 397 2
317 509 2
317 757 2
317 858 2
318 495 2
318 613 2
318 718 2
318 780 2
318 850 2
318 320 2
319 371 2
319 384 2
319 970 2
320 364 2
321 413 2
321 423 2
321 444 2
321 456 2
321 697 2
321 702 2
321 871 2
322 699 2
322 721 2
322 888 2
323 325 2
323 603 2
323 714 2
323 759 2
323 941 2
324 462 2
324 466 2
324 353 2
324 363 2
324 421 2
325 603 2
325 759 2
325 859 2
325 372 2
325 404 2
325 533 2
325 556 2
326 395 2
326 885 2
326 424 2
326 468 2
327 484 2
327 519 2
327 604 2
327 627 2
327 967 2
328 418 2
328 530 2
328 645 2
328 829 2
328 522 2
328 927 2
329 410 2
330 698 2
330 837 2
330 430 2
330 874 2
330 909 2
331 446 2
331 391 2
331 615 2
331 918 2
332 444 2
332 463 2
332 475 2
332 618 2
332 843 2
333 509 2
334 492 2
334 839 2
334 647 2
334 714 2
335 437 2
335 857 2
336 547 2
336 593 2
337 474 2
338 345 2
338 541 2
338 715 2
338 776 2
338 386 2
338 465 2
338 566 2
338 583 2
338 881 2
339 915 2
339 971 2
339 384 2
339 450 2
339 526 2
339 695 2
339 711 2
339 718 2
340 636 2
340 692 2
340 828 2
341 455 2
341 484 2
341 383 2
341 785 2
342 380 2
342 631 2
342 668 2
342 639 2
342 800 2
342 885 2
343 515 2
343 572 2
343 620 2
343 764 2
345 776 2
345 820 2
345 896 2
345 979 2
346 389 2
346 624 2
346 756 2
346 940 2
346 957 2
347 876 2
347 914 2
347 361 2
347 415 2
347 464 2
347 829 2
348 476 2
348 726 2
349 521 2
349 536 2
349 735 2
349 779 2
349 792 2
349 956 2
350 588 2
350 864 2
350 351 2
350 377 2
350 698 2
350 952 2
351 378 2
351 565 2
351 913 2
351 999 2
351 377 2
351 698 2
352 488 2
352 863 2
352 359 2
352 378 2
353 557 2
353 363 2
353 421 2
353 505 2
353 553 2
353 576 2
354 424 2
354 407 2
355 722 2
355 660 2
355 723 2
356 893 2
356 899 2
356 766 2
358 703 2
358 881 2
358 562 2
359 428 2
359 696 2
359 378 2
359 403 2
360 380 2
361 366 2
361 369 2
361 433 2
361 489 2
361 656 2
361 753 2
361 921 2
361 375 2
361 415 2
361 539 2
362 426 2
362 534 2
362 672 2
362 777 2
362 504 2
362 703 2
363 888 2
363 909 2
363 421 2
363 576 2
364 451 2
364 369 2
364 438 2
365 372 2
365 853 2
365 984 2
365 396 2
365 476 2
365 555 2
365 646 2
365 731 2
365 955 2
365 991 2
366 369 2
366 656 2
366 662 2
366 755 2
366 851 2
366 921 2
366 621 2
366 710 2
367 370 2
367 454 2
367 519 2
367 771 2
367 855 2
367 451 2
367 551 2
367 923 2
368 410 2
368 440 2
368 518 2
369 433 2
369 662 2
369 755 2
369 851 2
369 921 2
369 438 2
370 771 2
370 848 2
370 855 2
370 960 2
370 486 2
370 616 2
370 954 2
370 992 2
371 384 2
371 569 2
372 510 2
372 622 2
372 740 2
372 853 2
372 869 2
372 404 2
372 452 2
372 705 2
372 734 2
373 520 2
373 590 2
373 822 2
374 528 2
374 742 2
375 405 2
375 727 2
375 919 2
375 995 2
375 398 2
375 401 2
375 525 2
376 382 2
376 486 2
376 475 2
376 578 2
376 601 2
376 959 2
377 469 2
377 607 2
377 611 2
377 749 2
378 565 2
378 621 2
378 940 2
378 403 2
380 483 2
381 483 2
381 530 2
381 894 2
382 486 2
382 782 2
383 427 2
383 452 2
383 636 2
383 752 2
383 785 2
384 450 2
384 679 2
384 718 2
385 572 2
385 607 2
386 983 2
386 566 2
387 466 2
387 568 2
388 464 2
388 820 2
388 990 2
389 423 2
389 629 2
389 941 2
389 985 2
389 765 2
390 416 2
390 442 2
390 599 2
390 790 2
390 545 2
391 615 2
391 918 2
392 407 2
392 448 2
392 524 2
392 570 2
392 745 2
392 758 2
392 785 2
392 809 2
393 535 2
393 675 2
393 736 2
393 575 2
394 420 2
394 690 2
394 933 2
394 561 2
394 962 2
395 885 2
395 427 2
395 623 2
395 859 2
396 476 2
396 555 2
398 911 2
398 401 2
398 625 2
398 724 2
398 985 2
398 997 2
400 504 2
400 525 2
400 617 2
400 694 2
401 453 2
401 770 2
401 525 2
401 625 2
401 724 2
402 796 2
402 470 2
402 870 2
403 630 2
404 452 2
404 533 2
404 628 2
404 705 2
404 899 2
405 919 2
405 995 2
405 500 2
405 905 2
406 886 2
407 448 2
407 524 2
407 597 2
407 745 2
407 758 2
407 809 2
407 942 2
409 663 2
409 838 2
409 912 2
410 440 2
410 532 2
410 875 2
411 412 2
411 477 2
411 532 2
411 589 2
411 716 2
411 838 2
412 803 2
412 532 2
412 716 2
412 826 2
412 887 2
412 916 2
413 430 2
413 657 2
413 423 2
413 456 2
414 640 2
414 480 2
414 787 2
414 919 2
415 694 2
415 539 2
416 924 2
416 939 2
417 544 2
418 645 2
418 602 2
418 892 2
419 471 2
419 580 2
419 614 2
419 646 2
419 882 2
419 774 2
420 690 2
420 485 2
420 518 2
420 868 2
420 979 2
422 551 2
423 629 2
425 465 2
425 485 2
425 500 2
425 514 2
425 553 2
425 841 2
425 988 2
426 777 2
426 443 2
426 852 2
427 636 2
427 623 2
427 859 2
428 494 2
428 538 2
428 552 2
428 720 2
428 917 2
429 707 2
429 847 2
429 920 2
429 976 2
430 657 2
431 581 2
431 495 2
431 584 2
431 605 2
431 659 2
431 974 2
432 849 2
432 956 2
432 972 2
433 458 2
433 827 2
433 890 2
434 833 2
435 771 2
436 441 2
438 451 2
438 939 2
439 674 2
440 448 2
440 608 2
441 571 2
441 880 2
442 790 2
442 527 2
443 501 2
444 463 2
444 618 2
444 895 2
444 974 2
444 600 2
444 871 2
444 906 2
446 687 2
446 722 2
448 524 2
448 597 2
449 582 2
449 655 2
449 717 2
450 526 2
450 695 2
450 718 2
451 939 2
451 993 2
451 551 2
451 791 2
451 805 2
451 855 2
451 945 2
452 843 2
452 628 2
452 705 2
452 899 2
453 770 2
453 811 2
453 868 2
453 529 2
454 519 2
456 679 2
456 719 2
456 826 2
456 883 2
456 697 2
457 468 2
457 762 2
457 492 2
457 512 2
457 546 2
457 591 2
458 491 2
458 827 2
459 511 2
460 767 2
460 469 2
460 587 2
460 650 2
461 842 2
462 466 2
462 790 2
463 475 2
463 683 2
463 598 2
463 641 2
463 928 2
464 524 2
466 568 2
466 802 2
467 507 2
467 606 2
467 768 2
468 862 2
469 611 2
469 635 2
469 749 2
469 587 2
469 650 2
469 675 2
469 767 2
469 883 2
471 614 2
471 882 2
471 916 2
471 917 2
472 623 2
472 791 2
472 860 2
472 954 2
472 719 2
473 561 2
474 748 2
474 963 2
475 683 2
475 972 2
475 601 2
475 959 2
476 555 2
476 646 2
476 991 2
477 543 2
477 933 2
478 555 2
478 673 2
479 701 2
479 800 2
480 787 2
480 919 2
481 947 2
481 955 2
482 620 2
483 530 2
483 596 2
483 946 2
484 830 2
484 967 2
485 500 2
485 514 2
485 553 2
485 935 2
485 988 2
485 996 2
485 979 2
486 503 2
486 513 2
486 516 2
486 616 2
486 735 2
486 755 2
486 804 2
486 867 2
486 872 2
487 689 2
488 863 2
488 977 2
489 597 2
492 512 2
493 712 2
493 831 2
493 900 2
494 610 2
494 552 2
495 780 2
495 584 2
495 605 2
495 635 2
495 659 2
495 677 2
496 612 2
496 760 2
496 668 2
496 780 2
497 962 2
497 846 2
498 526 2
498 658 2
498 710 2
498 622 2
498 898 2
499 964 2
500 988 2
500 996 2
501 577 2
501 671 2
502 591 2
502 627 2
502 822 2
502 559 2
502 653 2
502 730 2
502 789 2
503 552 2
503 566 2
503 513 2
503 516 2
505 553 2
505 983 2
506 692 2
506 613 2
506 684 2
506 797 2
507 562 2
507 598 2
507 661 2
507 686 2
507 768 2
508 637 2
508 690 2
508 823 2
509 757 2
509 801 2
509 839 2
509 844 2
510 622 2
510 581 2
510 831 2
511 567 2
512 765 2
512 546 2
512 770 2
512 895 2
513 948 2
513 516 2
513 735 2
513 867 2
514 553 2
514 841 2
514 935 2
515 572 2
515 620 2
516 735 2
516 755 2
516 799 2
517 973 2
519 604 2
519 627 2
520 836 2
520 848 2
521 792 2
521 956 2
522 592 2
522 818 2
522 927 2
523 991 2
524 745 2
526 658 2
526 710 2
526 695 2
527 531 2
527 564 2
529 535 2
529 654 2
529 817 2
529 860 2
529 904 2
530 829 2
530 894 2
531 901 2
532 589 2
532 716 2
533 813 2
533 934 2
534 633 2
534 712 2
535 675 2
535 654 2
535 817 2
535 834 2
535 860 2
536 575 2
536 928 2
536 792 2
537 844 2
537 982 2
538 540 2
538 684 2
538 862 2
538 957 2
538 751 2
538 773 2
538 917 2
539 726 2
539 961 2
540 684 2
540 887 2
540 708 2
541 667 2
541 715 2
541 967 2
541 746 2
542 775 2
542 997 2
543 933 2
544 903 2
545 577 2
545 589 2
545 781 2
545 872 2
546 591 2
546 770 2
546 869 2
546 895 2
547 666 2
547 727 2
547 854 2
548 701 2
549 608 2
549 782 2
549 685 2
549 745 2
549 748 2
550 784 2
551 890 2
551 791 2
552 720 2
553 841 2
554 912 2
555 673 2
555 646 2
555 731 2
556 750 2
556 664 2
559 653 2
559 657 2
559 789 2
559 938 2
560 586 2
560 948 2
561 650 2
561 962 2
562 598 2
562 661 2
562 944 2
563 634 2
563 738 2
563 999 2
564 574 2
564 968 2
564 569 2
565 913 2
565 709 2
565 776 2
566 583 2
566 881 2
567 612 2
567 760 2
567 841 2
568 802 2
571 585 2
571 643 2
572 620 2
572 607 2
573 609 2
573 693 2
573 706 2
573 783 2
573 953 2
574 732 2
574 910 2
575 928 2
577 781 2
577 671 2
578 599 2
579 640 2
581 831 2
581 976 2
582 655 2
582 889 2
583 904 2
583 881 2
585 643 2
586 671 2
586 948 2
587 992 2
587 675 2
587 767 2
588 864 2
589 872 2
589 838 2
591 815 2
591 822 2
592 818 2
592 769 2
593 744 2
594 682 2
594 876 2
594 879 2
595 666 2
595 721 2
595 737 2
595 896 2
596 617 2
596 925 2
596 614 2
596 772 2
596 832 2
596 946 2
598 661 2
598 686 2
598 944 2
598 853 2
598 928 2
599 986 2
600 693 2
600 725 2
600 734 2
600 906 2
601 959 2
602 629 2
603 714 2
603 751 2
604 616 2
604 627 2
605 625 2
605 635 2
605 659 2
605 677 2
605 824 2
605 974 2
608 782 2
609 686 2
609 882 2
611 749 2
612 760 2
612 841 2
613 718 2
613 797 2
614 916 2
614 772 2
616 739 2
616 784 2
616 954 2
616 992 2
617 925 2
617 694 2
618 974 2
618 637 2
618 715 2
619 624 2
619 840 2
621 940 2
622 740 2
623 791 2
623 946 2
624 682 2
624 756 2
624 847 2
624 957 2
625 810 2
625 724 2
625 997 2
628 705 2
628 720 2
629 985 2
635 677 2
635 824 2
636 692 2
636 707 2
636 759 2
637 840 2
638 673 2
639 730 2
639 885 2
642 925 2
643 877 2
644 647 2
644 649 2
644 665 2
645 810 2
645 842 2
646 691 2
646 731 2
646 955 2
647 649 2
647 741 2
648 702 2
648 801 2
648 970 2
648 681 2
649 741 2
651 653 2
651 725 2
652 737 2
652 813 2
653 856 2
653 950 2
653 657 2
653 730 2
654 860 2
656 741 2
658 710 2
659 974 2
660 743 2
660 723 2
661 686 2
661 944 2
662 755 2
662 987 2
663 838 2
663 812 2
663 950 2
663 965 2
664 793 2
665 934 2
666 854 2
667 731 2
667 967 2
668 780 2
670 761 2
672 821 2
672 951 2
675 767 2
675 883 2
676 906 2
677 824 2
678 819 2
679 845 2
680 724 2
680 799 2
680 816 2
680 891 2
681 930 2
682 807 2
682 876 2
683 972 2
683 758 2
684 862 2
685 745 2
685 748 2
685 809 2
686 882 2
687 908 2
687 977 2
687 722 2
687 818 2
688 700 2
688 808 2
689 740 2
689 866 2
689 944 2
690 933 2
691 975 2
692 707 2
693 861 2
693 953 2
695 938 2
696 907 2
697 709 2
699 717 2
699 888 2
700 808 2
700 856 2
701 857 2
702 970 2
703 716 2
703 881 2
703 781 2
704 922 2
705 720 2
705 899 2
706 803 2
707 847 2
707 920 2
707 759 2
711 942 2
713 746 2
713 769 2
713 788 2
713 894 2
714 751 2
717 936 2
719 826 2
719 883 2
721 737 2
722 723 2
722 786 2
723 786 2
723 949 2
724 799 2
724 816 2
724 953 2
725 734 2
727 866 2
728 988 2
731 955 2
732 924 2
732 825 2
733 762 2
735 779 2
735 884 2
735 755 2
735 799 2
735 804 2
735 867 2
738 865 2
739 784 2
740 866 2
740 944 2
742 766 2
744 901 2
744 836 2
745 758 2
746 788 2
746 894 2
746 927 2
747 754 2
749 931 2
751 773 2
752 980 2
753 787 2
754 806 2
755 851 2
755 799 2
755 804 2
755 872 2
758 968 2
758 982 2
764 915 2
765 815 2
768 870 2
770 868 2
770 869 2
770 895 2
771 848 2
771 855 2
771 874 2
772 832 2
775 817 2
776 820 2
778 926 2
781 798 2
787 919 2
788 894 2
788 927 2
789 938 2
791 805 2
791 855 2
792 956 2
794 884 2
797 819 2
798 807 2
799 816 2
799 891 2
801 839 2
804 998 2
804 872 2
805 963 2
805 855 2
805 945 2
808 856 2
810 842 2
811 984 2
812 827 2
813 934 2
816 891 2
817 904 2
821 907 2
823 873 2
823 964 2
823 994 2
826 883 2
826 887 2
826 893 2
827 905 2
828 911 2
830 864 2
831 900 2
831 976 2
832 966 2
834 875 2
835 878 2
835 910 2
835 994 2
837 863 2
838 912 2
838 951 2
839 844 2
846 929 2
846 931 2
848 874 2
853 869 2
853 984 2
856 950 2
857 865 2
860 954 2
861 920 2
862 957 2
866 944 2
874 909 2
874 966 2
874 996 2
876 879 2
878 897 2
879 943 2
882 917 2
886 918 2
886 980 2
887 893 2
887 916 2
893 899 2
896 979 2
903 922 2
903 935 2
903 947 2
909 996 2
912 951 2
913 999 2
915 971 2
915 986 2
919 995 2
922 947 2
924 939 2
939 993 2
947 955 2
948 969 2
950 965 2
954 992 2
956 972 2
964 994 2
968 982 2
988 996 2
0 0 -136
1 1 -122
2 2 -133
3 3 -96
4 4 -102
5 5 -130
6 6 -54
7 7 -53
8 8 -93
9 9 -70
10 10 -77
11 11 -94
12 12 -72
13 13 -35
14 14 -42
15 15 -38
16 16 -35
17 17 -59
18 18 -36
19 19 -55
20 20 -31
21 21 -48
22 22 -38
23 23 -24
24 24 -48
25 25 -33
26 26 -30
27 27 -85
28 28 -32
29 29 -40
30 30 -43
31 31 -33
32 32 -28
33 33 -13
34 34 -20
35 35 -35
36 36 -32
37 37 -48
38 38 -22
39 39 -27
40 40 -18
41 41 -33
42 42 -40
43 43 -13
44 44 -32
45 45 -53
46 46 -16
47 47 -29
48 48 -31
49 49 -21
50 50 -34
51 51 -36
52 52 -18
53 53 -18
54 54 -18
55 55 -36
56 56 -25
57 57 -23
58 58 -13
59 59 -20
60 60 -15
61 61 -21
62 62 -20
63 63 -11
64 64 -31
65 65 -12
66 66 -9
67 67 -18
68 68 -29
69 69 -18
70 70 -31
71 71 -39
72 72 -26
73 73 -29
74 74 -18
75 75 -27
76 76 -21
77 77 -17
78 78 -12
79 79 -22
80 80 -12
81 81 -24
82 82 -30
83 83 -28
84 84 -19
85 85 -18
86 86 -15
87 87 -18
88 88 -23
89 89 -12
90 90 -23
91 91 -20
92 92 -13
93 93 -28
94 94 -23
95 95 -12
96 96 -33
97 97 -21
98 98 -25
99 99 -11
100 100 -17
101 101 -22
102 102 -24
103 103 -8
104 104 -18
105 105 -15
106 106 -18
107 107 -22
108 108 -14
109 109 -25
110 110 -22
111 111 -12
112 112 -16
113 113 -26
114 114 -19
115 115 -25
116 116 -16
117 117 -15
118 118 -30
119 119 -13
120 120 -13
121 121 -14
122 122 -12
123 123 -11
124 124 -18
125 125 -13
126 126 -13
127 127 -15
128 128 -21
129 129 -14
130 130 -14
131 131 -13
132 132 -12
133 133 -12
134 134 -19
135 135 -21
136 136 -15
137 137 -15
138 138 -16
139 139 -7
140 140 -18
141 141 -23
142 142 -19
143 143 -21
144 144 -13
145 145 -11
146 146 -28
147 147 -13
148 148 -20
149 149 -34
150 150 -13
151 151 -15
152 152 -16
153 153 -21
154 154 -30
155 155 -19
156 156 -14
157 157 -17
158 158 -7
159 159 -6
160 160 -14
161 161 -13
162 162 -13
163 163 -26
164 164 -14
165 165 -19
166 166 -12
167 167 -15
168 168 -17
169 169 -18
170 170 -16
171 171 -20
172 172 -11
173 173 -21
174 174 -14
175 175 -11
176 176 -12
177 177 -11
178 178 -9
179 179 -7
180 180 -15
181 181 -22
182 182 -17
183 183 -9
184 184 -15
185 185 -20
186 186 -12
187 187 -16
188 188 -18
189 189 -11
190 190 -16
191 191 -8
192 192 -14
193 193 -15
194 194 -19
195 195 -12
196 196 -20
197 197 -10
198 198 -13
199 199 -13
200 200 -14
201 201 -12
202 202 -14
203 203 -11
204 204 -13
205 205 -14
206 206 -26
207 207 -15
208 208 -19
209 209 -16
210 210 -16
211 211 -8
212 212 -16
213 213 -11
214 214 -7
215 215 -16
216 216 -15
217 217 -9
218 218 -10
219 219 -8
220 220 -15
221 221 -10
222 222 -14
223 223 -11
224 224 -23
225 225 -14
226 226 -8
227 227 -20
228 228 -8
229 229 -8
230 230 -13
231 231 -12
232 232 -20
233 233 -16
234 234 -9
235 235 -9
236 236 -13
237 237 -12
238 238 -15
239 239 -10
240 240 -12
241 241 -10
242 242 -8
243 243 -9
244 244 -10
245 245 -16
246 246 -12
247 247 -7
248 248 -11
249 249 -17
250 250 -8
251 251 -15
252 252 -9
253 253 -16
254 254 -11
255 255 -12
256 256 -9
257 257 -9
258 258 -16
259 259 -13
260 260 -10
261 261 -9
262 262 -11
263 263 -10
264 264 -11
265 265 -17
266 266 -14
267 267 -8
268 268 -14
269 269 -7
270 270 -11
271 271 -14
272 272 -8
273 273 -17
274 274 -12
275 275 -11
276 276 -11
277 277 -9
278 278 -8
279 279 -10
280 280 -8
281 281 -8
282 282 -13
283 283 -12
284 284 -14
285 285 -11
286 286 -10
287 287 -8
288 288 -7
289 289 -14
290 290 -9
291 291 -11
292 292 -12
293 293 -6
294 294 -9
295 295 -9
296 296 -9
297 297 -11
298 298 -9
299 299 -11
300 300 -7
301 301 -11
302 302 -8
303 303 -12
304 304 -10
305 305 -11
306 306 -11
307 307 -13
308 308 -11
309 309 -12
310 310 -12
311 311 -15
312 312 -8
313 313 -13
314 314 -9
315 315 -10
316 316 -14
317 317 -11
318 318 -12
319 319 -9
320 320 -7
321 321 -12
322 322 -9
323 323 -11
324 324 -11
325 325 -13
326 326 -10
327 327 -11
328 328 -12
329 329 -7
330 330 -11
331 331 -10
332 332 -11
333 333 -7
334 334 -10
335 335 -7
336 336 -8
337 337 -7
338 338 -15
339 339 -14
340 340 -9
341 341 -10
342 342 -12
343 343 -10
344 344 -6
345 345 -10
346 346 -11
347 347 -12
348 348 -8
349 349 -12
350 350 -12
351 351 -12
352 352 -10
353 353 -12
354 354 -8
355 355 -9
356 356 -9
357 357 -6
358 358 -9
359 359 -10
360 360 -7
361 361 -16
362 362 -11
363 363 -10
364 364 -9
365 365 -16
366 366 -14
367 367 -14
368 368 -9
369 369 -12
370 370 -14
371 371 -7
372 372 -15
373 373 -9
374 374 -8
375 375 -13
376 376 -12
377 377 -10
378 378 -10
379 379 -6
380 380 -7
381 381 -9
382 382 -8
383 383 -11
384 384 -9
385 385 -8
386 386 -8
387 387 -8
388 388 -9
389 389 -11
390 390 -11
391 391 -8
392 392 -14
393 393 -10
394 394 -11
395 395 -10
396 396 -8
397 397 -6
398 398 -12
399 399 -6
400 400 -10
401 401 -11
402 402 -9
403 403 -7
404 404 -11
405 405 -10
406 406 -7
407 407 -13
408 408 -6
409 409 -9
410 410 -9
411 411 -12
412 412 -12
413 413 -10
414 414 -10
415 415 -8
416 416 -8
417 417 -7
418 418 -9
419 419 -12
420 420 -11
421 421 -6
422 422 -7
423 423 -7
424 424 -6
425 425 -13
426 426 -9
427 427 -9
428 428 -11
429 429 -10
430 430 -7
431 431 -12
432 432 -9
433 433 -9
434 434 -7
435 435 -7
436 436 -7
437 437 -6
438 438 -7
439 439 -7
440 440 -8
441 441 -8
442 442 -8
443 443 -7
444 444 -13
445 445 -6
446 446 -8
447 447 -6
448 448 -8
449 449 -9
450 450 -9
451 451 -13
452 452 -10
453 453 -10
454 454 -7
455 455 -6
456 456 -11
457 457 -12
458 458 -8
459 459 -7
460 460 -10
461 461 -7
462 462 -8
463 463 -11
464 464 -7
465 465 -6
466 466 -8
467 467 -9
468 468 -7
469 469 -14
470 470 -6
471 471 -10
472 472 -11
473 473 -7
474 474 -8
475 475 -10
476 476 -9
477 477 -8
478 478 -8
479 479 -8
480 480 -8
481 481 -8
482 482 -7
483 483 -9
484 484 -8
485 485 -13
486 486 -15
487 487 -7
488 488 -8
489 489 -7
490 490 -6
491 491 -6
492 492 -7
493 493 -9
494 494 -8
495 495 -12
496 496 -10
497 497 -8
498 498 -11
499 499 -7
500 500 -8
501 501 -8
502 502 -13
503 503 -10
504 504 -6
505 505 -8
506 506 -10
507 507 -11
508 508 -9
509 509 -10
510 510 -9
511 511 -7
512 512 -10
513 513 -10
514 514 -9
515 515 -8
516 516 -9
517 517 -7
518 518 -6
519 519 -8
520 520 -8
521 521 -8
522 522 -9
523 523 -7
524 524 -7
525 525 -6
526 526 -9
527 527 -7
528 528 -6
529 529 -11
530 530 -8
531 531 -7
532 532 -8
533 533 -8
534 534 -8
535 535 -11
536 536 -9
537 537 -7
538 538 -13
539 539 -8
540 540 -9
541 541 -10
542 542 -8
543 543 -7
544 544 -7
545 545 -10
546 546 -10
547 547 -9
548 548 -7
549 549 -11
550 550 -7
551 551 -8
552 552 -7
553 553 -7
554 554 -7
555 555 -9
556 556 -8
557 557 -6
558 558 -6
559 559 -10
560 560 -8
561 561 -8
562 562 -9
563 563 -9
564 564 -9
565 565 -9
566 566 -8
567 567 -9
568 568 -7
569 569 -6
570 570 -6
571 571 -8
572 572 -8
573 573 -11
574 574 -8
575 575 -7
576 576 -6
577 577 -8
578 578 -7
579 579 -7
580 580 -6
581 581 -8
582 582 -8
583 583 -8
584 584 -6
585 585 -7
586 586 -8
587 587 -9
588 588 -7
589 589 -8
590 590 -6
591 591 -8
592 592 -8
593 593 -7
594 594 -9
595 595 -10
596 596 -12
597 597 -6
598 598 -11
599 599 -7
600 600 -10
601 601 -7
602 602 -7
603 603 -8
604 604 -8
605 605 -12
606 606 -6
607 607 -6
608 608 -7
609 609 -8
610 610 -6
611 611 -7
612 612 -8
613 613 -8
614 614 -8
615 615 -6
616 616 -10
617 617 -8
618 618 -9
619 619 -8
620 620 -6
621 621 -7
622 622 -7
623 623 -8
624 624 -10
625 625 -9
626 626 -6
627 627 -6
628 628 -8
629 629 -7
630 630 -6
631 631 -6
632 632 -6
633 633 -6
634 634 -6
635 635 -8
636 636 -9
637 637 -7
638 638 -7
639 639 -8
640 640 -6
641 641 -6
642 642 -7
643 643 -7
644 644 -9
645 645 -8
646 646 -9
647 647 -8
648 648 -10
649 649 -7
650 650 -6
651 651 -8
652 652 -8
653 653 -10
654 654 -7
655 655 -6
656 656 -7
657 657 -6
658 658 -7
659 659 -7
660 660 -8
661 661 -8
662 662 -8
663 663 -10
664 664 -7
665 665 -7
666 666 -7
667 667 -8
668 668 -7
669 669 -6
670 670 -7
671 671 -6
672 672 -8
673 673 -6
674 674 -5
675 675 -8
676 676 -7
677 677 -7
678 678 -7
679 679 -7
680 680 -10
681 681 -7
682 682 -8
683 683 -8
684 684 -7
685 685 -9
686 686 -7
687 687 -10
688 688 -8
689 689 -9
690 690 -7
691 691 -7
692 692 -7
693 693 -8
694 694 -6
695 695 -7
696 696 -7
697 697 -7
698 698 -6
699 699 -8
700 700 -8
701 701 -7
702 702 -6
703 703 -9
704 704 -7
705 705 -8
706 706 -7
707 707 -9
708 708 -6
709 709 -6
710 710 -6
711 711 -7
712 712 -6
713 713 -10
714 714 -7
715 715 -6
716 716 -6
717 717 -7
718 718 -6
719 719 -8
720 720 -6
721 721 -7
722 722 -8
723 723 -8
724 724 -9
725 725 -7
726 726 -6
727 727 -7
728 728 -7
729 729 -6
730 730 -6
731 731 -7
732 732 -8
733 733 -7
734 734 -6
735 735 -12
736 736 -6
737 737 -6
738 738 -7
739 739 -7
740 740 -8
741 741 -6
742 742 -7
743 743 -6
744 744 -8
745 745 -7
746 746 -9
747 747 -7
748 748 -6
749 749 -7
750 750 -6
751 751 -7
752 752 -7
753 753 -7
754 754 -7
755 755 -10
756 756 -6
757 757 -6
758 758 -8
759 759 -6
760 760 -6
761 761 -5
762 762 -6
763 763 -6
764 764 -7
765 765 -7
766 766 -6
767 767 -6
768 768 -7
769 769 -6
770 770 -9
771 771 -9
772 772 -7
773 773 -6
774 774 -6
775 775 -7
776 776 -7
777 777 -6
778 778 -6
779 779 -6
780 780 -6
781 781 -7
782 782 -6
783 783 -6
784 784 -6
785 785 -6
786 786 -6
787 787 -7
788 788 -8
789 789 -6
790 790 -6
791 791 -8
792 792 -7
793 793 -6
794 794 -7
795 795 -6
796 796 -6
797 797 -7
798 798 -7
799 799 -8
800 800 -6
801 801 -7
802 802 -6
803 803 -6
804 804 -8
805 805 -9
806 806 -6
807 807 -6
808 808 -7
809 809 -6
810 810 -7
811 811 -7
812 812 -7
813 813 -7
814 814 -6
815 815 -6
816 816 -7
817 817 -7
818 818 -6
819 819 -6
820 820 -6
821 821 -7
822 822 -6
823 823 -9
824 824 -6
825 825 -6
826 826 -9
827 827 -7
828 828 -7
829 829 -6
830 830 -7
831 831 -8
832 832 -7
833 833 -6
834 834 -7
835 835 -9
836 836 -6
837 837 -7
838 838 -8
839 839 -7
840 840 -6
841 841 -6
842 842 -6
843 843 -6
844 844 -6
845 845 -6
846 846 -7
847 847 -6
848 848 -7
849 849 -6
850 850 -6
851 851 -6
852 852 -6
853 853 -8
854 854 -6
855 855 -6
856 856 -7
857 857 -7
858 858 -6
859 859 -6
860 860 -7
861 861 -7
862 862 -7
863 863 -5
864 864 -6
865 865 -6
866 866 -6
867 867 -6
868 868 -6
869 869 -6
870 870 -6
871 871 -6
872 872 -6
873 873 -6
874 874 -9
875 875 -6
876 876 -7
877 877 -6
878 878 -7
879 879 -7
880 880 -6
881 881 -6
882 882 -7
883 883 -6
884 884 -6
885 885 -6
886 886 -8
887 887 -8
888 888 -6
889 889 -6
890 890 -6
891 891 -6
892 892 -6
893 893 -7
894 894 -6
895 895 -6
896 896 -6
897 897 -6
898 898 -6
899 899 -6
900 900 -6
901 901 -6
902 902 -6
903 903 -9
904 904 -6
905 905 -6
906 906 -6
907 907 -6
908 908 -6
909 909 -7
910 910 -6
911 911 -6
912 912 -7
913 913 -7
914 914 -6
915 915 -8
916 916 -6
917 917 -6
918 918 -6
919 919 -7
920 920 -6
921 921 -6
922 922 -7
923 923 -6
924 924 -7
925 925 -6
926 926 -6
927 927 -6
928 928 -6
929 929 -6
930 930 -6
931 931 -6
932 932 -6
933 933 -6
934 934 -6
935 935 -6
936 936 -6
937 937 -6
938 938 -6
939 939 -7
940 940 -6
941 941 -6
942 942 -6
943 943 -6
944 944 -6
945 945 -6
946 946 -6
947 947 -7
948 948 -7
949 949 -6
950 950 -7
951 951 -6
952 952 -6
953 953 -6
954 954 -7
955 955 -6
956 956 -7
957 957 -6
958 958 -6
959 959 -6
960 960 -6
961 961 -6
962 962 -6
963 963 -6
964 964 -7
965 965 -6
966 966 -6
967 967 -6
968 968 -7
969 969 -6
970 970 -6
971 971 -6
972 972 -6
973 973 -6
974 974 -6
975 975 -6
976 976 -6
977 977 -6
978 978 -6
979 979 -6
980 980 -6
981 981 -6
982 982 -6
983 983 -6
984 984 -6
985 985 -6
986 986 -6
987 987 -6
988 988 -7
989 989 -5
990 990 -6
991 991 -6
992 992 -6
993 993 -6
994 994 -6
995 995 -6
996 996 -6
997 997 -6
998 998 -6
999 999 -6