1000 6916 -136 1
0 5 2
0 6 2
0 7 2
0 10 2
0 16 2
0 17 2
0 19 2
0 21 2
0 24 2
0 26 2
0 29 2
0 30 2
0 31 2
0 32 2
0 34 2
0 38 2
0 41 2
0 42 2
0 44 2
0 46 2
0 47 2
0 52 2
0 53 2
0 59 2
0 60 2
0 61 2
0 63 2
0 68 2
0 74 2
0 83 2
0 90 2
0 92 2
0 94 2
0 106 2
0 109 2
0 113 2
0 116 2
0 122 2
0 132 2
0 140 2
0 143 2
0 144 2
0 168 2
0 171 2
0 173 2
0 175 2
0 177 2
0 187 2
0 189 2
0 193 2
0 200 2
0 205 2
0 213 2
0 216 2
0 217 2
0 269 2
0 287 2
0 289 2
0 295 2
0 303 2
0 320 2
0 329 2
0 351 2
0 358 2
0 362 2
0 371 2
0 391 2
0 415 2
0 422 2
0 444 2
0 461 2
0 474 2
0 482 2
0 497 2
0 559 2
0 639 2
0 652 2
0 664 2
0 679 2
0 684 2
0 715 2
0 716 2
0 718 2
0 738 2
0 745 2
0 759 2
0 763 2
0 782 2
0 797 2
0 808 2
0 809 2
0 835 2
0 876 2
0 877 2
0 883 2
0 943 2
0 956 2
0 965 2
0 1 2
0 2 2
0 3 2
0 4 2
0 8 2
0 15 2
0 20 2
0 23 2
0 80 2
0 115 2
0 137 2
0 232 2
0 237 2
0 274 2
0 297 2
0 310 2
0 323 2
0 335 2
0 338 2
0 435 2
0 522 2
0 578 2
0 590 2
0 591 2
0 649 2
0 675 2
0 678 2
0 682 2
0 762 2
0 770 2
0 775 2
0 824 2
0 826 2
0 855 2
0 874 2
0 889 2
0 914 2
0 972 2
1 11 2
1 12 2
1 27 2
1 39 2
1 40 2
1 49 2
1 54 2
1 55 2
1 64 2
1 67 2
1 82 2
1 90 2
1 161 2
1 164 2
1 178 2
1 190 2
1 237 2
1 247 2
1 257 2
1 273 2
1 293 2
1 300 2
1 306 2
1 318 2
1 328 2
1 340 2
1 386 2
1 389 2
1 399 2
1 414 2
1 424 2
1 430 2
1 458 2
1 481 2
1 526 2
1 532 2
1 562 2
1 588 2
1 589 2
1 612 2
1 651 2
1 658 2
1 663 2
1 687 2
1 701 2
1 712 2
1 719 2
1 744 2
1 803 2
1 830 2
1 836 2
1 896 2
1 907 2
1 913 2
1 922 2
1 932 2
1 947 2
1 955 2
1 2 2
1 3 2
1 4 2
1 5 2
1 6 2
1 7 2
1 14 2
1 15 2
1 18 2
1 21 2
1 22 2
1 23 2
1 24 2
1 37 2
1 44 2
1 47 2
1 50 2
1 51 2
1 52 2
1 61 2
1 69 2
1 104 2
1 115 2
1 123 2
1 124 2
1 152 2
1 175 2
1 177 2
1 183 2
1 208 2
1 212 2
1 216 2
1 249 2
1 275 2
1 285 2
1 295 2
1 304 2
1 322 2
1 348 2
1 358 2
1 375 2
1 406 2
1 417 2
1 487 2
1 497 2
1 536 2
1 547 2
1 636 2
1 721 2
1 773 2
1 774 2
1 778 2
1 809 2
1 844 2
1 849 2
1 973 2
1 990 2
2 11 2
2 15 2
2 44 2
2 57 2
2 82 2
2 135 2
2 163 2
2 201 2
2 352 2
2 496 2
2 504 2
2 557 2
2 592 2
2 597 2
2 617 2
2 627 2
2 649 2
2 707 2
2 756 2
2 811 2
2 902 2
2 3 2
2 5 2
2 8 2
2 13 2
2 16 2
2 26 2
2 27 2
2 28 2
2 30 2
2 42 2
2 45 2
2 62 2
2 64 2
2 67 2
2 71 2
2 73 2
2 77 2
2 80 2
2 85 2
2 114 2
2 116 2
2 122 2
2 126 2
2 131 2
2 140 2
2 141 2
2 159 2
2 164 2
2 178 2
2 180 2
2 184 2
2 190 2
2 274 2
2 312 2
2 316 2
2 317 2
2 353 2
2 356 2
2 385 2
2 440 2
2 443 2
2 452 2
2 458 2
2 476 2
2 477 2
2 484 2
2 523 2
2 529 2
2 534 2
2 540 2
2 572 2
2 613 2
2 619 2
2 632 2
2 740 2
2 770 2
2 955 2
2 984 2
3 10 2
3 11 2
3 17 2
3 18 2
3 42 2
3 51 2
3 94 2
3 123 2
3 135 2
3 140 2
3 143 2
3 152 2
3 167 2
3 170 2
3 199 2
3 203 2
3 238 2
3 242 2
3 249 2
3 256 2
3 300 2
3 309 2
3 334 2
3 335 2
3 429 2
3 481 2
3 516 2
3 556 2
3 569 2
3 614 2
3 624 2
3 632 2
3 633 2
3 645 2
3 700 2
3 729 2
3 760 2
3 776 2
3 972 2
3 4 2
3 5 2
3 6 2
3 7 2
3 8 2
3 9 2
3 13 2
3 14 2
3 20 2
3 25 2
3 27 2
3 31 2
3 33 2
3 40 2
3 46 2
3 54 2
3 57 2
3 64 2
3 69 2
3 74 2
3 75 2
3 84 2
3 106 2
3 118 2
3 142 2
3 150 2
3 175 2
3 195 2
3 214 2
3 225 2
3 227 2
3 240 2
3 244 2
3 247 2
3 255 2
3 263 2
3 276 2
3 296 2
3 301 2
3 305 2
3 323 2
3 345 2
3 360 2
3 382 2
3 404 2
3 417 2
3 438 2
3 522 2
3 525 2
3 537 2
3 548 2
3 579 2
3 627 2
3 670 2
3 703 2
3 710 2
3 713 2
3 720 2
3 736 2
3 742 2
3 765 2
3 833 2
3 850 2
3 891 2
3 923 2
3 946 2
3 984 2
4 5 2
4 8 2
4 9 2
4 13 2
4 19 2
4 31 2
4 40 2
4 49 2
4 69 2
4 88 2
4 89 2
4 98 2
4 112 2
4 121 2
4 146 2
4 162 2
4 210 2
4 282 2
4 296 2
4 308 2
4 336 2
4 344 2
4 347 2
4 367 2
4 373 2
4 378 2
4 394 2
4 395 2
4 403 2
4 429 2
4 433 2
4 444 2
4 456 2
4 523 2
4 547 2
4 586 2
4 602 2
4 647 2
4 653 2
4 748 2
4 805 2
4 813 2
4 847 2
4 850 2
4 872 2
4 979 2
4 988 2
4 996 2
4 6 2
4 15 2
4 20 2
4 24 2
4 46 2
4 59 2
4 90 2
4 99 2
4 107 2
4 123 2
4 137 2
4 144 2
4 177 2
4 182 2
4 188 2
4 245 2
4 266 2
4 271 2
4 280 2
4 297 2
4 359 2
4 392 2
4 437 2
4 469 2
4 486 2
4 530 2
4 536 2
4 590 2
4 591 2
4 675 2
4 889 2
4 911 2
4 921 2
5 7 2
5 8 2
5 9 2
5 12 2
5 21 2
5 25 2
5 30 2
5 34 2
5 40 2
5 45 2
5 54 2
5 56 2
5 75 2
5 80 2
5 85 2
5 86 2
5 100 2
5 104 2
5 117 2
5 127 2
5 130 2
5 131 2
5 137 2
5 139 2
5 142 2
5 149 2
5 153 2
5 173 2
5 176 2
5 182 2
5 187 2
5 192 2
5 196 2
5 202 2
5 229 2
5 231 2
5 246 2
5 260 2
5 301 2
5 324 2
5 356 2
5 382 2
5 425 2
5 447 2
5 469 2
5 476 2
5 478 2
5 485 2
5 548 2
5 559 2
5 577 2
5 595 2
5 598 2
5 603 2
5 620 2
5 623 2
5 631 2
5 683 2
5 726 2
5 783 2
5 806 2
5 887 2
5 903 2
5 935 2
5 980 2
5 13 2
5 14 2
5 16 2
5 17 2
5 29 2
5 33 2
5 49 2
5 62 2
5 89 2
5 108 2
5 109 2
5 135 2
5 140 2
5 143 2
5 146 2
5 206 2
5 219 2
5 227 2
5 240 2
5 248 2
5 251 2
5 281 2
5 291 2
5 311 2
5 347 2
5 349 2
5 350 2
5 415 2
5 416 2
5 502 2
5 514 2
5 550 2
5 587 2
5 606 2
5 647 2
5 735 2
5 736 2
5 743 2
5 802 2
5 850 2
5 882 2
5 908 2
5 918 2
5 975 2
5 979 2
6 46 2
6 167 2
6 225 2
6 373 2
6 429 2
6 645 2
6 847 2
6 7 2
6 9 2
6 10 2
6 11 2
6 18 2
6 21 2
6 22 2
6 24 2
6 25 2
6 32 2
6 52 2
6 56 2
6 59 2
6 86 2
6 90 2
6 92 2
6 138 2
6 149 2
6 210 2
6 222 2
6 254 2
6 261 2
6 322 2
6 326 2
6 334 2
6 386 2
6 405 2
6 464 2
6 498 2
6 558 2
6 652 2
6 654 2
6 694 2
6 702 2
6 720 2
6 724 2
6 732 2
6 754 2
6 837 2
6 854 2
6 859 2
6 860 2
6 912 2
6 917 2
6 920 2
7 23 2
7 27 2
7 29 2
7 33 2
7 38 2
7 45 2
7 50 2
7 52 2
7 60 2
7 62 2
7 66 2
7 70 2
7 72 2
7 79 2
7 85 2
7 87 2
7 91 2
7 96 2
7 99 2
7 100 2
7 103 2
7 111 2
7 114 2
7 129 2
7 148 2
7 150 2
7 161 2
7 185 2
7 208 2
7 227 2
7 259 2
7 261 2
7 268 2
7 285 2
7 287 2
7 322 2
7 326 2
7 327 2
7 337 2
7 348 2
7 363 2
7 388 2
7 414 2
7 468 2
7 484 2
7 492 2
7 502 2
7 519 2
7 549 2
7 567 2
7 631 2
7 636 2
7 654 2
7 667 2
7 695 2
7 713 2
7 735 2
7 736 2
7 751 2
7 761 2
7 764 2
7 785 2
7 788 2
7 790 2
7 831 2
7 852 2
7 856 2
7 886 2
7 888 2
7 940 2
7 959 2
7 984 2
7 9 2
7 10 2
7 11 2
7 12 2
7 18 2
7 32 2
7 37 2
7 40 2
7 41 2
7 43 2
7 48 2
7 56 2
7 63 2
7 69 2
7 74 2
7 86 2
7 120 2
7 147 2
7 160 2
7 167 2
7 193 2
7 196 2
7 243 2
7 244 2
7 254 2
7 269 2
7 272 2
7 279 2
7 304 2
7 315 2
7 364 2
7 365 2
7 376 2
7 465 2
7 544 2
7 560 2
7 573 2
7 582 2
7 622 2
7 629 2
7 641 2
7 658 2
7 673 2
7 674 2
7 768 2
7 780 2
7 817 2
7 845 2
7 849 2
7 854 2
7 893 2
7 905 2
7 963 2
8 9 2
8 13 2
8 16 2
8 19 2
8 20 2
8 22 2
8 25 2
8 28 2
8 36 2
8 65 2
8 76 2
8 89 2
8 97 2
8 105 2
8 121 2
8 124 2
8 130 2
8 149 2
8 169 2
8 188 2
8 195 2
8 280 2
8 295 2
8 346 2
8 374 2
8 377 2
8 379 2
8 394 2
8 397 2
8 400 2
8 409 2
8 443 2
8 456 2
8 474 2
8 482 2
8 483 2
8 495 2
8 568 2
8 570 2
8 638 2
8 656 2
8 666 2
8 673 2
8 732 2
8 734 2
8 774 2
8 828 2
8 840 2
8 846 2
8 884 2
8 937 2
8 939 2
8 951 2
8 961 2
8 64 2
8 67 2
8 80 2
8 82 2
8 110 2
8 114 2
8 118 2
8 122 2
8 126 2
8 134 2
8 184 2
8 207 2
8 213 2
8 217 2
8 232 2
8 246 2
8 253 2
8 296 2
8 314 2
8 321 2
8 323 2
8 327 2
8 344 2
8 355 2
8 360 2
8 366 2
8 425 2
8 453 2
8 475 2
8 540 2
8 634 2
8 670 2
8 701 2
8 762 2
8 857 2
8 870 2
8 953 2
8 995 2
9 13 2
9 22 2
9 28 2
9 35 2
9 43 2
9 58 2
9 115 2
9 120 2
9 159 2
9 195 2
9 210 2
9 282 2
9 296 2
9 346 2
9 349 2
9 354 2
9 407 2
9 642 2
9 674 2
9 743 2
9 10 2
9 12 2
9 19 2
9 25 2
9 31 2
9 36 2
9 40 2
9 48 2
9 53 2
9 55 2
9 65 2
9 76 2
9 78 2
9 91 2
9 96 2
9 98 2
9 125 2
9 127 2
9 128 2
9 136 2
9 139 2
9 145 2
9 149 2
9 161 2
9 171 2
9 196 2
9 202 2
9 205 2
9 226 2
9 239 2
9 242 2
9 278 2
9 289 2
9 309 2
9 376 2
9 402 2
9 411 2
9 421 2
9 423 2
9 456 2
9 460 2
9 462 2
9 480 2
9 500 2
9 518 2
9 603 2
9 608 2
9 616 2
9 620 2
9 625 2
9 629 2
9 653 2
9 657 2
9 677 2
9 710 2
9 726 2
9 768 2
9 803 2
9 875 2
9 891 2
9 910 2
9 945 2
9 977 2
9 978 2
10 17 2
10 18 2
10 47 2
10 51 2
10 119 2
10 138 2
10 141 2
10 147 2
10 225 2
10 290 2
10 357 2
10 450 2
10 454 2
10 464 2
10 525 2
10 542 2
10 564 2
10 906 2
10 11 2
10 12 2
10 19 2
10 36 2
10 41 2
10 43 2
10 58 2
10 63 2
10 68 2
10 83 2
10 88 2
10 92 2
10 96 2
10 103 2
10 117 2
10 139 2
10 165 2
10 167 2
10 168 2
10 172 2
10 174 2
10 187 2
10 192 2
10 228 2
10 326 2
10 337 2
10 379 2
10 426 2
10 428 2
10 430 2
10 493 2
10 532 2
10 560 2
10 593 2
10 624 2
10 651 2
10 662 2
10 683 2
10 698 2
10 766 2
10 793 2
10 805 2
10 847 2
10 859 2
10 885 2
10 893 2
10 938 2
10 954 2
10 959 2
11 14 2
11 15 2
11 37 2
11 39 2
11 57 2
11 77 2
11 190 2
11 201 2
11 237 2
11 273 2
11 309 2
11 352 2
11 430 2
11 496 2
11 515 2
11 562 2
11 579 2
11 582 2
11 637 2
11 661 2
11 700 2
11 719 2
11 728 2
11 816 2
11 837 2
11 975 2
11 43 2
11 56 2
11 92 2
11 138 2
11 243 2
11 269 2
11 373 2
11 384 2
11 405 2
11 419 2
11 428 2
11 473 2
11 558 2
11 654 2
11 732 2
11 739 2
11 746 2
11 747 2
11 805 2
11 817 2
11 829 2
11 895 2
12 23 2
12 33 2
12 64 2
12 66 2
12 70 2
12 73 2
12 79 2
12 96 2
12 111 2
12 142 2
12 158 2
12 160 2
12 172 2
12 191 2
12 207 2
12 261 2
12 262 2
12 278 2
12 279 2
12 298 2
12 339 2
12 363 2
12 392 2
12 398 2
12 412 2
12 418 2
12 491 2
12 507 2
12 636 2
12 675 2
12 702 2
12 829 2
12 858 2
12 869 2
12 977 2
12 19 2
12 41 2
12 48 2
12 228 2
12 423 2
12 532 2
12 573 2
12 575 2
12 651 2
12 683 2
12 718 2
12 836 2
12 938 2
13 20 2
13 22 2
13 35 2
13 36 2
13 65 2
13 76 2
13 88 2
13 95 2
13 133 2
13 210 2
13 255 2
13 354 2
13 376 2
13 625 2
13 647 2
13 674 2
13 722 2
13 739 2
13 747 2
13 791 2
13 844 2
13 884 2
13 899 2
13 904 2
13 937 2
13 958 2
13 978 2
13 991 2
13 16 2
13 17 2
13 26 2
13 27 2
13 29 2
13 33 2
13 38 2
13 39 2
13 49 2
13 57 2
13 70 2
13 72 2
13 73 2
13 85 2
13 89 2
13 100 2
13 109 2
13 112 2
13 166 2
13 186 2
13 190 2
13 191 2
13 199 2
13 203 2
13 220 2
13 238 2
13 273 2
13 307 2
13 362 2
13 371 2
13 378 2
13 394 2
13 400 2
13 401 2
13 474 2
13 478 2
13 516 2
13 567 2
13 586 2
13 618 2
13 619 2
13 621 2
13 690 2
13 745 2
13 749 2
13 760 2
13 776 2
13 782 2
13 790 2
13 794 2
13 806 2
13 815 2
13 851 2
13 866 2
13 868 2
13 896 2
13 971 2
13 993 2
14 37 2
14 300 2
14 318 2
14 526 2
14 634 2
14 700 2
14 175 2
14 227 2
14 946 2
15 82 2
15 163 2
15 190 2
15 328 2
15 352 2
15 515 2
15 552 2
15 579 2
15 649 2
15 23 2
15 51 2
15 177 2
15 237 2
15 297 2
15 335 2
15 338 2
15 358 2
15 410 2
15 431 2
15 486 2
15 547 2
15 617 2
15 645 2
15 684 2
15 711 2
15 835 2
15 856 2
15 894 2
15 966 2
16 21 2
16 24 2
16 25 2
16 53 2
16 97 2
16 107 2
16 125 2
16 126 2
16 176 2
16 202 2
16 253 2
16 258 2
16 295 2
16 463 2
16 477 2
16 485 2
16 493 2
16 495 2
16 521 2
16 568 2
16 600 2
16 678 2
16 684 2
16 871 2
16 917 2
16 17 2
16 26 2
16 28 2
16 34 2
16 38 2
16 42 2
16 62 2
16 71 2
16 72 2
16 81 2
16 108 2
16 116 2
16 121 2
16 133 2
16 221 2
16 291 2
16 363 2
16 403 2
16 447 2
16 458 2
16 523 2
16 550 2
16 644 2
16 679 2
16 687 2
16 723 2
16 781 2
16 811 2
16 879 2
16 882 2
16 928 2
16 932 2
17 18 2
17 47 2
17 83 2
17 84 2
17 123 2
17 138 2
17 174 2
17 206 2
17 312 2
17 396 2
17 539 2
17 556 2
17 729 2
17 777 2
17 812 2
17 29 2
17 38 2
17 39 2
17 108 2
17 135 2
17 143 2
17 221 2
17 251 2
17 336 2
17 357 2
17 587 2
17 794 2
17 800 2
17 802 2
17 811 2
17 926 2
18 51 2
18 119 2
18 123 2
18 138 2
18 141 2
18 170 2
18 199 2
18 203 2
18 233 2
18 238 2
18 256 2
18 312 2
18 342 2
18 396 2
18 525 2
18 564 2
18 614 2
18 669 2
18 676 2
18 703 2
18 760 2
18 771 2
18 794 2
18 826 2
18 839 2
18 906 2
18 21 2
18 32 2
18 37 2
18 44 2
18 47 2
18 50 2
18 93 2
18 104 2
18 160 2
18 270 2
18 352 2
18 365 2
18 563 2
18 787 2
19 31 2
19 41 2
19 61 2
19 69 2
19 74 2
19 93 2
19 198 2
19 218 2
19 316 2
19 394 2
19 395 2
19 472 2
19 482 2
19 487 2
19 514 2
19 533 2
19 547 2
19 581 2
19 864 2
19 36 2
19 58 2
19 68 2
19 76 2
19 78 2
19 79 2
19 111 2
19 233 2
19 397 2
19 495 2
19 585 2
19 646 2
19 651 2
19 751 2
20 65 2
20 88 2
20 89 2
20 95 2
20 98 2
20 105 2
20 110 2
20 118 2
20 124 2
20 133 2
20 136 2
20 180 2
20 248 2
20 263 2
20 274 2
20 350 2
20 364 2
20 374 2
20 385 2
20 419 2
20 446 2
20 530 2
20 535 2
20 575 2
20 585 2
20 602 2
20 619 2
20 739 2
20 792 2
20 915 2
20 46 2
20 54 2
20 102 2
20 137 2
20 182 2
20 188 2
20 195 2
20 215 2
20 245 2
20 266 2
20 268 2
20 271 2
20 302 2
20 308 2
20 318 2
20 388 2
20 396 2
20 398 2
20 461 2
20 492 2
20 543 2
20 578 2
20 601 2
20 656 2
20 769 2
20 890 2
20 898 2
21 24 2
21 26 2
21 134 2
21 173 2
21 243 2
21 272 2
21 289 2
21 307 2
21 321 2
21 432 2
21 465 2
21 485 2
21 531 2
21 571 2
21 590 2
21 598 2
21 652 2
21 657 2
21 718 2
21 781 2
21 874 2
21 885 2
21 935 2
21 22 2
21 44 2
21 93 2
21 113 2
21 152 2
21 286 2
21 334 2
21 361 2
21 386 2
21 407 2
21 459 2
21 515 2
21 597 2
21 724 2
21 985 2
22 28 2
22 35 2
22 36 2
22 43 2
22 58 2
22 115 2
22 120 2
22 194 2
22 219 2
22 349 2
22 406 2
22 483 2
22 550 2
22 625 2
22 673 2
22 741 2
22 791 2
22 815 2
22 322 2
22 334 2
22 652 2
23 27 2
23 64 2
23 66 2
23 67 2
23 73 2
23 81 2
23 156 2
23 207 2
23 240 2
23 257 2
23 259 2
23 319 2
23 322 2
23 325 2
23 326 2
23 388 2
23 404 2
23 424 2
23 428 2
23 457 2
23 491 2
23 536 2
23 567 2
23 612 2
23 654 2
23 691 2
23 836 2
23 865 2
23 970 2
23 51 2
23 115 2
23 237 2
23 310 2
23 431 2
23 448 2
23 684 2
23 711 2
23 874 2
24 26 2
24 53 2
24 71 2
24 122 2
24 126 2
24 128 2
24 134 2
24 209 2
24 214 2
24 243 2
24 251 2
24 267 2
24 272 2
24 283 2
24 317 2
24 333 2
24 369 2
24 459 2
24 494 2
24 513 2
24 664 2
24 679 2
24 680 2
24 693 2
24 781 2
24 821 2
24 914 2
24 949 2
24 971 2
24 52 2
24 59 2
24 99 2
24 123 2
24 183 2
24 210 2
24 249 2
24 370 2
24 436 2
24 451 2
24 487 2
24 721 2
24 917 2
25 97 2
25 107 2
25 125 2
25 130 2
25 176 2
25 291 2
25 370 2
25 377 2
25 397 2
25 409 2
25 447 2
25 638 2
25 656 2
25 677 2
25 828 2
25 873 2
25 929 2
25 934 2
25 936 2
25 961 2
25 31 2
25 53 2
25 55 2
25 60 2
25 98 2
25 106 2
25 148 2
25 149 2
25 156 2
25 158 2
25 179 2
25 204 2
25 214 2
25 257 2
25 278 2
25 298 2
25 301 2
25 339 2
25 381 2
25 402 2
25 429 2
25 479 2
25 503 2
25 507 2
25 566 2
25 580 2
25 602 2
25 603 2
25 604 2
25 627 2
25 630 2
25 640 2
25 643 2
25 657 2
25 661 2
25 692 2
25 720 2
25 737 2
25 767 2
25 792 2
25 808 2
25 830 2
25 861 2
25 867 2
25 988 2
25 992 2
25 999 2
26 122 2
26 128 2
26 134 2
26 168 2
26 214 2
26 228 2
26 271 2
26 281 2
26 304 2
26 321 2
26 332 2
26 372 2
26 417 2
26 509 2
26 572 2
26 639 2
26 652 2
26 725 2
26 746 2
26 793 2
26 808 2
26 874 2
26 908 2
26 971 2
26 997 2
26 28 2
26 30 2
26 34 2
26 35 2
26 72 2
26 73 2
26 97 2
26 112 2
26 131 2
26 141 2
26 238 2
26 299 2
26 307 2
26 317 2
26 340 2
26 476 2
26 555 2
26 598 2
26 628 2
26 712 2
26 818 2
26 876 2
26 896 2
27 50 2
27 87 2
27 155 2
27 257 2
27 421 2
27 567 2
27 663 2
27 744 2
27 905 2
27 959 2
27 57 2
27 150 2
27 157 2
27 169 2
27 190 2
27 247 2
27 252 2
27 454 2
27 579 2
27 633 2
27 984 2
27 993 2
28 43 2
28 195 2
28 483 2
28 30 2
28 34 2
28 35 2
28 42 2
28 45 2
28 66 2
28 77 2
28 81 2
28 87 2
28 97 2
28 101 2
28 121 2
28 155 2
28 178 2
28 194 2
28 201 2
28 209 2
28 250 2
28 259 2
28 312 2
28 320 2
28 353 2
28 443 2
28 533 2
28 541 2
28 568 2
28 572 2
28 700 2
28 722 2
28 730 2
28 916 2
28 930 2
28 939 2
28 951 2
29 30 2
29 32 2
29 48 2
29 56 2
29 72 2
29 75 2
29 86 2
29 113 2
29 129 2
29 148 2
29 157 2
29 227 2
29 314 2
29 320 2
29 338 2
29 356 2
29 401 2
29 402 2
29 517 2
29 555 2
29 622 2
29 685 2
29 845 2
29 877 2
29 39 2
29 89 2
29 100 2
29 143 2
29 186 2
29 357 2
29 393 2
29 474 2
29 514 2
29 647 2
29 800 2
29 975 2
30 34 2
30 75 2
30 104 2
30 137 2
30 151 2
30 204 2
30 224 2
30 338 2
30 375 2
30 401 2
30 402 2
30 543 2
30 555 2
30 752 2
30 823 2
30 45 2
30 66 2
30 87 2
30 97 2
30 101 2
30 131 2
30 132 2
30 155 2
30 200 2
30 259 2
30 299 2
30 316 2
30 329 2
30 387 2
30 408 2
30 444 2
30 557 2
30 598 2
30 708 2
30 801 2
30 818 2
30 981 2
31 41 2
31 69 2
31 198 2
31 218 2
31 316 2
31 336 2
31 438 2
31 444 2
31 533 2
31 581 2
31 689 2
31 965 2
31 53 2
31 106 2
31 148 2
31 154 2
31 156 2
31 179 2
31 189 2
31 225 2
31 256 2
31 284 2
31 313 2
31 409 2
31 499 2
31 503 2
31 519 2
31 545 2
31 668 2
31 710 2
31 750 2
32 38 2
32 48 2
32 63 2
32 78 2
32 91 2
32 102 2
32 113 2
32 181 2
32 244 2
32 442 2
32 160 2
32 254 2
32 272 2
32 282 2
32 498 2
32 595 2
32 828 2
32 832 2
32 864 2
32 952 2
33 45 2
33 62 2
33 79 2
33 139 2
33 142 2
33 230 2
33 298 2
33 392 2
33 511 2
33 635 2
33 842 2
33 862 2
33 933 2
33 49 2
33 70 2
33 293 2
33 311 2
33 689 2
33 736 2
33 908 2
34 80 2
34 104 2
34 153 2
34 196 2
34 245 2
34 246 2
34 260 2
34 297 2
34 393 2
34 490 2
34 527 2
34 528 2
34 577 2
34 903 2
34 35 2
34 81 2
34 133 2
34 363 2
34 533 2
34 712 2
34 951 2
35 58 2
35 407 2
35 625 2
35 674 2
35 743 2
35 958 2
35 533 2
35 712 2
36 169 2
36 280 2
36 315 2
36 376 2
36 467 2
36 503 2
36 673 2
36 699 2
36 723 2
36 747 2
36 778 2
36 791 2
36 844 2
36 969 2
36 991 2
36 58 2
36 76 2
36 79 2
36 91 2
36 96 2
36 103 2
36 111 2
36 128 2
36 129 2
36 153 2
36 161 2
36 172 2
36 235 2
36 324 2
36 325 2
36 397 2
36 608 2
36 646 2
36 759 2
37 39 2
37 399 2
37 932 2
37 47 2
37 208 2
37 270 2
37 304 2
37 352 2
37 364 2
37 365 2
37 368 2
37 457 2
37 539 2
37 556 2
37 658 2
37 674 2
37 919 2
38 63 2
38 78 2
38 91 2
38 102 2
38 116 2
38 154 2
38 166 2
38 181 2
38 185 2
38 226 2
38 287 2
38 462 2
38 479 2
38 502 2
38 596 2
38 609 2
38 667 2
38 686 2
38 735 2
38 738 2
38 221 2
38 794 2
38 971 2
38 994 2
39 237 2
39 399 2
39 589 2
39 100 2
39 357 2
40 49 2
40 54 2
40 55 2
40 101 2
40 146 2
40 162 2
40 178 2
40 179 2
40 182 2
40 183 2
40 211 2
40 215 2
40 222 2
40 234 2
40 293 2
40 347 2
40 383 2
40 403 2
40 448 2
40 545 2
40 554 2
40 643 2
40 672 2
40 787 2
40 814 2
40 875 2
40 994 2
40 74 2
40 84 2
40 120 2
40 142 2
40 193 2
40 332 2
40 599 2
40 742 2
40 891 2
41 61 2
41 109 2
41 218 2
41 269 2
41 472 2
41 965 2
41 167 2
41 228 2
41 573 2
42 44 2
42 94 2
42 171 2
42 175 2
42 335 2
42 499 2
42 851 2
42 919 2
42 963 2
42 71 2
42 121 2
42 178 2
42 201 2
42 484 2
42 541 2
42 714 2
42 839 2
42 955 2
42 983 2
43 120 2
43 159 2
43 223 2
43 63 2
43 147 2
43 337 2
43 676 2
43 727 2
43 817 2
43 970 2
44 171 2
44 213 2
44 694 2
44 798 2
44 93 2
44 104 2
44 113 2
44 124 2
44 152 2
44 286 2
44 418 2
44 597 2
44 997 2
45 62 2
45 85 2
45 117 2
45 139 2
45 230 2
45 270 2
45 476 2
45 613 2
45 721 2
45 66 2
45 77 2
45 159 2
45 316 2
45 320 2
45 557 2
45 568 2
45 700 2
45 761 2
46 59 2
46 68 2
46 277 2
46 308 2
46 359 2
46 373 2
46 445 2
46 576 2
46 610 2
46 665 2
46 901 2
46 54 2
46 75 2
46 102 2
46 182 2
46 215 2
46 283 2
46 318 2
46 392 2
46 446 2
46 496 2
46 552 2
46 561 2
46 565 2
46 631 2
46 637 2
46 883 2
46 911 2
46 940 2
46 947 2
47 83 2
47 84 2
47 174 2
47 212 2
47 221 2
47 239 2
47 331 2
47 434 2
47 436 2
47 440 2
47 452 2
47 488 2
47 512 2
47 524 2
47 660 2
47 797 2
47 50 2
47 61 2
47 208 2
47 270 2
47 285 2
47 368 2
47 375 2
47 389 2
47 441 2
47 481 2
47 521 2
47 563 2
47 810 2
47 841 2
47 906 2
47 942 2
48 129 2
48 519 2
48 708 2
48 196 2
48 226 2
48 239 2
48 423 2
49 146 2
49 211 2
49 264 2
49 302 2
49 306 2
49 383 2
49 458 2
49 651 2
49 910 2
49 70 2
49 166 2
49 293 2
49 300 2
49 311 2
49 488 2
49 574 2
49 689 2
49 998 2
50 87 2
50 103 2
50 155 2
50 161 2
50 184 2
50 285 2
50 355 2
50 386 2
50 421 2
50 455 2
50 470 2
50 605 2
50 608 2
50 663 2
50 710 2
50 736 2
50 737 2
50 779 2
50 897 2
50 61 2
50 809 2
50 913 2
51 119 2
51 147 2
51 170 2
51 233 2
51 357 2
51 410 2
51 542 2
51 703 2
51 890 2
51 358 2
51 684 2
51 894 2
52 60 2
52 90 2
52 358 2
52 414 2
52 422 2
52 468 2
52 687 2
52 712 2
52 913 2
52 249 2
52 275 2
52 774 2
53 71 2
53 209 2
53 253 2
53 311 2
53 387 2
53 540 2
53 679 2
53 684 2
53 705 2
53 820 2
53 824 2
53 55 2
53 60 2
53 65 2
53 94 2
53 95 2
53 105 2
53 119 2
53 148 2
53 154 2
53 185 2
53 204 2
53 234 2
53 256 2
53 257 2
53 298 2
53 309 2
53 369 2
53 421 2
53 424 2
53 450 2
53 483 2
53 494 2
53 630 2
53 663 2
53 831 2
53 853 2
53 901 2
53 933 2
54 55 2
54 101 2
54 182 2
54 215 2
54 353 2
54 435 2
54 554 2
54 643 2
54 787 2
54 875 2
54 75 2
54 102 2
54 195 2
54 283 2
54 302 2
54 396 2
54 446 2
54 461 2
54 496 2
54 565 2
54 656 2
54 769 2
54 799 2
54 878 2
54 923 2
54 940 2
55 101 2
55 178 2
55 179 2
55 222 2
55 288 2
55 672 2
55 724 2
55 994 2
55 60 2
55 65 2
55 94 2
55 98 2
55 105 2
55 125 2
55 234 2
55 289 2
55 381 2
55 467 2
55 480 2
55 667 2
55 808 2
55 821 2
55 865 2
55 880 2
55 961 2
55 968 2
55 976 2
55 977 2
56 72 2
56 327 2
56 356 2
56 548 2
56 622 2
56 695 2
56 713 2
56 740 2
56 834 2
56 86 2
56 243 2
56 279 2
56 654 2
56 739 2
56 780 2
57 77 2
57 135 2
57 152 2
57 236 2
57 265 2
57 286 2
57 309 2
57 582 2
57 706 2
57 150 2
57 157 2
57 169 2
57 252 2
57 276 2
57 454 2
57 548 2
58 115 2
58 194 2
58 407 2
58 423 2
58 451 2
58 466 2
58 518 2
58 550 2
58 642 2
58 648 2
58 762 2
58 772 2
58 789 2
58 924 2
58 925 2
58 944 2
58 68 2
58 83 2
58 130 2
58 162 2
58 165 2
58 168 2
58 173 2
58 174 2
58 192 2
58 197 2
58 294 2
58 455 2
58 509 2
58 646 2
58 650 2
58 759 2
58 763 2
58 846 2
58 862 2
58 943 2
59 68 2
59 205 2
59 277 2
59 308 2
59 445 2
59 520 2
59 576 2
59 587 2
59 665 2
59 982 2
59 90 2
59 99 2
59 107 2
59 144 2
59 210 2
59 280 2
59 370 2
59 436 2
59 451 2
59 694 2
59 702 2
59 754 2
59 757 2
60 94 2
60 95 2
60 151 2
60 185 2
60 204 2
60 230 2
60 264 2
60 288 2
60 331 2
60 333 2
60 354 2
60 372 2
60 381 2
60 390 2
60 520 2
60 549 2
60 581 2
60 588 2
60 602 2
60 605 2
60 699 2
60 715 2
60 752 2
60 961 2
61 74 2
61 92 2
61 93 2
61 109 2
61 132 2
61 193 2
61 292 2
61 381 2
61 864 2
61 285 2
61 389 2
61 772 2
61 809 2
61 909 2
61 913 2
61 942 2
61 969 2
62 116 2
62 140 2
62 206 2
62 248 2
62 291 2
62 350 2
62 403 2
62 416 2
62 679 2
62 735 2
62 744 2
62 823 2
62 903 2
62 956 2
62 979 2
63 78 2
63 116 2
63 154 2
63 166 2
63 462 2
63 686 2
63 147 2
63 337 2
63 379 2
63 560 2
63 676 2
63 727 2
63 905 2
64 73 2
64 81 2
64 156 2
64 67 2
64 82 2
64 110 2
64 118 2
64 170 2
64 267 2
64 438 2
64 501 2
64 634 2
64 659 2
64 840 2
64 980 2
64 991 2
65 95 2
65 248 2
65 255 2
65 266 2
65 384 2
65 500 2
65 565 2
65 822 2
65 859 2
65 105 2
65 119 2
65 125 2
65 136 2
65 163 2
65 171 2
65 241 2
65 309 2
65 369 2
65 424 2
65 433 2
65 467 2
65 494 2
65 562 2
65 663 2
65 667 2
65 904 2
66 70 2
66 259 2
66 319 2
66 404 2
66 418 2
66 491 2
66 501 2
66 538 2
66 717 2
66 818 2
66 827 2
66 87 2
66 132 2
66 557 2
66 568 2
66 730 2
66 897 2
67 156 2
67 240 2
67 424 2
67 428 2
67 532 2
67 691 2
67 775 2
67 957 2
67 82 2
67 114 2
67 134 2
67 246 2
67 253 2
67 267 2
67 277 2
67 290 2
67 303 2
67 306 2
67 341 2
67 344 2
67 356 2
67 374 2
67 442 2
67 468 2
67 664 2
67 748 2
67 840 2
67 931 2
67 962 2
67 986 2
68 205 2
68 277 2
68 520 2
68 537 2
68 553 2
68 835 2
68 83 2
68 88 2
68 130 2
68 176 2
68 197 2
68 346 2
68 531 2
68 584 2
68 820 2
69 198 2
69 336 2
69 487 2
69 514 2
69 769 2
69 879 2
69 921 2
69 244 2
69 382 2
69 404 2
69 417 2
69 544 2
69 582 2
69 703 2
69 816 2
69 844 2
69 849 2
69 922 2
69 990 2
70 96 2
70 99 2
70 114 2
70 172 2
70 339 2
70 405 2
70 418 2
70 427 2
70 431 2
70 492 2
70 507 2
70 538 2
70 880 2
70 166 2
70 293 2
70 300 2
70 488 2
70 574 2
70 695 2
70 705 2
70 734 2
70 776 2
70 924 2
71 126 2
71 209 2
71 253 2
71 267 2
71 311 2
71 333 2
71 369 2
71 477 2
71 600 2
71 705 2
71 914 2
71 989 2
71 955 2
72 327 2
72 622 2
72 740 2
72 238 2
72 745 2
72 806 2
73 81 2
73 207 2
73 278 2
73 323 2
73 325 2
73 398 2
73 85 2
73 112 2
73 141 2
73 191 2
73 229 2
74 92 2
74 93 2
74 144 2
74 292 2
74 381 2
74 544 2
74 618 2
74 84 2
74 120 2
74 263 2
74 513 2
74 551 2
74 599 2
75 86 2
75 157 2
75 229 2
75 231 2
75 555 2
75 655 2
75 496 2
75 561 2
75 888 2
75 923 2
76 169 2
76 376 2
76 443 2
76 467 2
76 699 2
76 765 2
76 774 2
76 778 2
76 884 2
76 928 2
76 952 2
76 953 2
76 993 2
76 78 2
76 79 2
76 91 2
76 127 2
76 233 2
76 391 2
76 495 2
76 504 2
76 594 2
77 201 2
77 159 2
77 164 2
77 312 2
77 320 2
77 613 2
77 761 2
77 930 2
78 102 2
78 154 2
78 442 2
78 479 2
78 596 2
78 495 2
78 585 2
79 261 2
79 262 2
79 298 2
79 420 2
79 675 2
79 974 2
79 111 2
79 129 2
79 233 2
79 391 2
79 414 2
79 422 2
79 504 2
79 751 2
80 196 2
80 245 2
80 382 2
80 184 2
80 232 2
80 274 2
80 435 2
80 477 2
80 649 2
80 691 2
80 738 2
80 892 2
81 133 2
82 163 2
82 164 2
82 328 2
82 504 2
82 557 2
82 592 2
82 617 2
82 110 2
82 170 2
82 246 2
82 267 2
82 355 2
82 501 2
82 571 2
83 84 2
83 108 2
83 239 2
83 512 2
83 88 2
83 117 2
83 130 2
83 162 2
83 165 2
83 173 2
83 176 2
83 265 2
83 328 2
83 509 2
83 511 2
83 531 2
83 589 2
83 639 2
83 785 2
83 797 2
84 108 2
84 174 2
84 206 2
84 212 2
84 239 2
84 434 2
84 711 2
84 895 2
84 142 2
84 263 2
84 513 2
84 713 2
85 100 2
85 117 2
85 127 2
85 131 2
85 145 2
85 270 2
85 324 2
85 348 2
85 360 2
85 603 2
85 613 2
85 692 2
85 726 2
85 887 2
85 619 2
86 157 2
86 229 2
86 780 2
87 103 2
87 150 2
87 184 2
87 484 2
87 549 2
87 551 2
87 605 2
87 749 2
87 751 2
87 132 2
87 155 2
87 194 2
87 200 2
87 730 2
87 897 2
88 98 2
88 112 2
88 118 2
88 165 2
88 180 2
88 186 2
88 305 2
88 344 2
88 411 2
88 546 2
88 739 2
88 861 2
88 872 2
88 978 2
88 117 2
88 176 2
88 265 2
88 346 2
88 511 2
88 589 2
88 639 2
88 797 2
88 907 2
88 959 2
88 996 2
89 105 2
89 110 2
89 121 2
89 188 2
89 379 2
89 385 2
89 419 2
89 530 2
89 560 2
89 573 2
89 575 2
89 602 2
89 843 2
89 846 2
89 109 2
89 146 2
89 181 2
89 186 2
89 199 2
89 219 2
89 224 2
89 273 2
89 330 2
89 347 2
89 393 2
89 415 2
89 445 2
89 449 2
89 482 2
89 485 2
89 490 2
89 514 2
89 554 2
89 564 2
89 672 2
89 848 2
89 866 2
89 936 2
90 177 2
90 247 2
90 340 2
90 358 2
90 391 2
90 510 2
90 687 2
90 759 2
90 849 2
90 878 2
90 998 2
90 144 2
90 437 2
90 694 2
90 837 2
91 185 2
91 337 2
91 127 2
91 161 2
91 235 2
91 260 2
91 518 2
91 542 2
91 726 2
92 144 2
92 189 2
92 292 2
92 303 2
92 313 2
92 329 2
92 544 2
92 618 2
92 630 2
92 810 2
92 868 2
92 138 2
92 222 2
92 261 2
92 326 2
92 384 2
92 428 2
92 463 2
92 464 2
92 473 2
92 570 2
92 747 2
92 783 2
92 873 2
92 895 2
93 381 2
93 864 2
93 113 2
93 407 2
93 418 2
93 459 2
93 997 2
94 106 2
94 335 2
94 362 2
94 380 2
94 499 2
94 807 2
94 857 2
94 894 2
94 916 2
94 95 2
94 151 2
94 390 2
94 933 2
95 133 2
95 136 2
95 248 2
95 255 2
95 266 2
95 453 2
95 500 2
95 565 2
95 578 2
95 619 2
95 822 2
95 151 2
95 185 2
95 230 2
95 264 2
95 288 2
95 520 2
95 686 2
95 933 2
96 99 2
96 111 2
96 158 2
96 160 2
96 172 2
96 191 2
96 279 2
96 294 2
96 405 2
96 471 2
96 702 2
96 704 2
96 788 2
96 856 2
96 103 2
96 128 2
96 139 2
96 187 2
96 325 2
96 493 2
96 616 2
96 871 2
97 107 2
97 258 2
97 377 2
97 495 2
97 101 2
97 209 2
97 598 2
97 939 2
98 112 2
98 118 2
98 165 2
98 186 2
98 305 2
98 345 2
98 378 2
98 523 2
98 561 2
98 629 2
98 697 2
98 720 2
98 911 2
98 289 2
98 402 2
98 880 2
99 114 2
99 268 2
99 405 2
99 427 2
99 431 2
99 471 2
99 764 2
99 788 2
99 992 2
99 107 2
99 370 2
99 757 2
99 967 2
100 348 2
100 631 2
100 692 2
100 726 2
100 799 2
101 179 2
101 215 2
101 353 2
101 209 2
101 250 2
101 259 2
101 387 2
101 722 2
102 181 2
102 244 2
102 442 2
102 596 2
102 609 2
102 215 2
102 283 2
102 302 2
102 308 2
102 552 2
102 878 2
103 184 2
103 285 2
103 355 2
103 455 2
103 470 2
103 549 2
103 551 2
103 758 2
103 973 2
103 172 2
103 187 2
103 324 2
103 847 2
103 915 2
104 137 2
104 151 2
104 153 2
104 204 2
104 299 2
104 490 2
104 599 2
104 966 2
104 980 2
104 124 2
104 212 2
104 592 2
104 822 2
105 110 2
105 124 2
105 188 2
105 350 2
105 560 2
105 573 2
105 731 2
105 915 2
105 995 2
105 119 2
105 234 2
105 853 2
105 901 2
106 140 2
106 362 2
106 380 2
106 415 2
106 437 2
106 489 2
106 782 2
106 807 2
106 894 2
106 179 2
106 214 2
106 225 2
106 284 2
106 507 2
106 643 2
106 750 2
107 125 2
107 258 2
107 291 2
107 370 2
107 463 2
107 871 2
107 917 2
108 135 2
108 882 2
108 928 2
109 132 2
109 232 2
109 269 2
109 146 2
109 181 2
109 224 2
109 273 2
109 330 2
109 362 2
109 378 2
109 413 2
109 432 2
109 618 2
109 635 2
110 385 2
110 915 2
110 170 2
110 634 2
110 857 2
110 870 2
110 991 2
111 158 2
111 636 2
111 790 2
111 831 2
111 129 2
111 153 2
111 211 2
111 218 2
111 262 2
111 397 2
111 414 2
111 422 2
111 819 2
111 852 2
112 165 2
112 344 2
112 378 2
112 561 2
112 629 2
112 653 2
112 720 2
112 813 2
112 861 2
112 867 2
112 191 2
112 220 2
112 229 2
112 236 2
112 367 2
112 401 2
112 412 2
112 478 2
112 516 2
112 569 2
112 607 2
112 958 2
113 320 2
113 407 2
113 418 2
113 597 2
114 268 2
114 427 2
114 492 2
114 122 2
114 134 2
114 207 2
114 277 2
114 306 2
114 321 2
114 356 2
114 366 2
114 377 2
114 385 2
114 470 2
114 529 2
114 609 2
114 664 2
114 665 2
114 934 2
115 194 2
115 219 2
115 423 2
115 441 2
115 451 2
115 466 2
115 518 2
115 601 2
115 659 2
115 310 2
116 166 2
116 226 2
116 241 2
116 250 2
116 310 2
116 458 2
117 127 2
117 192 2
117 220 2
117 270 2
117 480 2
117 265 2
117 328 2
117 959 2
118 180 2
118 186 2
118 263 2
118 274 2
118 411 2
118 733 2
118 768 2
118 920 2
118 296 2
118 438 2
119 141 2
119 147 2
119 410 2
119 450 2
119 454 2
119 464 2
119 580 2
119 794 2
119 424 2
119 853 2
120 159 2
120 223 2
120 349 2
120 406 2
120 541 2
120 193 2
120 332 2
120 599 2
120 812 2
121 456 2
121 805 2
121 541 2
122 128 2
122 168 2
122 228 2
122 281 2
122 330 2
122 332 2
122 343 2
122 361 2
122 449 2
122 522 2
122 572 2
122 611 2
122 662 2
122 664 2
122 126 2
122 180 2
122 321 2
122 327 2
122 385 2
122 399 2
122 440 2
122 807 2
123 203 2
123 312 2
123 556 2
123 624 2
123 676 2
123 776 2
123 777 2
123 812 2
123 972 2
123 183 2
124 350 2
124 364 2
124 374 2
124 731 2
124 792 2
124 212 2
124 216 2
124 439 2
124 510 2
124 592 2
125 291 2
125 463 2
125 136 2
125 145 2
125 163 2
125 198 2
125 202 2
125 258 2
125 462 2
125 467 2
125 480 2
125 559 2
125 583 2
125 596 2
125 615 2
125 677 2
125 786 2
125 821 2
125 865 2
125 910 2
125 960 2
126 369 2
126 477 2
126 493 2
126 180 2
126 399 2
126 540 2
127 131 2
127 145 2
127 192 2
127 197 2
127 220 2
127 235 2
127 360 2
127 408 2
127 469 2
127 478 2
127 480 2
127 615 2
127 620 2
127 753 2
127 783 2
127 881 2
127 518 2
128 214 2
128 228 2
128 271 2
128 330 2
128 341 2
128 725 2
128 746 2
128 821 2
128 325 2
128 608 2
129 148 2
129 314 2
129 517 2
129 519 2
129 708 2
129 841 2
129 900 2
129 153 2
129 211 2
129 218 2
129 262 2
129 342 2
129 414 2
129 666 2
129 819 2
129 965 2
130 301 2
130 397 2
130 595 2
130 666 2
130 873 2
130 162 2
130 197 2
131 145 2
131 197 2
131 235 2
131 324 2
131 478 2
131 615 2
131 754 2
131 863 2
131 881 2
131 299 2
131 317 2
131 329 2
131 340 2
131 444 2
131 534 2
131 628 2
131 843 2
131 876 2
131 937 2
132 193 2
132 217 2
132 232 2
132 848 2
132 986 2
133 136 2
133 446 2
133 453 2
133 506 2
133 508 2
133 529 2
133 585 2
133 604 2
133 626 2
133 646 2
133 363 2
133 879 2
134 243 2
134 251 2
134 307 2
134 321 2
134 584 2
134 590 2
134 971 2
134 207 2
134 213 2
134 217 2
134 223 2
134 231 2
134 277 2
134 287 2
134 290 2
134 292 2
134 434 2
134 470 2
134 526 2
134 610 2
134 696 2
134 717 2
134 934 2
135 152 2
135 236 2
135 706 2
135 251 2
135 336 2
135 349 2
135 395 2
135 466 2
136 446 2
136 453 2
136 506 2
136 578 2
136 604 2
136 626 2
136 145 2
136 163 2
136 171 2
136 198 2
136 205 2
136 241 2
136 242 2
136 351 2
136 433 2
136 489 2
136 562 2
136 583 2
136 596 2
136 623 2
137 151 2
137 299 2
137 375 2
137 460 2
137 599 2
137 962 2
137 980 2
137 983 2
137 266 2
137 530 2
137 578 2
137 590 2
137 678 2
137 693 2
137 898 2
137 921 2
138 396 2
138 525 2
138 539 2
138 222 2
138 384 2
138 405 2
138 463 2
138 538 2
138 570 2
138 746 2
138 912 2
139 230 2
139 476 2
139 623 2
139 721 2
139 802 2
139 862 2
139 918 2
139 616 2
139 625 2
139 789 2
140 143 2
140 242 2
140 334 2
140 366 2
140 415 2
140 489 2
140 583 2
140 671 2
140 889 2
140 206 2
141 450 2
141 564 2
141 794 2
141 839 2
141 476 2
142 392 2
142 511 2
142 621 2
142 829 2
142 742 2
143 242 2
143 249 2
143 366 2
143 583 2
143 587 2
143 606 2
143 975 2
144 189 2
144 313 2
144 534 2
144 563 2
144 280 2
144 437 2
145 197 2
145 360 2
145 408 2
145 753 2
145 754 2
145 202 2
145 559 2
145 786 2
145 886 2
146 162 2
146 183 2
146 211 2
146 264 2
146 302 2
146 628 2
146 181 2
146 219 2
147 357 2
147 410 2
147 580 2
147 890 2
147 981 2
148 227 2
148 314 2
148 841 2
148 154 2
148 156 2
148 158 2
148 189 2
148 257 2
148 450 2
148 519 2
148 706 2
149 278 2
149 460 2
149 872 2
150 484 2
150 749 2
150 905 2
150 157 2
150 247 2
150 255 2
150 276 2
150 305 2
150 319 2
150 512 2
150 660 2
150 833 2
151 204 2
151 224 2
151 284 2
151 299 2
151 375 2
151 460 2
151 962 2
151 966 2
151 983 2
151 390 2
151 520 2
151 549 2
151 588 2
151 686 2
151 728 2
152 236 2
152 265 2
152 286 2
152 361 2
152 515 2
152 527 2
152 528 2
152 753 2
152 764 2
152 884 2
152 985 2
153 246 2
153 490 2
153 211 2
154 462 2
154 479 2
154 256 2
154 450 2
155 421 2
155 194 2
155 200 2
156 240 2
156 158 2
156 189 2
156 313 2
156 409 2
156 706 2
157 169 2
158 160 2
158 294 2
158 898 2
158 706 2
159 223 2
159 164 2
159 740 2
159 813 2
160 279 2
160 294 2
160 704 2
160 898 2
161 208 2
161 386 2
161 922 2
161 235 2
161 260 2
161 726 2
162 183 2
162 628 2
162 509 2
163 504 2
163 198 2
163 258 2
163 517 2
163 697 2
164 592 2
164 707 2
164 811 2
164 613 2
164 740 2
164 813 2
165 561 2
165 861 2
165 911 2
165 168 2
165 173 2
165 294 2
165 426 2
165 472 2
165 766 2
165 943 2
166 226 2
166 241 2
166 250 2
166 254 2
166 416 2
166 574 2
166 686 2
166 967 2
166 776 2
167 225 2
167 290 2
167 645 2
167 750 2
167 882 2
167 893 2
168 522 2
168 639 2
168 174 2
168 426 2
168 472 2
168 593 2
168 662 2
168 846 2
168 862 2
169 280 2
169 315 2
169 400 2
169 443 2
169 467 2
169 475 2
169 503 2
169 765 2
169 939 2
169 952 2
169 969 2
169 252 2
169 633 2
170 199 2
170 233 2
170 342 2
170 390 2
170 641 2
170 946 2
170 501 2
170 659 2
171 175 2
171 200 2
171 213 2
171 694 2
171 205 2
171 241 2
171 489 2
172 191 2
172 339 2
172 412 2
172 858 2
172 324 2
172 915 2
173 187 2
173 216 2
173 289 2
173 365 2
173 371 2
173 432 2
173 683 2
173 935 2
173 976 2
173 294 2
174 206 2
174 212 2
174 221 2
174 252 2
174 275 2
174 436 2
174 616 2
174 711 2
174 796 2
174 192 2
174 430 2
174 455 2
174 506 2
174 593 2
174 763 2
174 846 2
174 964 2
174 987 2
175 200 2
175 763 2
175 946 2
176 202 2
176 644 2
176 931 2
176 346 2
176 511 2
176 531 2
176 584 2
176 820 2
176 996 2
177 247 2
177 391 2
177 510 2
177 566 2
177 803 2
177 998 2
177 536 2
177 547 2
177 773 2
178 222 2
178 288 2
178 545 2
178 964 2
178 201 2
178 484 2
178 714 2
178 839 2
179 672 2
179 503 2
179 507 2
180 263 2
180 535 2
180 733 2
180 399 2
181 244 2
181 609 2
181 224 2
181 848 2
182 554 2
182 188 2
182 268 2
182 318 2
182 392 2
182 469 2
182 788 2
182 890 2
183 628 2
184 470 2
184 605 2
184 608 2
184 758 2
184 942 2
185 337 2
185 502 2
185 230 2
185 333 2
185 655 2
185 827 2
186 305 2
186 345 2
186 411 2
186 498 2
186 546 2
186 593 2
186 801 2
186 199 2
186 203 2
186 393 2
186 474 2
186 482 2
186 535 2
186 586 2
186 600 2
186 672 2
186 688 2
187 216 2
187 365 2
187 368 2
187 426 2
187 559 2
187 683 2
187 745 2
187 976 2
187 493 2
187 847 2
187 871 2
188 379 2
188 560 2
188 245 2
188 268 2
188 398 2
188 469 2
188 669 2
188 716 2
188 788 2
188 900 2
189 303 2
189 351 2
189 461 2
189 534 2
189 313 2
189 499 2
189 519 2
189 524 2
189 545 2
189 681 2
189 719 2
190 273 2
190 637 2
190 993 2
191 412 2
191 702 2
191 220 2
191 229 2
191 236 2
191 367 2
191 491 2
192 220 2
192 469 2
192 430 2
192 455 2
192 506 2
192 650 2
192 698 2
192 902 2
192 987 2
193 217 2
193 848 2
193 332 2
193 812 2
194 219 2
194 423 2
194 441 2
194 550 2
194 601 2
194 670 2
194 741 2
194 772 2
194 924 2
195 346 2
195 769 2
196 245 2
196 260 2
196 297 2
196 382 2
196 393 2
196 696 2
196 833 2
196 226 2
196 376 2
196 411 2
196 622 2
196 733 2
197 235 2
197 754 2
197 863 2
198 316 2
198 438 2
198 487 2
198 769 2
198 879 2
198 258 2
198 517 2
198 583 2
198 615 2
199 256 2
199 203 2
199 394 2
199 400 2
199 482 2
199 485 2
199 535 2
199 567 2
199 600 2
199 685 2
199 866 2
200 763 2
200 876 2
201 714 2
201 983 2
202 644 2
202 931 2
202 462 2
202 559 2
202 886 2
202 945 2
203 238 2
203 516 2
203 676 2
203 776 2
203 394 2
203 535 2
203 586 2
203 690 2
203 790 2
204 224 2
204 284 2
204 606 2
204 688 2
204 923 2
204 298 2
204 483 2
204 602 2
204 604 2
204 661 2
205 835 2
205 242 2
205 351 2
205 620 2
205 957 2
206 248 2
206 281 2
207 278 2
207 323 2
207 325 2
207 766 2
207 213 2
207 223 2
207 366 2
207 380 2
207 609 2
207 665 2
207 944 2
207 995 2
208 368 2
208 375 2
208 406 2
208 457 2
208 521 2
208 556 2
208 636 2
208 810 2
208 842 2
208 919 2
208 948 2
209 267 2
209 311 2
209 317 2
209 387 2
209 540 2
209 250 2
209 916 2
209 939 2
210 282 2
210 354 2
210 367 2
210 413 2
210 647 2
210 690 2
210 722 2
210 436 2
210 702 2
210 917 2
211 264 2
211 383 2
211 218 2
211 342 2
211 611 2
212 221 2
212 252 2
212 275 2
212 331 2
212 434 2
212 607 2
212 616 2
212 711 2
212 804 2
212 853 2
212 895 2
212 216 2
212 439 2
212 546 2
212 592 2
212 778 2
212 822 2
212 825 2
213 694 2
213 798 2
213 217 2
213 223 2
213 231 2
213 380 2
213 434 2
213 995 2
214 725 2
214 821 2
214 949 2
214 997 2
214 301 2
214 339 2
214 345 2
214 427 2
214 479 2
214 525 2
214 640 2
214 680 2
215 353 2
215 435 2
215 486 2
215 643 2
215 814 2
215 552 2
216 365 2
216 368 2
216 745 2
216 757 2
216 943 2
216 439 2
216 510 2
216 546 2
216 778 2
216 825 2
216 838 2
217 848 2
217 986 2
218 472 2
218 533 2
218 262 2
218 342 2
218 611 2
218 666 2
218 965 2
219 601 2
219 347 2
219 564 2
219 671 2
219 756 2
220 480 2
220 401 2
220 412 2
220 569 2
220 982 2
221 252 2
221 331 2
221 436 2
221 440 2
221 452 2
221 607 2
221 796 2
221 811 2
222 234 2
222 288 2
222 448 2
222 545 2
222 724 2
222 742 2
222 964 2
222 261 2
222 570 2
223 231 2
223 287 2
223 380 2
223 526 2
223 642 2
223 944 2
224 284 2
224 606 2
224 923 2
224 938 2
224 330 2
224 413 2
224 848 2
225 290 2
225 750 2
225 284 2
226 241 2
226 310 2
226 727 2
226 239 2
227 240 2
227 765 2
228 271 2
228 281 2
228 304 2
228 330 2
228 341 2
228 361 2
228 372 2
228 417 2
228 591 2
228 640 2
228 681 2
228 698 2
228 770 2
228 532 2
228 575 2
228 836 2
229 231 2
229 425 2
229 655 2
229 236 2
229 491 2
230 862 2
230 264 2
230 331 2
230 333 2
230 605 2
230 655 2
231 425 2
231 655 2
231 287 2
231 292 2
231 434 2
231 610 2
231 642 2
231 717 2
231 758 2
231 869 2
233 342 2
233 390 2
233 703 2
233 771 2
233 819 2
233 854 2
233 391 2
233 594 2
233 751 2
234 448 2
234 724 2
234 742 2
235 863 2
235 260 2
235 542 2
236 265 2
236 286 2
236 439 2
236 706 2
236 825 2
236 893 2
236 367 2
236 491 2
236 958 2
237 562 2
237 589 2
237 830 2
237 907 2
237 955 2
237 338 2
237 431 2
237 448 2
237 576 2
237 648 2
237 775 2
237 835 2
238 516 2
238 760 2
238 307 2
238 371 2
238 555 2
238 745 2
239 512 2
239 660 2
239 891 2
239 968 2
240 428 2
240 765 2
241 250 2
241 254 2
241 310 2
241 574 2
241 727 2
241 967 2
241 433 2
241 489 2
241 904 2
242 249 2
242 276 2
242 334 2
242 366 2
242 473 2
242 569 2
242 633 2
242 351 2
242 620 2
242 623 2
242 957 2
243 251 2
243 272 2
243 283 2
243 307 2
243 494 2
243 584 2
243 657 2
243 693 2
243 892 2
243 269 2
243 279 2
243 315 2
243 373 2
243 420 2
243 465 2
243 505 2
243 641 2
243 739 2
243 963 2
244 382 2
244 537 2
244 544 2
244 755 2
244 796 2
245 393 2
245 527 2
245 528 2
245 833 2
245 398 2
245 669 2
245 716 2
245 900 2
246 577 2
246 253 2
246 303 2
246 314 2
246 355 2
246 374 2
246 425 2
246 571 2
246 748 2
246 962 2
247 340 2
247 389 2
247 505 2
247 803 2
247 878 2
247 960 2
247 255 2
247 319 2
247 512 2
247 579 2
247 950 2
248 565 2
248 619 2
248 281 2
248 416 2
248 918 2
249 276 2
249 473 2
249 632 2
249 275 2
249 295 2
249 487 2
250 254 2
250 416 2
250 709 2
250 722 2
250 916 2
251 494 2
251 680 2
251 336 2
251 349 2
251 395 2
251 466 2
251 471 2
251 802 2
251 926 2
252 275 2
252 853 2
252 454 2
252 633 2
253 303 2
253 314 2
253 344 2
253 453 2
254 416 2
254 574 2
254 709 2
254 272 2
254 282 2
254 498 2
254 595 2
254 673 2
254 828 2
254 854 2
255 266 2
255 384 2
255 859 2
255 319 2
255 833 2
256 614 2
256 669 2
257 612 2
258 871 2
258 517 2
258 615 2
258 697 2
259 319 2
259 322 2
259 717 2
259 818 2
259 970 2
259 387 2
260 297 2
260 696 2
260 903 2
260 542 2
261 262 2
261 363 2
261 420 2
261 974 2
261 464 2
261 783 2
262 420 2
262 666 2
262 819 2
262 852 2
263 274 2
263 535 2
263 733 2
263 768 2
263 513 2
263 551 2
263 713 2
264 302 2
264 288 2
264 331 2
264 354 2
264 372 2
264 581 2
264 612 2
264 614 2
264 638 2
264 699 2
264 729 2
264 741 2
264 752 2
264 834 2
264 925 2
265 286 2
265 439 2
265 328 2
265 639 2
265 785 2
265 907 2
266 384 2
266 500 2
266 271 2
266 359 2
266 388 2
266 492 2
266 530 2
266 707 2
266 863 2
266 898 2
267 317 2
267 333 2
267 513 2
267 989 2
267 840 2
267 980 2
268 764 2
268 890 2
269 315 2
269 373 2
269 419 2
269 420 2
269 731 2
269 777 2
270 613 2
270 352 2
270 539 2
270 553 2
270 563 2
270 787 2
271 304 2
271 341 2
271 591 2
271 770 2
271 359 2
271 388 2
271 707 2
272 283 2
272 459 2
272 465 2
272 657 2
272 282 2
272 673 2
272 832 2
273 430 2
273 637 2
273 816 2
273 860 2
273 362 2
273 760 2
274 768 2
274 920 2
274 435 2
274 477 2
274 770 2
274 824 2
274 892 2
275 616 2
275 853 2
275 295 2
275 348 2
275 497 2
275 774 2
275 973 2
276 473 2
276 569 2
276 632 2
276 305 2
276 548 2
276 660 2
277 520 2
277 537 2
277 553 2
277 576 2
277 587 2
277 290 2
277 306 2
277 341 2
277 343 2
277 377 2
277 470 2
277 696 2
277 931 2
277 974 2
278 323 2
278 398 2
278 766 2
278 780 2
278 869 2
278 460 2
278 500 2
278 603 2
278 653 2
278 803 2
278 858 2
278 872 2
279 704 2
279 465 2
280 315 2
280 400 2
280 723 2
281 332 2
281 343 2
281 361 2
281 372 2
281 449 2
281 509 2
281 611 2
281 640 2
281 918 2
282 296 2
282 367 2
282 413 2
282 594 2
282 773 2
282 850 2
282 999 2
282 832 2
283 446 2
283 878 2
284 606 2
284 688 2
284 750 2
285 355 2
285 736 2
285 389 2
285 441 2
285 772 2
286 439 2
286 825 2
286 361 2
286 527 2
286 528 2
286 753 2
286 941 2
287 738 2
287 292 2
287 526 2
287 642 2
287 869 2
287 887 2
288 964 2
288 372 2
288 834 2
289 371 2
289 432 2
289 497 2
289 718 2
289 870 2
289 880 2
289 968 2
290 750 2
290 882 2
291 370 2
291 350 2
291 403 2
291 447 2
291 502 2
291 550 2
291 577 2
291 723 2
291 771 2
291 781 2
291 903 2
291 927 2
291 949 2
291 956 2
292 544 2
292 868 2
292 610 2
292 758 2
293 306 2
293 658 2
293 300 2
293 695 2
294 898 2
294 943 2
295 474 2
295 348 2
297 696 2
297 335 2
297 410 2
297 486 2
297 617 2
298 675 2
298 977 2
298 483 2
298 630 2
298 830 2
299 599 2
299 966 2
299 983 2
299 329 2
299 408 2
299 708 2
299 818 2
299 843 2
299 876 2
299 981 2
300 318 2
300 481 2
300 588 2
300 634 2
300 682 2
300 945 2
300 488 2
300 695 2
300 924 2
301 447 2
301 595 2
301 873 2
301 339 2
301 345 2
301 427 2
301 429 2
301 580 2
301 627 2
301 692 2
301 784 2
301 795 2
302 308 2
302 396 2
302 543 2
303 329 2
303 351 2
303 630 2
303 716 2
303 374 2
303 442 2
303 468 2
304 417 2
304 591 2
304 681 2
304 927 2
304 364 2
305 345 2
305 498 2
305 546 2
305 660 2
306 458 2
306 658 2
306 910 2
306 341 2
306 343 2
306 377 2
306 383 2
307 584 2
307 892 2
307 371 2
307 555 2
307 896 2
308 359 2
308 445 2
308 610 2
308 901 2
308 979 2
309 582 2
309 975 2
309 369 2
309 421 2
309 831 2
310 727 2
310 874 2
311 387 2
311 705 2
311 820 2
311 689 2
311 908 2
311 998 2
312 812 2
312 353 2
312 930 2
313 534 2
313 563 2
313 832 2
313 409 2
313 499 2
313 524 2
313 681 2
313 719 2
313 814 2
314 517 2
314 685 2
314 714 2
314 841 2
314 900 2
314 950 2
314 453 2
315 723 2
315 969 2
315 420 2
315 505 2
315 641 2
316 438 2
317 513 2
317 340 2
317 534 2
318 526 2
318 588 2
318 634 2
318 682 2
319 404 2
319 501 2
319 717 2
319 827 2
319 512 2
319 950 2
320 761 2
321 590 2
321 874 2
321 327 2
321 475 2
321 701 2
321 935 2
322 326 2
322 457 2
322 970 2
322 652 2
323 766 2
323 780 2
323 360 2
323 522 2
323 762 2
323 972 2
324 603 2
324 915 2
326 388 2
326 457 2
326 536 2
326 912 2
326 859 2
327 695 2
327 475 2
327 953 2
328 785 2
329 630 2
329 408 2
329 444 2
329 843 2
329 937 2
330 413 2
330 635 2
330 791 2
331 607 2
331 804 2
331 954 2
331 354 2
331 614 2
331 715 2
332 343 2
332 572 2
332 662 2
332 668 2
332 812 2
333 605 2
333 655 2
333 827 2
333 989 2
334 386 2
335 499 2
335 851 2
335 963 2
335 410 2
335 645 2
335 856 2
336 395 2
336 926 2
337 379 2
337 624 2
337 676 2
337 954 2
337 970 2
338 401 2
338 543 2
338 558 2
338 877 2
338 775 2
338 835 2
339 507 2
339 429 2
339 479 2
339 566 2
339 680 2
339 784 2
339 867 2
340 389 2
340 505 2
340 701 2
340 878 2
340 960 2
340 628 2
341 343 2
341 383 2
341 626 2
341 931 2
342 390 2
342 641 2
342 771 2
342 819 2
342 826 2
342 854 2
342 946 2
342 611 2
342 965 2
343 449 2
343 383 2
343 626 2
344 653 2
344 867 2
344 872 2
345 498 2
345 593 2
345 427 2
345 525 2
346 996 2
347 403 2
347 586 2
347 415 2
347 445 2
347 449 2
347 564 2
347 671 2
347 743 2
348 692 2
348 799 2
348 497 2
349 406 2
349 541 2
350 364 2
350 731 2
350 995 2
350 502 2
350 903 2
350 927 2
351 461 2
351 715 2
351 716 2
351 623 2
351 957 2
352 496 2
352 515 2
352 552 2
352 597 2
352 649 2
352 728 2
352 756 2
352 909 2
352 539 2
352 553 2
353 435 2
353 486 2
353 443 2
354 690 2
354 904 2
354 581 2
354 612 2
354 614 2
354 638 2
354 715 2
355 455 2
355 710 2
355 897 2
355 425 2
355 571 2
356 548 2
356 664 2
357 542 2
357 800 2
358 422 2
359 901 2
359 979 2
359 707 2
359 863 2
360 408 2
360 670 2
361 515 2
361 527 2
361 764 2
361 941 2
362 380 2
362 437 2
362 378 2
362 432 2
362 760 2
362 782 2
362 798 2
363 879 2
364 792 2
364 658 2
365 368 2
365 426 2
365 757 2
365 855 2
365 976 2
365 674 2
366 583 2
366 671 2
366 609 2
367 413 2
367 594 2
367 773 2
367 795 2
367 850 2
367 958 2
368 426 2
368 757 2
368 855 2
368 930 2
368 457 2
368 948 2
369 914 2
369 494 2
369 831 2
370 757 2
370 967 2
371 497 2
371 870 2
372 509 2
372 640 2
372 698 2
372 908 2
372 834 2
373 847 2
373 419 2
373 731 2
374 442 2
374 748 2
375 460 2
375 406 2
375 521 2
376 747 2
376 411 2
376 456 2
376 508 2
376 622 2
376 629 2
376 733 2
376 779 2
376 845 2
376 899 2
377 638 2
378 523 2
378 629 2
378 697 2
378 755 2
378 432 2
378 618 2
378 782 2
378 798 2
378 851 2
379 846 2
379 624 2
380 437 2
380 807 2
380 857 2
380 916 2
380 944 2
381 808 2
381 961 2
382 404 2
382 537 2
382 755 2
382 796 2
382 922 2
383 626 2
384 859 2
384 463 2
384 538 2
384 709 2
384 895 2
385 419 2
385 440 2
385 452 2
385 529 2
385 632 2
385 807 2
386 922 2
386 724 2
387 540 2
388 654 2
388 817 2
388 492 2
388 601 2
389 505 2
389 701 2
389 441 2
389 481 2
389 704 2
389 772 2
389 877 2
389 906 2
389 909 2
389 942 2
390 641 2
390 819 2
390 549 2
391 510 2
391 566 2
391 759 2
391 809 2
391 849 2
391 504 2
391 594 2
392 511 2
392 621 2
392 635 2
392 829 2
392 842 2
392 933 2
392 911 2
393 527 2
393 833 2
394 395 2
394 433 2
394 650 2
394 748 2
394 926 2
394 990 2
394 400 2
394 790 2
394 815 2
395 433 2
395 547 2
395 650 2
395 466 2
395 471 2
395 804 2
396 539 2
396 461 2
396 543 2
396 799 2
397 409 2
397 570 2
397 666 2
397 677 2
397 786 2
397 840 2
398 869 2
398 669 2
399 932 2
400 475 2
400 567 2
401 402 2
401 543 2
401 558 2
401 752 2
401 823 2
401 845 2
401 412 2
401 478 2
401 607 2
401 982 2
402 752 2
402 845 2
402 657 2
402 992 2
403 586 2
403 996 2
403 447 2
403 577 2
403 644 2
403 679 2
403 687 2
403 744 2
403 823 2
403 949 2
403 956 2
404 501 2
404 703 2
404 922 2
405 431 2
405 471 2
405 992 2
405 558 2
405 746 2
405 829 2
405 912 2
405 920 2
406 541 2
406 636 2
407 642 2
407 743 2
407 459 2
408 753 2
408 708 2
408 801 2
409 570 2
409 677 2
409 732 2
409 786 2
409 828 2
409 929 2
409 936 2
409 951 2
410 580 2
410 890 2
410 981 2
410 645 2
411 456 2
411 508 2
411 725 2
411 733 2
411 779 2
411 875 2
412 858 2
412 569 2
412 982 2
413 594 2
413 795 2
413 635 2
413 791 2
414 468 2
414 712 2
414 785 2
414 838 2
414 886 2
414 896 2
414 422 2
415 489 2
415 782 2
415 445 2
415 743 2
416 709 2
416 735 2
417 681 2
417 927 2
417 844 2
418 538 2
418 880 2
418 997 2
419 530 2
419 731 2
419 777 2
420 974 2
420 505 2
423 441 2
423 451 2
423 670 2
423 772 2
424 532 2
424 691 2
424 775 2
424 836 2
424 663 2
426 472 2
426 766 2
426 793 2
428 473 2
428 805 2
428 873 2
429 566 2
429 580 2
429 737 2
429 784 2
429 795 2
429 881 2
430 719 2
430 837 2
430 947 2
430 698 2
431 448 2
431 576 2
431 648 2
431 711 2
433 650 2
433 748 2
433 926 2
433 988 2
433 990 2
433 562 2
433 904 2
434 895 2
435 486 2
435 649 2
435 691 2
436 440 2
436 524 2
436 796 2
436 451 2
439 825 2
439 893 2
439 510 2
439 546 2
439 838 2
440 488 2
440 524 2
440 452 2
440 807 2
441 670 2
441 481 2
441 704 2
441 841 2
441 877 2
442 468 2
442 986 2
443 765 2
443 774 2
443 572 2
445 610 2
445 449 2
445 490 2
446 585 2
446 626 2
446 565 2
446 637 2
446 947 2
447 577 2
447 644 2
447 781 2
447 932 2
448 742 2
448 576 2
449 611 2
449 490 2
449 554 2
450 454 2
451 466 2
451 648 2
451 659 2
451 767 2
451 789 2
451 925 2
451 941 2
451 944 2
452 488 2
453 506 2
453 508 2
454 464 2
455 710 2
455 737 2
455 506 2
455 650 2
455 763 2
455 902 2
455 964 2
456 805 2
456 508 2
456 725 2
456 875 2
456 899 2
456 978 2
457 536 2
457 865 2
457 912 2
457 556 2
457 842 2
457 948 2
458 651 2
458 910 2
458 523 2
459 465 2
459 531 2
459 571 2
460 962 2
460 500 2
460 872 2
461 715 2
461 656 2
461 799 2
462 677 2
462 945 2
463 917 2
463 538 2
463 709 2
464 783 2
465 531 2
465 885 2
466 518 2
466 648 2
466 659 2
466 762 2
466 767 2
466 800 2
466 471 2
466 804 2
467 503 2
467 699 2
467 928 2
467 952 2
467 953 2
467 667 2
467 821 2
467 960 2
468 785 2
468 838 2
468 866 2
468 986 2
469 788 2
470 758 2
470 696 2
470 934 2
470 974 2
471 992 2
471 804 2
473 747 2
473 873 2
475 939 2
475 701 2
475 935 2
475 953 2
476 623 2
476 721 2
476 802 2
477 493 2
477 521 2
477 600 2
477 892 2
478 615 2
478 620 2
478 516 2
478 607 2
478 621 2
478 749 2
479 640 2
479 680 2
479 767 2
479 929 2
480 977 2
481 704 2
481 841 2
481 906 2
482 485 2
482 672 2
482 685 2
482 688 2
484 749 2
484 839 2
485 598 2
485 806 2
485 685 2
486 617 2
487 514 2
487 769 2
487 921 2
487 721 2
488 574 2
488 705 2
490 554 2
490 936 2
492 601 2
493 521 2
493 678 2
493 784 2
493 871 2
494 680 2
494 693 2
495 568 2
495 585 2
496 597 2
496 728 2
496 561 2
496 631 2
496 888 2
497 870 2
497 973 2
498 593 2
498 801 2
498 595 2
498 864 2
499 851 2
499 919 2
499 524 2
499 814 2
500 803 2
500 858 2
501 827 2
501 659 2
502 667 2
502 888 2
504 557 2
504 627 2
504 730 2
506 508 2
506 529 2
506 604 2
506 646 2
506 902 2
506 987 2
507 643 2
507 861 2
508 529 2
508 725 2
508 899 2
509 908 2
510 566 2
510 998 2
511 621 2
511 635 2
511 589 2
512 660 2
512 891 2
512 968 2
512 950 2
513 551 2
514 921 2
514 647 2
515 552 2
515 579 2
515 661 2
515 985 2
516 621 2
516 868 2
517 685 2
517 714 2
517 900 2
517 950 2
517 697 2
518 762 2
518 800 2
519 708 2
519 545 2
519 668 2
520 537 2
520 587 2
520 686 2
520 728 2
521 678 2
521 784 2
521 810 2
524 681 2
524 814 2
525 906 2
527 528 2
527 764 2
527 884 2
527 941 2
528 753 2
528 884 2
529 646 2
529 632 2
530 575 2
531 571 2
531 885 2
531 584 2
532 575 2
532 683 2
532 718 2
532 885 2
533 581 2
533 689 2
533 951 2
534 563 2
534 832 2
535 600 2
536 865 2
536 912 2
536 773 2
537 553 2
537 755 2
538 880 2
538 709 2
539 553 2
543 558 2
543 823 2
544 618 2
544 810 2
544 868 2
544 582 2
544 816 2
545 668 2
546 838 2
549 551 2
549 751 2
549 973 2
549 588 2
550 741 2
550 815 2
550 948 2
550 723 2
550 771 2
551 973 2
554 787 2
554 936 2
556 624 2
556 729 2
556 777 2
556 842 2
556 919 2
557 627 2
557 730 2
558 732 2
558 829 2
558 860 2
558 920 2
559 786 2
559 886 2
560 573 2
560 843 2
560 905 2
561 911 2
561 631 2
561 888 2
562 830 2
563 832 2
563 787 2
564 839 2
564 671 2
564 756 2
565 822 2
565 637 2
565 883 2
565 940 2
566 867 2
567 959 2
568 700 2
569 633 2
570 732 2
570 786 2
570 840 2
572 662 2
572 668 2
573 843 2
574 967 2
574 705 2
574 734 2
575 836 2
576 665 2
576 982 2
576 648 2
577 949 2
578 678 2
578 693 2
579 661 2
580 981 2
580 692 2
580 737 2
580 795 2
580 881 2
580 999 2
581 689 2
581 612 2
581 699 2
581 925 2
582 975 2
582 816 2
583 671 2
583 889 2
583 596 2
584 892 2
584 820 2
586 996 2
586 690 2
587 606 2
590 591 2
590 682 2
590 921 2
591 770 2
591 675 2
591 682 2
591 855 2
592 617 2
592 707 2
592 902 2
592 822 2
593 801 2
593 662 2
594 773 2
594 795 2
594 999 2
595 828 2
595 864 2
595 952 2
597 756 2
597 909 2
597 985 2
598 806 2
602 604 2
603 653 2
604 661 2
604 792 2
605 608 2
605 942 2
606 688 2
606 923 2
606 938 2
607 804 2
607 954 2
607 987 2
608 942 2
609 665 2
610 717 2
610 758 2
612 638 2
612 729 2
614 669 2
615 881 2
616 625 2
616 789 2
618 810 2
620 783 2
621 749 2
621 868 2
622 740 2
622 845 2
623 802 2
623 918 2
624 954 2
625 789 2
627 730 2
629 697 2
629 720 2
629 755 2
629 768 2
630 830 2
634 682 2
634 945 2
634 857 2
634 991 2
635 842 2
635 791 2
636 790 2
637 816 2
637 860 2
637 883 2
637 947 2
638 656 2
638 734 2
638 934 2
638 729 2
638 741 2
639 797 2
639 907 2
640 698 2
640 767 2
640 929 2
641 946 2
641 963 2
642 869 2
642 887 2
643 814 2
643 861 2
644 931 2
644 932 2
645 856 2
646 759 2
648 767 2
648 789 2
648 941 2
649 691 2
649 738 2
650 926 2
652 808 2
652 956 2
653 813 2
653 867 2
654 817 2
655 827 2
655 989 2
656 734 2
656 934 2
657 992 2
660 891 2
661 792 2
661 988 2
662 668 2
663 744 2
665 982 2
667 735 2
667 761 2
667 888 2
669 716 2
671 889 2
671 756 2
672 994 2
672 688 2
674 958 2
675 977 2
675 855 2
675 889 2
675 914 2
676 727 2
676 970 2
677 929 2
677 910 2
678 784 2
678 693 2
679 687 2
679 744 2
681 927 2
681 719 2
682 945 2
683 718 2
683 885 2
683 938 2
684 894 2
684 966 2
685 714 2
686 728 2
689 998 2
690 722 2
690 904 2
691 775 2
691 957 2
691 738 2
692 799 2
694 798 2
694 754 2
694 837 2
695 713 2
695 834 2
695 924 2
696 974 2
697 755 2
699 778 2
699 928 2
699 752 2
699 925 2
701 935 2
704 877 2
705 820 2
705 824 2
705 734 2
707 811 2
707 902 2
707 863 2
708 801 2
708 981 2
710 737 2
710 779 2
710 897 2
712 896 2
712 913 2
713 834 2
714 983 2
716 900 2
717 818 2
719 837 2
719 947 2
723 771 2
725 746 2
725 793 2
725 997 2
726 887 2
729 741 2
730 897 2
731 995 2
731 777 2
732 860 2
733 779 2
735 761 2
735 940 2
735 979 2
736 850 2
737 779 2
737 999 2
739 978 2
740 813 2
741 815 2
741 948 2
744 823 2
745 943 2
745 806 2
746 793 2
747 899 2
747 991 2
748 988 2
748 990 2
748 962 2
750 882 2
755 796 2
756 909 2
756 985 2
757 855 2
757 930 2
757 967 2
759 809 2
759 849 2
761 940 2
762 800 2
762 972 2
763 876 2
763 883 2
763 964 2
766 780 2
766 793 2
767 941 2
767 929 2
768 920 2
769 879 2
770 824 2
770 826 2
771 826 2
771 854 2
772 924 2
772 909 2
772 969 2
773 999 2
775 957 2
776 972 2
778 825 2
782 798 2
782 851 2
785 838 2
785 866 2
785 886 2
787 875 2
788 856 2
789 925 2
790 831 2
790 852 2
790 815 2
791 844 2
792 988 2
794 971 2
794 994 2
795 881 2
802 918 2
803 858 2
804 954 2
804 987 2
807 857 2
807 894 2
808 956 2
809 913 2
815 948 2
816 860 2
819 852 2
820 824 2
821 949 2
821 865 2
821 960 2
824 826 2
825 893 2
827 989 2
828 951 2
828 961 2
828 952 2
830 907 2
831 852 2
838 866 2
840 980 2
842 933 2
843 937 2
846 862 2
848 986 2
849 990 2
851 919 2
851 963 2
853 901 2
855 930 2
857 916 2
857 870 2
869 887 2
875 978 2
876 883 2
878 960 2
880 968 2
880 976 2
882 928 2
884 937 2
889 914 2
891 968 2
894 966 2
900 950 2
903 927 2
907 955 2
909 985 2
909 969 2
923 938 2
925 944 2
929 936 2
952 953 2
952 993 2
953 993 2
954 987 2
959 984 2
968 976 2
971 994 2
0 0 -136
1 1 -116
2 2 -81
3 3 -109
4 4 -84
5 5 -115
6 6 -56
7 7 -130
8 8 -97
9 9 -90
10 10 -72
11 11 -54
12 12 -53
13 13 -92
14 14 -13
15 15 -34
16 16 -62
17 17 -37
18 18 -46
19 19 -39
20 20 -62
21 21 -44
22 22 -27
23 23 -43
24 24 -48
25 25 -73
26 26 -54
27 27 -28
28 28 -43
29 29 -41
30 30 -43
31 31 -37
32 32 -25
33 33 -25
34 34 -27
35 35 -14
36 36 -40
37 37 -22
38 38 -30
39 39 -11
40 40 -42
41 41 -15
42 42 -24
43 43 -16
44 44 -19
45 45 -24
46 46 -35
47 47 -38
48 48 -12
49 49 -24
50 50 -27
51 51 -18
52 52 -17
53 53 -45
54 54 -32
55 55 -34
56 56 -20
57 57 -21
58 58 -42
59 59 -28
60 60 -30
61 61 -23
62 62 -21
63 63 -19
64 64 -22
65 65 -32
66 66 -23
67 67 -35
68 68 -21
69 69 -25
70 70 -29
71 71 -18
72 72 -12
73 73 -17
74 74 -19
75 75 -16
76 76 -27
77 77 -13
78 78 -13
79 79 -20
80 80 -17
81 81 -7
82 82 -20
83 83 -26
84 84 -18
85 85 -21
86 86 -9
87 87 -21
88 88 -31
89 89 -44
90 90 -21
91 91 -15
92 92 -31
93 93 -13
94 94 -19
95 95 -25
96 96 -28
97 97 -14
98 98 -22
99 99 -19
100 100 -11
101 101 -14
102 102 -17
103 103 -20
104 104 -19
105 105 -19
106 106 -21
107 107 -13
108 108 -8
109 109 -20
110 110 -13
111 111 -20
112 112 -28
113 113 -10
114 114 -25
115 115 -16
116 116 -12
117 117 -14
118 118 -16
119 119 -16
120 120 -15
121 121 -9
122 122 -28
123 123 -16
124 124 -16
125 125 -27
126 126 -12
127 127 -23
128 128 -16
129 129 -22
130 130 -13
131 131 -25
132 132 -11
133 133 -18
134 134 -29
135 135 -14
136 136 -26
137 137 -22
138 138 -17
139 139 -16
140 140 -16
141 141 -11
142 142 -11
143 143 -13
144 144 -12
145 145 -15
146 146 -14
147 147 -11
148 148 -17
149 149 -8
150 150 -17
151 151 -21
152 152 -17
153 153 -9
154 154 -10
155 155 -8
156 156 -12
157 157 -7
158 158 -10
159 159 -10
160 160 -10
161 161 -12
162 162 -9
163 163 -11
164 164 -11
165 165 -16
166 166 -15
167 167 -11
168 168 -15
169 169 -19
170 170 -14
171 171 -13
172 172 -12
173 173 -16
174 174 -24
175 175 -9
176 176 -15
177 177 -14
178 178 -14
179 179 -9
180 180 -10
181 181 -10
182 182 -14
183 183 -7
184 184 -11
185 185 -12
186 186 -23
187 187 -17
188 188 -16
189 189 -17
190 190 -9
191 191 -13
192 192 -15
193 193 -10
194 194 -15
195 195 -8
196 196 -18
197 197 -9
198 198 -15
199 199 -17
200 200 -8
201 201 -8
202 202 -12
203 203 -15
204 204 -16
205 205 -11
206 206 -8
207 207 -18
208 208 -16
209 209 -14
210 210 -16
211 211 -11
212 212 -24
213 213 -14
214 214 -18
215 215 -12
216 216 -17
217 217 -8
218 218 -13
219 219 -11
220 220 -11
221 221 -14
222 222 -15
223 223 -12
224 224 -13
225 225 -9
226 226 -10
227 227 -8
228 228 -22
229 229 -11
230 230 -12
231 231 -16
232 232 -5
233 233 -15
234 234 -8
235 235 -9
236 236 -15
237 237 -18
238 238 -12
239 239 -10
240 240 -8
241 241 -15
242 242 -17
243 243 -25
244 244 -11
245 245 -14
246 246 -16
247 247 -17
248 248 -11
249 249 -12
250 250 -11
251 251 -15
252 252 -10
253 253 -10
254 254 -16
255 255 -11
256 256 -8
257 257 -7
258 258 -10
259 259 -12
260 260 -10
261 261 -12
262 262 -10
263 263 -13
264 264 -21
265 265 -12
266 266 -16
267 267 -12
268 268 -8
269 269 -12
270 270 -12
271 271 -13
272 272 -13
273 273 -12
274 274 -13
275 275 -13
276 276 -11
277 277 -20
278 278 -18
279 279 -8
280 280 -9
281 281 -15
282 282 -14
283 283 -8
284 284 -9
285 285 -11
286 286 -13
287 287 -12
288 288 -9
289 289 -13
290 290 -8
291 291 -20
292 292 -10
293 293 -9
294 294 -8
295 295 -8
296 296 -6
297 297 -11
298 298 -11
299 299 -16
300 300 -15
301 301 -17
302 302 -9
303 303 -13
304 304 -11
305 305 -10
306 306 -13
307 307 -11
308 308 -11
309 309 -11
310 310 -8
311 311 -12
312 312 -9
313 313 -14
314 314 -13
315 315 -11
316 316 -7
317 317 -9
318 318 -10
319 319 -12
320 320 -7
321 321 -12
322 322 -10
323 323 -12
324 324 -8
325 325 -6
326 326 -11
327 327 -9
328 328 -7
329 329 -11
330 330 -9
331 331 -12
332 332 -11
333 333 -10
334 334 -7
335 335 -12
336 336 -8
337 337 -11
338 338 -11
339 339 -13
340 340 -12
341 341 -10
342 342 -15
343 343 -9
344 344 -9
345 345 -10
346 346 -7
347 347 -13
348 348 -9
349 349 -8
350 350 -12
351 351 -11
352 352 -16
353 353 -9
354 354 -13
355 355 -11
356 356 -8
357 357 -8
358 358 -7
359 359 -9
360 360 -8
361 361 -10
362 362 -13
363 363 -7
364 364 -8
365 365 -12
366 366 -9
367 367 -12
368 368 -12
369 369 -9
370 370 -8
371 371 -8
372 372 -11
373 373 -9
374 374 -8
375 375 -9
376 376 -16
377 377 -7
378 378 -15
379 379 -8
380 380 -11
381 381 -8
382 382 -11
383 383 -7
384 384 -11
385 385 -12
386 386 -8
387 387 -7
388 388 -10
389 389 -16
390 390 -9
391 391 -13
392 392 -13
393 393 -8
394 394 -15
395 395 -12
396 396 -10
397 397 -12
398 398 -8
399 399 -7
400 400 -8
401 401 -16
402 402 -10
403 403 -17
404 404 -9
405 405 -14
406 406 -8
407 407 -9
408 408 -9
409 409 -14
410 410 -10
411 411 -12
412 412 -9
413 413 -10
414 414 -13
415 415 -10
416 416 -8
417 417 -9
418 418 -9
419 419 -9
420 420 -8
421 421 -6
422 422 -6
423 423 -10
424 424 -11
425 425 -6
426 426 -9
427 427 -6
428 428 -9
429 429 -12
430 430 -10
431 431 -10
432 432 -6
433 433 -13
434 434 -7
435 435 -9
436 436 -10
437 437 -6
438 438 -6
439 439 -11
440 440 -10
441 441 -11
442 442 -8
443 443 -9
444 444 -6
445 445 -9
446 446 -11
447 447 -10
448 448 -8
449 449 -9
450 450 -7
451 451 -14
452 452 -6
453 453 -8
454 454 -7
455 455 -13
456 456 -12
457 457 -12
458 458 -9
459 459 -8
460 460 -9
461 461 -9
462 462 -8
463 463 -9
464 464 -7
465 465 -8
466 466 -14
467 467 -14
468 468 -10
469 469 -7
470 470 -10
471 471 -8
472 472 -6
473 473 -8
474 474 -6
475 475 -9
476 476 -9
477 477 -10
478 478 -12
479 479 -10
480 480 -7
481 481 -9
482 482 -10
483 483 -6
484 484 -8
485 485 -9
486 486 -7
487 487 -10
488 488 -8
489 489 -6
490 490 -8
491 491 -6
492 492 -7
493 493 -10
494 494 -8
495 495 -8
496 496 -11
497 497 -8
498 498 -10
499 499 -10
500 500 -8
501 501 -8
502 502 -8
503 503 -6
504 504 -9
505 505 -6
506 506 -12
507 507 -8
508 508 -9
509 509 -7
510 510 -8
511 511 -9
512 512 -10
513 513 -7
514 514 -8
515 515 -10
516 516 -8
517 517 -11
518 518 -8
519 519 -9
520 520 -10
521 521 -9
522 522 -5
523 523 -6
524 524 -8
525 525 -7
526 526 -6
527 527 -10
528 528 -7
529 529 -8
530 530 -7
531 531 -9
532 532 -10
533 533 -9
534 534 -8
535 535 -7
536 536 -9
537 537 -8
538 538 -8
539 539 -7
540 540 -6
541 541 -6
542 542 -6
543 543 -8
544 544 -11
545 545 -7
546 546 -7
547 547 -6
548 548 -6
549 549 -10
550 550 -11
551 551 -7
552 552 -6
553 553 -6
554 554 -8
555 555 -6
556 556 -11
557 557 -8
558 558 -10
559 559 -8
560 560 -9
561 561 -9
562 562 -7
563 563 -8
564 564 -9
565 565 -10
566 566 -7
567 567 -7
568 568 -7
569 569 -7
570 570 -9
571 571 -6
572 572 -8
573 573 -7
574 574 -9
575 575 -7
576 576 -9
577 577 -7
578 578 -7
579 579 -7
580 580 -12
581 581 -10
582 582 -8
583 583 -9
584 584 -8
585 585 -6
586 586 -8
587 587 -7
588 588 -6
589 589 -6
590 590 -9
591 591 -10
592 592 -10
593 593 -8
594 594 -9
595 595 -9
596 596 -6
597 597 -9
598 598 -7
599 599 -6
600 600 -6
601 601 -6
602 602 -7
603 603 -7
604 604 -8
605 605 -8
606 606 -9
607 607 -9
608 608 -7
609 609 -7
610 610 -8
611 611 -6
612 612 -8
613 613 -6
614 614 -7
615 615 -7
616 616 -8
617 617 -6
618 618 -7
619 619 -6
620 620 -7
621 621 -8
622 622 -8
623 623 -8
624 624 -7
625 625 -7
626 626 -6
627 627 -7
628 628 -6
629 629 -10
630 630 -7
631 631 -6
632 632 -6
633 633 -6
634 634 -10
635 635 -8
636 636 -7
637 637 -10
638 638 -11
639 639 -8
640 640 -9
641 641 -8
642 642 -8
643 643 -8
644 644 -7
645 645 -7
646 646 -7
647 647 -6
648 648 -9
649 649 -8
650 650 -7
651 651 -6
652 652 -8
653 653 -8
654 654 -7
655 655 -8
656 656 -8
657 657 -7
658 658 -6
659 659 -6
660 660 -7
661 661 -8
662 662 -7
663 663 -7
664 664 -6
665 665 -7
666 666 -6
667 667 -9
668 668 -6
669 669 -7
670 670 -6
671 671 -8
672 672 -8
673 673 -6
674 674 -7
675 675 -10
676 676 -8
677 677 -8
678 678 -8
679 679 -8
680 680 -6
681 681 -8
682 682 -7
683 683 -9
684 684 -8
685 685 -7
686 686 -7
687 687 -6
688 688 -6
689 689 -7
690 690 -7
691 691 -9
692 692 -7
693 693 -6
694 694 -9
695 695 -9
696 696 -7
697 697 -7
698 698 -6
699 699 -10
700 700 -6
701 701 -7
702 702 -6
703 703 -6
704 704 -7
705 705 -9
706 706 -6
707 707 -9
708 708 -8
709 709 -6
710 710 -9
711 711 -6
712 712 -8
713 713 -7
714 714 -7
715 715 -6
716 716 -7
717 717 -7
718 718 -6
719 719 -8
720 720 -6
721 721 -6
722 722 -6
723 723 -7
724 724 -6
725 725 -9
726 726 -7
727 727 -6
728 728 -6
729 729 -7
730 730 -7
731 731 -8
732 732 -7
733 733 -7
734 734 -6
735 735 -9
736 736 -7
737 737 -8
738 738 -6
739 739 -7
740 740 -7
741 741 -8
742 742 -6
743 743 -6
744 744 -7
745 745 -8
746 746 -7
747 747 -8
748 748 -9
749 749 -6
750 750 -7
751 751 -6
752 752 -6
753 753 -6
754 754 -6
755 755 -7
756 756 -8
757 757 -9
758 758 -6
759 759 -8
760 760 -6
761 761 -7
762 762 -8
763 763 -9
764 764 -6
765 765 -6
766 766 -8
767 767 -8
768 768 -7
769 769 -7
770 770 -8
771 771 -8
772 772 -9
773 773 -7
774 774 -6
775 775 -7
776 776 -7
777 777 -6
778 778 -7
779 779 -6
780 780 -6
781 781 -5
782 782 -8
783 783 -6
784 784 -6
785 785 -9
786 786 -6
787 787 -7
788 788 -7
789 789 -7
790 790 -9
791 791 -7
792 792 -7
793 793 -6
794 794 -8
795 795 -7
796 796 -6
797 797 -5
798 798 -6
799 799 -6
800 800 -6
801 801 -6
802 802 -7
803 803 -7
804 804 -8
805 805 -6
806 806 -6
807 807 -8
808 808 -7
809 809 -7
810 810 -6
811 811 -6
812 812 -6
813 813 -6
814 814 -6
815 815 -7
816 816 -7
817 817 -5
818 818 -6
819 819 -7
820 820 -7
821 821 -9
822 822 -6
823 823 -6
824 824 -7
825 825 -7
826 826 -6
827 827 -7
828 828 -9
829 829 -6
830 830 -7
831 831 -7
832 832 -6
833 833 -6
834 834 -6
835 835 -6
836 836 -6
837 837 -6
838 838 -7
839 839 -6
840 840 -7
841 841 -6
842 842 -7
843 843 -7
844 844 -6
845 845 -6
846 846 -7
847 847 -6
848 848 -7
849 849 -7
850 850 -6
851 851 -8
852 852 -6
853 853 -7
854 854 -6
855 855 -7
856 856 -6
857 857 -8
858 858 -6
859 859 -6
860 860 -6
861 861 -6
862 862 -6
863 863 -6
864 864 -6
865 865 -6
866 866 -6
867 867 -6
868 868 -6
869 869 -7
870 870 -6
871 871 -6
872 872 -6
873 873 -6
874 874 -6
875 875 -7
876 876 -7
877 877 -6
878 878 -7
879 879 -6
880 880 -8
881 881 -6
882 882 -7
883 883 -6
884 884 -7
885 885 -6
886 886 -6
887 887 -6
888 888 -6
889 889 -7
890 890 -6
891 891 -7
892 892 -6
893 893 -6
894 894 -7
895 895 -6
896 896 -6
897 897 -6
898 898 -6
899 899 -5
900 900 -7
901 901 -6
902 902 -6
903 903 -7
904 904 -6
905 905 -5
906 906 -6
907 907 -7
908 908 -6
909 909 -8
910 910 -6
911 911 -6
912 912 -6
913 913 -6
914 914 -6
915 915 -6
916 916 -6
917 917 -6
918 918 -6
919 919 -6
920 920 -6
921 921 -6
922 922 -6
923 923 -7
924 924 -6
925 925 -7
926 926 -6
927 927 -6
928 928 -6
929 929 -7
930 930 -6
931 931 -6
932 932 -6
933 933 -6
934 934 -6
935 935 -6
936 936 -6
937 937 -6
938 938 -6
939 939 -6
940 940 -6
941 941 -6
942 942 -6
943 943 -6
944 944 -6
945 945 -6
946 946 -6
947 947 -6
948 948 -6
949 949 -6
950 950 -6
951 951 -6
952 952 -8
953 953 -7
954 954 -7
955 955 -6
956 956 -6
957 957 -6
958 958 -6
959 959 -7
960 960 -6
961 961 -6
962 962 -6
963 963 -6
964 964 -6
965 965 -6
966 966 -6
967 967 -6
968 968 -7
969 969 -6
970 970 -6
971 971 -7
972 972 -6
973 973 -6
974 974 -6
975 975 -6
976 976 -6
977 977 -6
978 978 -6
979 979 -6
980 980 -6
981 981 -6
982 982 -6
983 983 -6
984 984 -5
985 985 -6
986 986 -6
987 987 -6
988 988 -6
989 989 -5
990 990 -6
991 991 -6
992 992 -6
993 993 -6
994 994 -6
995 995 -6
996 996 -6
997 997 -6
998 998 -6
999 999 -6